Timestamp,Milliseconds,X,Y,Z
2019-04-08 17:03:23,5,-0.86997986,4.3763123,8.065765
2019-04-08 17:03:23,22,-1.1201782,4.4361725,8.171112
2019-04-08 17:03:23,42,-1.1273651,4.315262,8.5924835
2019-04-08 17:03:23,61,-1.1680603,4.218292,9.1970215
2019-04-08 17:03:23,81,-0.86520386,4.0770416,8.505096
2019-04-08 17:03:23,102,-0.72753906,4.1596375,8.145966
2019-04-08 17:03:23,121,-0.9142761,4.1368866,8.274063
2019-04-08 17:03:23,141,-0.8999176,3.9058533,8.883377
2019-04-08 17:03:23,162,-0.91308594,4.130905,9.18985
2019-04-08 17:03:23,181,-1.1572876,4.5510864,8.604462
2019-04-08 17:03:23,201,-0.45698547,4.6109467,7.072174
2019-04-08 17:03:23,222,-0.6952057,5.135269,8.333908
2019-04-08 17:03:23,241,-0.802948,4.825226,7.8838043
2019-04-08 17:03:23,261,-0.04638672,4.3296204,7.7066345
2019-04-08 17:03:23,282,0.24212646,4.0842285,7.494751
2019-04-08 17:03:23,301,1.1626892,4.0327454,6.510727
2019-04-08 17:03:23,321,1.2668457,3.916626,6.2353973
2019-04-08 17:03:23,342,-6.0618134,5.932541,5.803238
2019-04-08 17:03:23,362,-3.5119934,2.3532104,4.906616
2019-04-08 17:03:23,381,-1.8743591,1.8588104,7.790436
2019-04-08 17:03:23,402,-0.52641296,1.6409454,9.333496
2019-04-08 17:03:23,421,1.6726532,1.8109283,8.104065
2019-04-08 17:03:23,441,1.3817596,2.142517,8.386581
2019-04-08 17:03:23,461,1.8785553,-0.17506409,6.9596405
2019-04-08 17:03:23,482,0.5162506,1.0124664,7.7389526
2019-04-08 17:03:23,501,2.9415894,1.4865112,4.8635254
2019-04-08 17:03:23,521,5.048477,1.4960938,4.561844
2019-04-08 17:03:23,543,2.9020844,1.5224304,5.3387756
2019-04-08 17:03:23,561,6.161789,0.61143494,3.4808655
2019-04-08 17:03:23,581,9.375992,1.7642365,3.8376007
2019-04-08 17:03:23,602,8.096298,1.821701,3.245041
2019-04-08 17:03:23,621,10.225937,0.6928406,1.6660614
2019-04-08 17:03:23,641,12.9158325,1.1812439,-0.42767334
2019-04-08 17:03:23,662,11.438599,0.81973267,1.4888916
2019-04-08 17:03:23,681,12.713516,0.87838745,-0.4264679
2019-04-08 17:03:23,702,13.6436615,0.08111572,-5.273529
2019-04-08 17:03:23,721,10.714355,0.07632446,-7.672516
2019-04-08 17:03:23,743,9.630981,-0.5174408,-6.0181274
2019-04-08 17:03:23,762,15.27771,0.2846222,-6.7339935
2019-04-08 17:03:23,781,11.281784,0.7502899,-9.925461
2019-04-08 17:03:23,802,7.9658203,-3.1534576,-3.7376556
2019-04-08 17:03:23,821,13.769363,-0.8071289,1.1249695
2019-04-08 17:03:23,843,8.508102,-2.0293732,-4.758774
2019-04-08 17:03:23,861,7.3588867,-3.4060364,-0.59407043
2019-04-08 17:03:23,882,9.301773,-2.6578522,3.5790253
2019-04-08 17:03:23,901,8.048416,-3.657425,-3.0565033
2019-04-08 17:03:23,921,9.142563,-4.538498,-4.64505
2019-04-08 17:03:24,944,8.534439,-3.1295013,-4.719269
2019-04-08 17:03:24,961,8.588303,-5.261551,-8.412323
2019-04-08 17:03:24,981,3.4874573,-4.7108765,-8.271072
2019-04-08 17:03:24,1002,5.2471924,-5.6637726,-5.107132
2019-04-08 17:03:24,1021,11.694778,-6.732788,1.99646
2019-04-08 17:03:24,1041,5.973831,-8.188461,-0.40013123
2019-04-08 17:03:24,1062,7.33374,-7.5851135,-3.1893768
2019-04-08 17:03:24,1081,8.333328,-6.645401,-4.157837
2019-04-08 17:03:24,1102,5.352539,-5.192108,-3.862152
2019-04-08 17:03:24,1121,3.6382904,-5.81221,-5.2280426
2019-04-08 17:03:24,1142,-4.4457245,-3.5700378,-0.69581604
2019-04-08 17:03:24,1162,10.781403,-8.419495,9.345459
2019-04-08 17:03:24,1181,3.9363708,-6.7184143,-10.744278
2019-04-08 17:03:24,1202,7.507324,-11.931793,-8.4219055
2019-04-08 17:03:24,1222,6.9303284,-11.062698,-2.9475555
2019-04-08 17:03:24,1241,5.055664,-11.849197,-5.123886
2019-04-08 17:03:24,1261,6.3389587,-6.737564,-4.5073853
2019-04-08 17:03:24,1282,4.05249,-2.922409,-6.012146
2019-04-08 17:03:24,1302,3.8118744,-4.147049,-5.8098297
2019-04-08 17:03:24,1321,5.066437,-10.79454,-1.4679413
2019-04-08 17:03:24,1341,4.830612,-6.803406,-4.166214
2019-04-08 17:03:24,1362,5.4674683,-6.8608704,-5.1813507
2019-04-08 17:03:24,1381,4.90123,-8.254303,-4.7695465
2019-04-08 17:03:24,1401,4.6630096,-8.365631,-5.055664
2019-04-08 17:03:24,1422,5.0065765,-7.2954254,-5.153824
2019-04-08 17:03:24,1441,4.7252655,-7.2475433,-4.5121765
2019-04-08 17:03:24,1461,5.1490326,-7.3624573,-4.193741
2019-04-08 17:03:24,1481,5.29628,-6.844116,-4.9359436
2019-04-08 17:03:24,1502,5.564438,-6.7160187,-4.637863
2019-04-08 17:03:24,1521,5.3106384,-6.2084503,-4.8294067
2019-04-08 17:03:24,1541,5.651825,-6.1773224,-4.6582184
2019-04-08 17:03:24,1562,5.577591,-5.166977,-3.6191406
2019-04-08 17:03:24,1581,5.4722595,-3.847763,-3.7783508
2019-04-08 17:03:24,1601,4.667801,-3.3354034,-4.3146515
2019-04-08 17:03:24,1621,2.651886,-3.5915833,-1.300354
2019-04-08 17:03:24,1642,4.323044,-7.773056,-6.4323273
2019-04-08 17:03:24,1661,9.304169,-16.655548,-15.110107
2019-04-08 17:03:24,1681,4.459503,-8.928268,-4.143463
2019-04-08 17:03:24,1702,2.0700989,-7.4665985,-3.5353394
2019-04-08 17:03:24,1721,4.3290253,-9.0312195,-5.0700226
2019-04-08 17:03:24,1741,3.869339,-6.7794647,-4.6713867
2019-04-08 17:03:24,1762,2.6075897,-8.662506,-5.3178253
2019-04-08 17:03:24,1781,4.2236786,-8.838486,-5.5967407
2019-04-08 17:03:24,1801,5.526123,-8.848053,-4.516968
2019-04-08 17:03:24,1822,4.5552673,-7.843689,-3.4694977
2019-04-08 17:03:24,1841,5.7846985,-8.366821,-6.3269806
2019-04-08 17:03:24,1862,5.9235535,-7.7658844,0.8197174
2019-04-08 17:03:24,1881,4.6821594,-7.606659,-4.932358
2019-04-08 17:03:24,1901,3.6682281,-5.7463684,-4.837784
2019-04-08 17:03:24,1922,3.702942,-7.006912,-4.5552673
2019-04-08 17:03:24,1941,4.619919,-7.1230316,-6.723221
2019-04-08 17:03:25,1962,3.6358948,-7.680893,-5.834976
2019-04-08 17:03:25,1982,3.9615173,-8.303375,-5.857712
2019-04-08 17:03:25,2001,3.1846008,-7.405548,-4.3972473
2019-04-08 17:03:25,2022,2.0497437,-6.886017,-5.3980255
2019-04-08 17:03:25,2042,4.147064,-7.4390717,-6.320999
2019-04-08 17:03:25,2061,3.9112396,-7.8700256,-6.289871
2019-04-08 17:03:25,2082,2.9320068,-8.208801,-5.5596313
2019-04-08 17:03:25,2101,2.0724945,-8.81694,-6.6956787
2019-04-08 17:03:25,2122,2.2927551,-7.0500183,-5.3393707
2019-04-08 17:03:25,2141,2.5202026,-7.9681854,-5.7619476
2019-04-08 17:03:25,2162,1.8091278,-8.529633,-5.936722
2019-04-08 17:03:25,2181,2.0581207,-7.7503204,-6.210861
2019-04-08 17:03:25,2202,1.6307526,-8.109451,-5.305847
2019-04-08 17:03:25,2221,1.6630859,-6.440689,-5.087982
2019-04-08 17:03:25,2241,1.2572632,-5.822983,-4.917984
2019-04-08 17:03:25,2262,1.0932617,-4.8760834,-5.2005005
2019-04-08 17:03:25,2281,-0.1230011,-7.783844,-5.96904
2019-04-08 17:03:25,2301,-0.022445679,-7.5683594,-4.64386
2019-04-08 17:03:25,2321,0.4659729,-9.911087,-6.2647247
2019-04-08 17:03:25,2342,0.7700348,-9.340073,-6.0456543
2019-04-08 17:03:25,2361,1.0597382,-10.376755,-5.400421
2019-04-08 17:03:25,2381,1.5505524,-10.355209,-4.740814
2019-04-08 17:03:25,2402,0.5018921,-12.014389,-6.489792
2019-04-08 17:03:25,2421,-4.0578613,-8.982132,-8.376419
2019-04-08 17:03:25,2441,1.6331482,-12.527954,-5.368103
2019-04-08 17:03:25,2461,0.845459,-10.968124,-6.6226654
2019-04-08 17:03:25,2482,1.113617,-10.992065,-5.415985
2019-04-08 17:03:25,2501,1.118393,-11.30571,-6.332962
2019-04-08 17:03:25,2521,-1.3057251,-3.9327698,-4.0381165
2019-04-08 17:03:25,2542,2.212555,-5.510544,-4.0764313
2019-04-08 17:03:25,2561,-0.049972534,-5.5285034,-4.0656586
2019-04-08 17:03:25,2581,-0.31452942,-8.053192,-4.048889
2019-04-08 17:03:25,2602,0.5988617,-9.991287,-6.8573
2019-04-08 17:03:25,2621,-0.0368042,-8.810944,-5.4135895
2019-04-08 17:03:25,2641,0.13796997,-8.225571,-5.0616455
2019-04-08 17:03:25,2662,0.31993103,-8.449432,-5.2998657
2019-04-08 17:03:25,2681,0.3462677,-8.547592,-5.672165
2019-04-08 17:03:25,2701,0.17507935,-8.44104,-5.7882843
2019-04-08 17:03:25,2721,0.18466187,-8.291412,-5.688919
2019-04-08 17:03:25,2741,0.35224915,-8.2686615,-5.688919
2019-04-08 17:03:25,2762,0.40971375,-8.378799,-5.9379272
2019-04-08 17:03:25,2781,0.31155396,-8.569138,-6.0289
2019-04-08 17:03:25,2802,0.074523926,-8.253098,-6.182129
2019-04-08 17:03:25,2821,0.4839325,-8.116638,-6.131851
2019-04-08 17:03:25,2842,0.51864624,-8.062759,-6.2635345
2019-04-08 17:03:25,2861,0.31394958,-8.034027,-6.2000885
2019-04-08 17:03:25,2882,0.38458252,-7.9909363,-6.1773376
2019-04-08 17:03:25,2901,0.6754761,-7.8939667,-6.403595
2019-04-08 17:03:25,2922,0.9160919,-7.8496704,-6.70047
2019-04-08 17:03:25,2941,1.0956573,-7.701233,-6.7351837
2019-04-08 17:03:26,2962,1.4715424,-7.47139,-6.633438
2019-04-08 17:03:26,2981,1.3278961,-7.5372314,-6.810608
2019-04-08 17:03:26,3002,0.8777771,-7.641388,-7.558792
2019-04-08 17:03:26,3021,0.68385315,-7.84729,-7.557602
2019-04-08 17:03:26,3041,0.24571228,-7.8963623,-7.044037
2019-04-08 17:03:26,3062,0.017059326,-7.7275696,-6.7567444
2019-04-08 17:03:26,3081,0.117614746,-7.9873505,-6.9398956
2019-04-08 17:03:26,3101,-0.0056762695,-8.061569,-7.1338196
2019-04-08 17:03:26,3121,-0.44621277,-8.093887,-7.3421173
2019-04-08 17:03:26,3142,-0.6161957,-8.069946,-6.992569
2019-04-08 17:03:26,3161,-0.8508301,-8.0160675,-6.7339935
2019-04-08 17:03:26,3181,-0.96336365,-8.0160675,-6.546051
2019-04-08 17:03:26,3201,-0.61021423,-7.914322,-6.7268066
2019-04-08 17:03:26,3222,-0.4953003,-7.7108154,-6.8369446
2019-04-08 17:03:26,3241,-0.72753906,-7.53244,-6.5292816
2019-04-08 17:03:26,3261,-0.49409485,-8.145355,-6.77948
2019-04-08 17:03:26,3282,-0.5024719,-8.345276,-6.881241
2019-04-08 17:03:26,3301,-0.60302734,-8.02446,-7.0931244
2019-04-08 17:03:26,3321,-0.3684082,-8.089096,-6.9398956
2019-04-08 17:03:26,3341,-0.96694946,-8.001709,-7.237976
2019-04-08 17:03:26,3362,-0.5934601,-8.135788,-6.2826843
2019-04-08 17:03:26,3381,-1.2638397,-7.9083405,-6.518509
2019-04-08 17:03:26,3401,-1.2291107,-7.4785767,-6.411972
2019-04-08 17:03:26,3422,-1.0232086,-7.5934906,-6.483795
2019-04-08 17:03:26,3441,-1.6265564,-7.7539062,-6.5640106
2019-04-08 17:03:26,3461,-1.5463562,-7.4151306,-6.605896
2019-04-08 17:03:26,3482,-1.510437,-6.8285522,-6.8321533
2019-04-08 17:03:26,3501,-1.297348,-7.1098633,-6.5520325
2019-04-08 17:03:26,3521,-1.4110718,-7.1146545,-6.9434814
2019-04-08 17:03:26,3542,-1.4685364,-6.9123535,-6.455063
2019-04-08 17:03:26,3562,-0.97055054,-7.0392456,-6.851303
2019-04-08 17:03:26,3581,-0.7598572,-7.120636,-6.7495575
2019-04-08 17:03:26,3602,-1.3260803,-6.8141785,-6.9111633
2019-04-08 17:03:26,3622,-1.2267303,-7.326538,-6.7746887
2019-04-08 17:03:26,3642,-1.699585,-7.61145,-6.490982
2019-04-08 17:03:26,3662,-2.0970154,-7.1864777,-6.9351044
2019-04-08 17:03:26,3682,-1.2398834,-7.668915,-6.6549835
2019-04-08 17:03:26,3701,-1.4745178,-7.84848,-6.36409
2019-04-08 17:03:26,3722,-1.5188141,-8.048401,-6.10791
2019-04-08 17:03:26,3741,-1.6229706,-8.297394,-6.341339
2019-04-08 17:03:26,3761,-0.62098694,-9.01445,-5.837372
2019-04-08 17:03:26,3782,-0.87597656,-8.272247,-5.4842224
2019-04-08 17:03:26,3801,-0.5647278,-7.5887146,-5.083191
2019-04-08 17:03:26,3821,-0.4953003,-7.3792114,-5.0185547
2019-04-08 17:03:26,3842,-2.5052338,-5.89122,-7.7898407
2019-04-08 17:03:26,3861,1.3829498,-8.729553,-7.0811462
2019-04-08 17:03:26,3881,0.6814575,-10.526398,-6.744766
2019-04-08 17:03:26,3902,-0.84724426,-9.147339,-8.978561
2019-04-08 17:03:26,3921,2.3573914,-10.045166,-5.703293
2019-04-08 17:03:26,3941,-0.25228882,-10.302536,-6.407181
2019-04-08 17:03:27,3961,-0.93463135,-8.42189,-6.4418945
2019-04-08 17:03:27,3981,-0.27742004,-8.10347,-5.734421
2019-04-08 17:03:27,4001,-0.5599365,-7.436676,-6.0097504
2019-04-08 17:03:27,4021,-0.24031067,-7.1421967,-5.6829376
2019-04-08 17:03:27,4042,0.2313385,-6.8884125,-6.6513977
2019-04-08 17:03:27,4061,0.90411377,-7.5408325,-7.3002167
2019-04-08 17:03:27,4081,1.0501556,-7.613846,-7.3576813
2019-04-08 17:03:27,4102,0.7329254,-8.029236,-6.9027863
2019-04-08 17:03:27,4121,0.8658142,-8.427872,-6.772293
2019-04-08 17:03:27,4141,1.5792847,-9.004883,-6.2467804
2019-04-08 17:03:27,4161,2.0341797,-9.40831,-6.565201
2019-04-08 17:03:27,4182,2.1826172,-9.071915,-6.9267273
2019-04-08 17:03:27,4201,1.9539795,-8.751099,-7.0787506
2019-04-08 17:03:27,4221,1.4176788,-7.4498444,-6.731598
2019-04-08 17:03:27,4241,0.6491394,-5.420761,-6.237198
2019-04-08 17:03:27,4261,0.9172821,-4.9874115,-5.6434326
2019-04-08 17:03:27,4282,1.1399384,-6.004944,-5.758362
2019-04-08 17:03:27,4301,0.87898254,-6.978195,-5.8098297
2019-04-08 17:03:27,4321,0.69462585,-6.899185,-6.3425446
2019-04-08 17:03:27,4342,1.3721771,-6.8213654,-6.463455
2019-04-08 17:03:27,4361,2.2400818,-7.8616486,-6.580765
2019-04-08 17:03:27,4381,2.6243439,-8.781021,-6.965027
2019-04-08 17:03:27,4402,1.2033844,-7.2164154,-8.8133545
2019-04-08 17:03:27,4421,1.473938,-7.0200806,-7.5204926
2019-04-08 17:03:27,4442,1.928833,-12.031143,-5.637451
2019-04-08 17:03:27,4462,1.5744934,-9.392746,-7.9634094
2019-04-08 17:03:27,4481,1.2333221,-6.3389435,-6.0576324
2019-04-08 17:03:27,4501,0.2995758,-7.495331,-6.0336914
2019-04-08 17:03:27,4522,1.9898834,-8.5212555,-7.7108307
2019-04-08 17:03:27,4542,2.4950562,-7.1362,-8.57753
2019-04-08 17:03:27,4561,1.1172028,-5.190918,-8.010101
2019-04-08 17:03:27,4582,1.4296417,-6.7639008,-5.991791
2019-04-08 17:03:27,4601,1.1291656,-6.856079,-6.6789246
2019-04-08 17:03:27,4622,1.2393036,-6.2599335,-6.704071
2019-04-08 17:03:27,4641,1.3961182,-5.937912,-6.739975
2019-04-08 17:03:27,4662,1.5780792,-7.59111,-8.044815
2019-04-08 17:03:27,4682,1.6247711,-7.503708,-8.394379
2019-04-08 17:03:27,4701,2.0054474,-7.1374054,-7.700058
2019-04-08 17:03:27,4721,2.6159668,-7.4582214,-7.3947906
2019-04-08 17:03:27,4742,2.054535,-7.1529694,-7.780258
2019-04-08 17:03:27,4761,1.5026703,-7.2439423,-7.656952
2019-04-08 17:03:27,4781,1.3697815,-7.0392456,-7.8173676
2019-04-08 17:03:27,4802,1.3781738,-6.7459564,-8.077133
2019-04-08 17:03:27,4821,2.0054474,-6.862076,-7.549225
2019-04-08 17:03:27,4841,1.5086517,-6.131836,-7.716812
2019-04-08 17:03:27,4861,2.1634674,-6.107895,-7.415146
2019-04-08 17:03:27,4881,1.4775238,-6.5963135,-8.376419
2019-04-08 17:03:27,4902,1.7923584,-6.9566345,-8.413528
2019-04-08 17:03:27,4921,2.102417,-7.2044373,-8.300995
2019-04-08 17:03:27,4941,1.707367,-6.423935,-7.9718018
2019-04-08 17:03:28,4962,1.5876617,-5.4889984,-7.5947113
2019-04-08 17:03:28,4981,1.707367,-5.961853,-7.4761963
2019-04-08 17:03:28,5001,1.5876617,-6.7196198,-8.134598
2019-04-08 17:03:28,5022,1.4607697,-6.3269653,-8.383591
2019-04-08 17:03:28,5041,1.7037811,-5.9594574,-8.335709
2019-04-08 17:03:28,5061,1.9300385,-6.46344,-8.426697
2019-04-08 17:03:28,5082,1.0202332,-6.2563324,-8.645767
2019-04-08 17:03:28,5101,0.67427063,-5.4973755,-8.3033905
2019-04-08 17:03:28,5121,1.0070648,-5.597931,-7.949051
2019-04-08 17:03:28,5142,1.4727325,-6.214432,-8.554779
2019-04-08 17:03:28,5161,1.0357971,-6.725601,-9.298187
2019-04-08 17:03:28,5181,0.6527252,-5.5285034,-9.403534
2019-04-08 17:03:28,5202,1.3147278,-4.7934723,-8.800186
2019-04-08 17:03:28,5222,1.0178375,-4.8533325,-8.909119
2019-04-08 17:03:28,5242,0.57969666,-4.563629,-8.658936
2019-04-08 17:03:28,5262,1.1195984,-4.4570923,-8.420715
2019-04-08 17:03:28,5281,1.0717163,-4.779114,-8.855255
2019-04-08 17:03:28,5302,0.9663696,-4.601944,-9.378387
2019-04-08 17:03:28,5321,-0.174469,-4.059662,-10.360016
2019-04-08 17:03:28,5342,-0.4486084,-4.0812073,-10.781387
2019-04-08 17:03:28,5362,-0.6545105,-4.737213,-9.990112
2019-04-08 17:03:28,5381,-0.5970459,-4.9095917,-9.147354
2019-04-08 17:03:28,5402,-0.2319336,-4.7587585,-8.725967
2019-04-08 17:03:28,5421,0.03501892,-4.8521423,-8.646957
2019-04-08 17:03:28,5442,0.45999146,-4.34816,-8.044815
2019-04-08 17:03:28,5461,1.2333221,-4.6989136,-7.7299805
2019-04-08 17:03:28,5482,1.4260559,-5.565613,-7.5528107
2019-04-08 17:03:28,5501,1.0836792,-5.982193,-7.9358826
2019-04-08 17:03:28,5522,1.0357971,-6.696869,-7.806595
2019-04-08 17:03:28,5541,-0.51564026,-6.6609497,-9.879974
2019-04-08 17:03:28,5561,-0.10623169,-5.657791,-10.508453
2019-04-08 17:03:28,5582,0.67427063,-5.685318,-11.038773
2019-04-08 17:03:28,5601,0.90052795,-5.2986603,-10.650909
2019-04-08 17:03:28,5621,0.44921875,-4.2835083,-10.862793
2019-04-08 17:03:28,5641,0.9053192,-3.3114624,-9.482544
2019-04-08 17:03:28,5662,0.6886444,-3.5377197,-10.39473
2019-04-08 17:03:28,5681,0.8873596,-3.3641357,-9.8129425
2019-04-08 17:03:28,5701,-0.06074524,-3.7747498,-9.220367
2019-04-08 17:03:28,5721,-0.87597656,-1.7588348,-9.251495
2019-04-08 17:03:28,5742,-0.25946045,-1.5457458,-9.982925
2019-04-08 17:03:28,5761,1.10643,-2.8769226,-9.589081
2019-04-08 17:03:28,5781,1.3877411,-4.044098,-8.984543
2019-04-08 17:03:28,5802,0.4719696,-3.7376404,-8.990524
2019-04-08 17:03:28,5821,-1.585846,-2.811081,-9.909897
2019-04-08 17:03:28,5841,-1.8815308,-3.277954,-10.325302
2019-04-08 17:03:28,5862,0.031433105,-3.20253,-9.838074
2019-04-08 17:03:28,5881,-0.28819275,-3.1773987,-10.148132
2019-04-08 17:03:28,5901,-1.5212097,-1.9395905,-10.20079
2019-04-08 17:03:28,5922,0.13557434,-1.6091919,-9.750687
2019-04-08 17:03:28,5941,0.21339417,-1.1686554,-9.709991
2019-04-08 17:03:29,5961,0.43006897,-1.320694,-8.345291
2019-04-08 17:03:29,5982,0.92326355,-0.9986725,-8.527252
2019-04-08 17:03:29,6001,0.44682312,-0.9819031,-8.672104
2019-04-08 17:03:29,6021,-0.5383911,-0.9328308,-10.103836
2019-04-08 17:03:29,6042,1.4799194,-2.443573,-8.7966
2019-04-08 17:03:29,6062,-0.78619385,-2.5596924,-10.286987
2019-04-08 17:03:29,6081,-0.17207336,-1.7624207,-9.902725
2019-04-08 17:03:29,6102,0.48872375,-1.9036713,-9.88237
2019-04-08 17:03:29,6121,-0.292984,-1.3973083,-10.393524
2019-04-08 17:03:29,6142,1.2823944,-2.0257874,-9.895538
2019-04-08 17:03:29,6162,0.9891052,-3.1139526,-10.462967
2019-04-08 17:03:29,6181,0.5222473,-2.5405426,-9.729141
2019-04-08 17:03:29,6202,0.88256836,-2.190979,-8.333313
2019-04-08 17:03:29,6221,-0.28819275,-1.7001648,-8.795395
2019-04-08 17:03:29,6242,-0.021240234,-2.4076538,-9.698013
2019-04-08 17:03:29,6261,0.79159546,-3.819046,-10.922653
2019-04-08 17:03:29,6282,1.7756042,-3.3665314,-9.494507
2019-04-08 17:03:29,6301,1.142334,-1.6295471,-9.574707
2019-04-08 17:03:29,6321,2.4962616,-1.4655457,-7.819763
2019-04-08 17:03:29,6342,1.0920563,-2.637497,-7.1086884
2019-04-08 17:03:29,6361,0.25169373,-2.1766205,-9.721954
2019-04-08 17:03:29,6381,1.102829,-3.3497772,-10.519226
2019-04-08 17:03:29,6402,3.5161896,-4.5205383,-9.753082
2019-04-08 17:03:29,6421,2.3538055,-3.6861572,-9.502884
2019-04-08 17:03:29,6441,2.2304993,-2.827835,-9.761459
2019-04-08 17:03:29,6461,1.6295624,-4.5013885,-8.467392
2019-04-08 17:03:29,6482,2.1072083,-3.4886322,-8.874405
2019-04-08 17:03:29,6501,2.268814,-4.290695,-8.3824005
2019-04-08 17:03:29,6521,2.6734314,-5.5572357,-9.7052
2019-04-08 17:03:29,6541,1.5242157,-5.4231567,-8.156143
2019-04-08 17:03:29,6562,1.3135223,-4.4235687,-8.645767
2019-04-08 17:03:29,6581,1.019043,-4.048889,-7.8975677
2019-04-08 17:03:29,6601,2.5118256,-6.083954,-9.462189
2019-04-08 17:03:29,6621,2.979889,-7.7551117,-8.888779
2019-04-08 17:03:29,6642,1.7229309,-6.744751,-8.132202
2019-04-08 17:03:29,6661,1.5062561,-6.3916016,-8.001724
2019-04-08 17:03:29,6681,1.4236603,-5.884033,-7.779068
2019-04-08 17:03:29,6702,2.1694489,-6.4658356,-8.139389
2019-04-08 17:03:29,6721,2.5345612,-8.798981,-6.949478
2019-04-08 17:03:29,6741,1.9958801,-8.461395,-6.841736
2019-04-08 17:03:29,6762,1.2189484,-6.569977,-7.4773865
2019-04-08 17:03:29,6781,2.241272,-8.563156,-7.8173676
2019-04-08 17:03:29,6801,1.7995453,-9.769821,-5.6829376
2019-04-08 17:03:29,6822,-0.39952087,-7.5180817,-5.3489532
2019-04-08 17:03:29,6841,0.46836853,-6.214432,-8.142975
2019-04-08 17:03:29,6861,2.6782227,-8.632584,-8.6349945
2019-04-08 17:03:29,6881,1.9324188,-8.414703,-8.116638
2019-04-08 17:03:29,6901,3.6430817,-8.3871765,-6.993759
2019-04-08 17:03:29,6922,3.2420502,-9.2885895,-6.5592194
2019-04-08 17:03:29,6942,2.3131104,-7.8173523,-6.376053
2019-04-08 17:03:30,6961,1.1986084,-7.1254272,-6.1246643
2019-04-08 17:03:30,6982,1.4918976,-7.551605,-5.4064026
2019-04-08 17:03:30,7001,1.7241364,-8.879181,-7.052429
2019-04-08 17:03:30,7022,0.46836853,-8.607437,-8.436264
2019-04-08 17:03:30,7041,0.2947998,-8.842072,-9.062347
2019-04-08 17:03:30,7062,0.6180115,-10.054733,-9.109039
2019-04-08 17:03:30,7081,2.149109,-10.1540985,-8.424301
2019-04-08 17:03:30,7102,1.9982605,-9.456192,-9.360428
2019-04-08 17:03:30,7121,1.1004486,-7.567169,-5.739197
2019-04-08 17:03:30,7142,1.1255798,-6.188095,-4.332611
2019-04-08 17:03:30,7161,1.7732086,-6.4538574,-5.0652313
2019-04-08 17:03:30,7182,0.6826477,-7.9047394,-7.3265533
2019-04-08 17:03:30,7201,0.8873596,-7.127823,-6.920746
2019-04-08 17:03:30,7221,1.9982605,-6.4227295,-7.131424
2019-04-08 17:03:30,7241,2.0892487,-5.855301,-6.3114166
2019-04-08 17:03:30,7261,2.8123016,-6.518509,-6.6753387
2019-04-08 17:03:30,7281,2.2951508,-6.9865723,-9.142563
2019-04-08 17:03:30,7301,2.6901855,-7.2846527,-9.219177
2019-04-08 17:03:30,7322,0.8885498,-5.041275,-7.154175
2019-04-08 17:03:30,7341,1.4751282,-5.7703094,-6.930313
2019-04-08 17:03:30,7361,2.5082245,-6.787842,-7.5480194
2019-04-08 17:03:30,7381,2.1862183,-7.3433075,-8.606262
2019-04-08 17:03:30,7402,1.6175842,-6.6908875,-8.670898
2019-04-08 17:03:30,7421,2.0641022,-6.449066,-8.324936
2019-04-08 17:03:30,7441,1.0956573,-5.47583,-9.23114
2019-04-08 17:03:30,7462,0.8741913,-5.3788605,-9.40593
2019-04-08 17:03:30,7481,0.80714417,-4.7539673,-8.59668
2019-04-08 17:03:30,7501,2.2161407,-4.6701813,-7.692871
2019-04-08 17:03:30,7521,3.1498718,-6.3161926,-9.88237
2019-04-08 17:03:30,7542,2.5309753,-6.6872864,-10.356415
2019-04-08 17:03:30,7561,1.8210907,-6.2874603,-8.775055
2019-04-08 17:03:30,7582,1.3470459,-5.420761,-7.471405
2019-04-08 17:03:30,7601,0.91130066,-4.7444,-9.666885
2019-04-08 17:03:30,7621,0.5042877,-4.3505554,-10.737091
2019-04-08 17:03:30,7642,-0.13017273,-3.4706879,-9.311356
2019-04-08 17:03:30,7661,0.83947754,-3.5054016,-8.818146
2019-04-08 17:03:30,7681,1.6211853,-4.6869354,-8.420715
2019-04-08 17:03:30,7702,0.9136963,-4.460678,-7.890396
2019-04-08 17:03:30,7721,0.021850586,-3.2947083,-9.07074
2019-04-08 17:03:30,7741,0.27923584,-3.6658173,-10.035599
2019-04-08 17:03:30,7762,1.0070648,-4.9886017,-11.403885
2019-04-08 17:03:30,7783,-0.54797363,-4.9203644,-11.063904
2019-04-08 17:03:30,7801,-0.6904144,-3.9722748,-9.252701
2019-04-08 17:03:30,7822,-1.4721222,-3.2683716,-11.341629
2019-04-08 17:03:30,7842,-0.1517334,-5.380066,-8.539215
2019-04-08 17:03:30,7861,-1.0663147,-3.3042908,-8.26149
2019-04-08 17:03:30,7882,-1.5918427,0.057174683,-7.641388
2019-04-08 17:03:30,7901,-1.8791504,0.5108795,-9.164108
2019-04-08 17:03:30,7922,-1.3751678,-0.20140076,-9.609436
2019-04-08 17:03:30,7941,0.012283325,-2.9654999,-9.219177
2019-04-08 17:03:31,7962,-0.93582153,-0.41448975,-9.707596
2019-04-08 17:03:31,7981,-1.7342987,2.486084,-8.390778
2019-04-08 17:03:31,8002,1.0405884,-1.48349,-9.15213
2019-04-08 17:03:31,8021,0.7329254,-4.3792877,-8.575134
2019-04-08 17:03:31,8042,-2.265808,-2.5788422,-10.3229065
2019-04-08 17:03:31,8061,-3.2234802,-0.5868683,-11.158478
2019-04-08 17:03:31,8082,0.7030029,-0.5006714,-9.768646
2019-04-08 17:03:31,8101,1.0310059,-1.0477448,-7.464218
2019-04-08 17:03:31,8122,-3.7729492,1.3811646,-8.904343
2019-04-08 17:03:31,8141,-1.415863,1.0627441,-9.215576
2019-04-08 17:03:31,8162,0.77124023,0.27864075,-10.3229065
2019-04-08 17:03:31,8181,1.5565338,-4.3278046,-7.3313446
2019-04-08 17:03:31,8202,-3.3755188,-1.2608337,-13.379105
2019-04-08 17:03:31,8221,1.8761597,-2.2532349,-8.054398
2019-04-08 17:03:31,8241,-1.7103577,-0.65989685,-11.960541
2019-04-08 17:03:31,8261,1.1710663,-1.4008942,-4.2523956
2019-04-08 17:03:31,8282,-0.174469,-2.898468,-7.1206512
2019-04-08 17:03:31,8301,-2.4980469,-1.428421,-9.056366
2019-04-08 17:03:31,8321,-0.19961548,-0.34983826,-10.307343
2019-04-08 17:03:31,8341,2.643509,-1.0537415,-10.490494
2019-04-08 17:03:31,8362,3.8166656,-4.135071,-6.470627
2019-04-08 17:03:31,8381,1.0525513,-3.989029,-8.041229
2019-04-08 17:03:31,8401,-1.0663147,-1.8103027,-7.316986
2019-04-08 17:03:31,8422,-0.5886688,0.2558899,-13.332413
2019-04-08 17:03:31,8441,2.933197,-2.9726868,-10.330078
2019-04-08 17:03:31,8461,4.454712,-6.792633,-12.435791
2019-04-08 17:03:31,8482,2.378952,-7.914322,-9.341278
2019-04-08 17:03:31,8501,0.082901,-7.0320587,-10.370789
2019-04-08 17:03:31,8522,-1.0279999,-5.182541,-8.406342
2019-04-08 17:03:31,8541,-0.89393616,-4.633072,-8.204041
2019-04-08 17:03:31,8561,0.54019165,-3.9291687,-5.747589
2019-04-08 17:03:31,8582,2.01622,-5.5859528,-6.510132
2019-04-08 17:03:31,8601,2.0916443,-6.131836,-7.9765778
2019-04-08 17:03:31,8622,2.526184,-6.396393,-10.224747
2019-04-08 17:03:31,8641,1.928833,-6.6669464,-9.325714
2019-04-08 17:03:31,8662,-0.06793213,-5.1059265,-7.454651
2019-04-08 17:03:31,8682,0.32951355,-4.498993,-7.9430695
2019-04-08 17:03:31,8701,2.8290558,-7.340912,-10.037994
2019-04-08 17:03:31,8722,3.0062256,-9.17128,-8.851669
2019-04-08 17:03:31,8741,1.7205353,-8.810944,-7.629425
2019-04-08 17:03:31,8762,1.1854401,-8.400345,-6.8848267
2019-04-08 17:03:31,8781,0.70181274,-7.5288544,-7.0787506
2019-04-08 17:03:31,8802,1.10643,-7.483368,-7.258316
2019-04-08 17:03:31,8821,1.4595642,-8.372818,-7.8209534
2019-04-08 17:03:31,8841,1.983902,-8.585892,-7.8963776
2019-04-08 17:03:31,8862,1.5828705,-8.358444,-8.286636
2019-04-08 17:03:31,8881,0.548584,-7.5647736,-7.3229675
2019-04-08 17:03:31,8901,0.54618835,-7.3313293,-6.5400696
2019-04-08 17:03:31,8921,1.0286102,-7.6162415,-6.6226654
2019-04-08 17:03:31,8941,1.9731293,-8.414703,-7.554001
2019-04-08 17:03:32,8961,0.588089,-7.024872,-7.4319
2019-04-08 17:03:32,8982,1.1339569,-6.344925,-5.8409576
2019-04-08 17:03:32,9001,1.6762543,-6.693283,-6.2982483
2019-04-08 17:03:32,9021,2.1275482,-7.6150513,-7.258316
2019-04-08 17:03:32,9042,2.0533295,-8.541595,-9.760269
2019-04-08 17:03:32,9061,2.3059235,-9.332886,-10.355225
2019-04-08 17:03:32,9081,2.1909943,-9.768631,-9.453812
2019-04-08 17:03:32,9101,1.7169495,-8.667297,-7.7766724
2019-04-08 17:03:32,9122,1.865387,-7.4223175,-5.9510956
2019-04-08 17:03:32,9141,1.1674805,-6.846512,-5.8672943
2019-04-08 17:03:32,9161,0.8155365,-6.6406097,-6.60112
2019-04-08 17:03:32,9182,0.97953796,-6.6837006,-8.673294
2019-04-08 17:03:32,9201,1.5625153,-6.8572845,-9.067139
2019-04-08 17:03:32,9221,1.5697021,-6.6513824,-8.448242
2019-04-08 17:03:32,9242,1.7097626,-6.0312805,-7.5360565
2019-04-08 17:03:32,9261,2.0724945,-6.439499,-7.76709
2019-04-08 17:03:32,9281,1.928833,-7.052414,-8.364441
2019-04-08 17:03:32,9301,1.2464905,-6.9051666,-9.194031
2019-04-08 17:03:32,9321,1.2321167,-6.851288,-8.57753
2019-04-08 17:03:32,9342,0.94122314,-5.9091797,-8.473373
2019-04-08 17:03:32,9361,1.3470459,-5.3956146,-9.167694
2019-04-08 17:03:32,9381,1.3925323,-6.1773224,-10.133759
2019-04-08 17:03:32,9402,1.0956573,-5.7786865,-9.544785
2019-04-08 17:03:32,9422,1.5709076,-5.0221252,-8.806168
2019-04-08 17:03:32,9441,1.8282776,-4.7192535,-7.8963776
2019-04-08 17:03:32,9461,0.5737152,-4.7156677,-8.308182
2019-04-08 17:03:32,9482,0.35224915,-4.5181427,-8.927078
2019-04-08 17:03:32,9502,0.8801727,-4.6558075,-10.461761
2019-04-08 17:03:32,9521,0.51864624,-5.064026,-9.399933
2019-04-08 17:03:32,9542,0.20262146,-4.847351,-8.89357
2019-04-08 17:03:32,9561,-0.3504486,-3.4611053,-9.537598
2019-04-08 17:03:32,9582,-0.9430084,-3.0971832,-9.506485
2019-04-08 17:03:32,9601,-1.2255249,-2.5932007,-10.106232
2019-04-08 17:03:32,9622,-0.08589172,-3.4287872,-9.525635
2019-04-08 17:03:32,9641,-0.25468445,-3.0900116,-8.89357
2019-04-08 17:03:32,9661,-0.56114197,-2.6039886,-9.62738
2019-04-08 17:03:32,9682,-0.9298401,-2.6674347,-8.374023
2019-04-08 17:03:32,9701,-1.7738037,-1.5672913,-8.867233
2019-04-08 17:03:32,9721,-1.7809753,0.14337158,-8.792999
2019-04-08 17:03:32,9742,-0.8783722,0.15533447,-8.745117
2019-04-08 17:03:32,9761,-0.16490173,0.51446533,-7.605484
2019-04-08 17:03:32,9781,0.05895996,-0.7245331,-6.949478
2019-04-08 17:03:32,9801,-0.64971924,-1.013031,-8.621826
2019-04-08 17:03:32,9822,-1.8408356,0.38278198,-10.680832
2019-04-08 17:03:32,9841,0.16311646,-1.8318481,-10.356415
2019-04-08 17:03:32,9861,0.89334106,-2.1059875,-10.983704
2019-04-08 17:03:32,9881,-2.1879883,-0.87057495,-11.212341
2019-04-08 17:03:32,9902,-1.0411682,-0.45877075,-8.83371
2019-04-08 17:03:32,9921,0.16670227,-0.5796814,-7.4570465
2019-04-08 17:03:32,9941,-2.107788,0.10505676,-7.103897
2019-04-08 17:03:33,9961,-1.3583984,-0.51623535,-7.5133057
2019-04-08 17:03:33,9981,-0.6066284,-1.5253906,-8.626602
2019-04-08 17:03:33,10001,-0.6281738,-1.0190125,-10.749069
2019-04-08 17:03:33,10021,1.9910889,-2.2400665,-9.492111
2019-04-08 17:03:33,10042,1.0238342,-2.9092407,-9.111435
2019-04-08 17:03:33,10061,-0.30973816,-1.9922638,-10.273819
2019-04-08 17:03:33,10081,-0.7658386,-2.5201874,-8.433884
2019-04-08 17:03:33,10102,-0.4079132,-3.4826508,-8.362045
2019-04-08 17:03:33,10121,-0.9262543,-3.4646912,-6.1246643
2019-04-08 17:03:33,10141,-0.85443115,-2.340622,-5.924759
2019-04-08 17:03:33,10162,-2.0802612,0.45820618,-12.672806
2019-04-08 17:03:33,10182,4.380493,-2.139511,-12.153275
2019-04-08 17:03:33,10202,4.8760986,-4.431961,-9.146149
2019-04-08 17:03:33,10221,2.9990387,-6.796234,-9.808151
2019-04-08 17:03:33,10242,0.024246216,-6.270706,-8.989334
2019-04-08 17:03:33,10261,0.8047638,-6.0624084,-11.066299
2019-04-08 17:03:33,10282,-1.6540833,-5.350128,-8.520065
2019-04-08 17:03:33,10301,-1.1644745,-4.776718,-8.141785
2019-04-08 17:03:33,10323,0.076919556,-5.5201263,-8.187271
2019-04-08 17:03:33,10341,3.0445404,-6.2000732,-8.236359
2019-04-08 17:03:33,10362,3.292328,-6.605896,-9.450211
2019-04-08 17:03:33,10381,2.4591522,-6.578354,-8.642166
2019-04-08 17:03:33,10401,0.39894104,-5.5524445,-7.467819
2019-04-08 17:03:33,10422,0.0541687,-5.7308044,-8.031647
2019-04-08 17:03:33,10441,0.95918274,-7.8807983,-9.6549225
2019-04-08 17:03:33,10462,3.153473,-11.509216,-10.830475
2019-04-08 17:03:33,10481,1.9515839,-9.945801,-10.355225
2019-04-08 17:03:33,10501,2.3526154,-7.0105133,-5.6709747
2019-04-08 17:03:33,10522,0.0038909912,-6.1450043,-6.2754974
2019-04-08 17:03:33,10541,0.79278564,-7.385208,-6.8536987
2019-04-08 17:03:33,10561,0.9567871,-7.0117035,-7.1649475
2019-04-08 17:03:33,10582,1.6295624,-6.5687866,-6.724411
2019-04-08 17:03:33,10601,1.449997,-6.8297424,-7.5947113
2019-04-08 17:03:33,10621,1.118393,-7.6988373,-9.265854
2019-04-08 17:03:33,10642,1.9192657,-8.554764,-9.470566
2019-04-08 17:03:33,10661,2.6854095,-9.72673,-9.305359
2019-04-08 17:03:33,10682,2.0928345,-10.031998,-9.222763
2019-04-08 17:03:33,10701,0.6383667,-9.071915,-7.545624
2019-04-08 17:03:33,10721,-0.6006317,-7.516876,-4.892853
2019-04-08 17:03:33,10742,-0.30854797,-6.2395782,-5.193329
2019-04-08 17:03:33,10761,1.0549469,-6.607086,-6.2395935
2019-04-08 17:03:33,10781,1.118393,-7.764679,-8.731949
2019-04-08 17:03:33,10802,1.5409698,-7.2319794,-9.725555
2019-04-08 17:03:33,10821,2.9595337,-7.4223175,-8.909119
2019-04-08 17:03:33,10842,1.9491882,-5.9905853,-5.9798126
2019-04-08 17:03:33,10861,-0.506073,-4.289505,-4.7970886
2019-04-08 17:03:33,10881,0.1978302,-5.3836517,-5.442322
2019-04-08 17:03:33,10902,1.3542328,-7.3636475,-9.085098
2019-04-08 17:03:33,10921,2.6662445,-9.147339,-12.045532
2019-04-08 17:03:33,10941,1.8881378,-9.988892,-11.844421
2019-04-08 17:03:34,10962,0.92207336,-8.552368,-8.492538
2019-04-08 17:03:34,10981,0.572525,-6.8812256,-8.227982
2019-04-08 17:03:34,11001,1.2045898,-6.297043,-7.7371674
2019-04-08 17:03:34,11022,0.6096344,-5.3561096,-7.725189
2019-04-08 17:03:34,11042,0.37020874,-5.2519684,-8.239944
2019-04-08 17:03:34,11061,0.63716125,-5.606308,-9.276642
2019-04-08 17:03:34,11082,0.79997253,-5.3585052,-9.621399
2019-04-08 17:03:34,11101,1.3434601,-5.216049,-8.690063
2019-04-08 17:03:34,11122,1.5433655,-4.819809,-8.809769
2019-04-08 17:03:34,11142,0.74250793,-3.997406,-9.409515
2019-04-08 17:03:34,11161,0.9759369,-5.4698334,-8.947433
2019-04-08 17:03:34,11182,0.048187256,-5.7990417,-8.958206
2019-04-08 17:03:34,11202,-0.69281006,-4.538498,-8.722382
2019-04-08 17:03:34,11221,-0.7550659,-4.0500793,-9.82251
2019-04-08 17:03:34,11242,0.086502075,-4.5684204,-10.034393
2019-04-08 17:03:34,11261,-1.0722961,-0.84065247,-9.0264435
2019-04-08 17:03:34,11282,-0.47613525,-3.6382751,-9.472961
2019-04-08 17:03:34,11301,-1.2470703,-2.0425415,-10.867584
2019-04-08 17:03:34,11321,-0.7167511,-2.254425,-11.02919
2019-04-08 17:03:34,11342,-0.9250488,-4.246399,-10.691605
2019-04-08 17:03:34,11362,-0.9106903,-2.7691803,-7.6030884
2019-04-08 17:03:34,11381,-2.4741058,-0.4132843,-9.828491
2019-04-08 17:03:34,11402,-1.5918427,-0.057754517,-7.313385
2019-04-08 17:03:34,11421,-1.1908112,-1.4822998,-8.391983
2019-04-08 17:03:34,11442,-0.61979675,-1.6846008,-6.76033
2019-04-08 17:03:34,11461,-2.0802612,0.36842346,-8.623016
2019-04-08 17:03:34,11482,-2.044342,0.96577454,-8.945038
2019-04-08 17:03:34,11501,-0.0655365,-0.040985107,-7.281067
2019-04-08 17:03:34,11521,-1.5475464,0.5312195,-8.909119
2019-04-08 17:03:34,11542,-1.573883,0.2942047,-10.600632
2019-04-08 17:03:34,11561,0.0541687,-0.17266846,-9.768646
2019-04-08 17:03:34,11581,0.25767517,-2.3920898,-10.042786
2019-04-08 17:03:34,11602,-0.5539551,-1.5361633,-9.216782
2019-04-08 17:03:34,11621,-1.5918427,-0.21696472,-8.454224
2019-04-08 17:03:34,11641,-0.32051086,0.26187134,-8.025665
2019-04-08 17:03:34,11662,-1.0184326,-1.1016235,-10.496475
2019-04-08 17:03:34,11681,0.5270233,-3.2731628,-9.727936
2019-04-08 17:03:34,11702,0.36662292,-1.8881226,-7.7730713
2019-04-08 17:03:34,11721,-0.23432922,-0.79875183,-8.035248
2019-04-08 17:03:34,11741,-0.6437378,-2.333435,-9.84166
2019-04-08 17:03:34,11762,0.4767456,-3.8142548,-9.420288
2019-04-08 17:03:34,11781,0.52822876,-2.8386078,-8.247131
2019-04-08 17:03:34,11801,1.1399384,-2.1466827,-8.135803
2019-04-08 17:03:34,11822,0.9100952,-2.9032593,-9.766251
2019-04-08 17:03:34,11841,0.92326355,-5.4375153,-12.25383
2019-04-08 17:03:34,11862,1.3769684,-6.7746735,-10.144531
2019-04-08 17:03:34,11881,0.9603729,-6.4849854,-8.688858
2019-04-08 17:03:34,11902,0.3390808,-5.2794952,-8.585907
2019-04-08 17:03:34,11921,1.0501556,-4.727646,-8.687668
2019-04-08 17:03:34,11942,0.81314087,-4.826996,-7.84729
2019-04-08 17:03:35,11961,0.9460144,-5.6194763,-8.042419
2019-04-08 17:03:35,11982,1.631958,-6.30542,-7.878418
2019-04-08 17:03:35,12001,1.9874878,-6.2276,-6.862076
2019-04-08 17:03:35,12021,0.9029236,-6.310211,-8.408737
2019-04-08 17:03:35,12042,1.3135223,-8.542801,-10.914276
2019-04-08 17:03:35,12061,2.2269135,-9.602234,-10.2834015
2019-04-08 17:03:35,12082,1.9635468,-8.326126,-7.5240784
2019-04-08 17:03:35,12101,0.75209045,-6.6956787,-5.4650726
2019-04-08 17:03:35,12122,-0.006881714,-6.669342,-6.4730225
2019-04-08 17:03:35,12141,0.4252777,-7.697647,-8.121429
2019-04-08 17:03:35,12162,1.1746674,-8.2291565,-8.473373
2019-04-08 17:03:35,12181,1.6511078,-8.057968,-7.237976
2019-04-08 17:03:35,12202,2.276001,-8.59787,-7.58873
2019-04-08 17:03:35,12221,1.4799194,-8.408722,-8.198044
2019-04-08 17:03:35,12241,0.4647827,-7.5061035,-8.375214
2019-04-08 17:03:35,12262,0.42288208,-7.4187164,-6.874054
2019-04-08 17:03:35,12281,1.3937378,-8.099869,-7.182907
2019-04-08 17:03:35,12302,2.1191711,-9.095856,-8.802582
2019-04-08 17:03:35,12321,0.82870483,-8.213593,-7.9753876
2019-04-08 17:03:35,12341,0.53660583,-7.2894287,-6.1569977
2019-04-08 17:03:35,12362,0.13796997,-4.961075,-3.81427
2019-04-08 17:03:35,12381,0.65512085,-5.3034515,-5.779907
2019-04-08 17:03:35,12402,2.6483002,-7.321762,-7.949051
2019-04-08 17:03:35,12421,3.08284,-9.103043,-12.313675
2019-04-08 17:03:35,12441,1.4763336,-7.5444183,-10.6987915
2019-04-08 17:03:35,12461,1.4847107,-7.198456,-6.767517
2019-04-08 17:03:35,12482,1.9815063,-7.7934113,-6.0384827
2019-04-08 17:03:35,12501,2.308319,-8.299789,-7.356491
2019-04-08 17:03:35,12521,1.1327667,-7.7826385,-8.792999
2019-04-08 17:03:35,12542,0.57492065,-7.3684387,-9.007294
2019-04-08 17:03:35,12562,0.9424286,-7.416321,-8.376419
2019-04-08 17:03:35,12581,1.5002747,-7.492935,-8.752304
2019-04-08 17:03:35,12602,1.6271667,-6.777069,-8.360855
2019-04-08 17:03:35,12621,1.0705109,-5.7511597,-7.837723
2019-04-08 17:03:35,12641,0.75567627,-5.6553955,-8.447052
2019-04-08 17:03:35,12662,1.1327667,-5.915161,-8.995316
2019-04-08 17:03:35,12681,1.2141724,-6.4059753,-7.803009
2019-04-08 17:03:35,12701,0.29838562,-6.0348663,-7.427109
2019-04-08 17:03:35,12722,0.014663696,-5.6242676,-9.037216
2019-04-08 17:03:35,12742,0.6934204,-6.535263,-11.28656
2019-04-08 17:03:35,12762,0.9532013,-5.5811768,-9.914688
2019-04-08 17:03:35,12781,0.24092102,-3.6825714,-9.58548
2019-04-08 17:03:35,12802,0.85743713,-4.9000244,-9.541199
2019-04-08 17:03:35,12822,0.35824585,-5.4782257,-10.087067
2019-04-08 17:03:35,12841,-0.510849,-4.029724,-8.127411
2019-04-08 17:03:35,12862,-0.67845154,-1.9838867,-8.273468
2019-04-08 17:03:35,12881,0.15592957,-1.997055,-8.150162
2019-04-08 17:03:35,12902,0.3163452,-2.9882507,-8.775055
2019-04-08 17:03:35,12921,1.0489655,-5.174164,-9.650131
2019-04-08 17:03:35,12942,-1.7714081,-2.0138092,-10.555145
2019-04-08 17:03:36,12961,-2.5758514,-2.9714966,-11.092636
2019-04-08 17:03:36,12981,-1.2985535,-3.1307068,-9.176086
2019-04-08 17:03:36,13001,-0.7119751,-3.4048462,-7.4809875
2019-04-08 17:03:36,13021,-2.5674744,-1.4691315,-7.98497
2019-04-08 17:03:36,13042,-2.0551147,2.889511,-7.972992
2019-04-08 17:03:36,13061,-0.30973816,1.2458954,-7.3397217
2019-04-08 17:03:36,13082,0.1690979,0.4606018,-9.087494
2019-04-08 17:03:36,13101,-1.3560028,0.40553284,-10.096649
2019-04-08 17:03:36,13121,-0.9406128,-0.7281189,-8.901947
2019-04-08 17:03:36,13141,-1.5487366,-1.3494263,-9.583099
2019-04-08 17:03:36,13161,-1.0651093,-2.4687042,-9.117416
2019-04-08 17:03:36,13182,-1.5487366,-1.7229156,-8.959396
2019-04-08 17:03:36,13201,-2.356781,-1.854599,-8.802582
2019-04-08 17:03:36,13221,-1.1046143,-0.026626587,-7.798218
2019-04-08 17:03:36,13242,-1.541565,1.9665527,-8.025665
2019-04-08 17:03:36,13261,0.030227661,2.4884796,-8.692444
2019-04-08 17:03:36,13281,1.7193451,-0.9543762,-8.630203
2019-04-08 17:03:36,13302,0.7472992,-4.56723,-11.065109
2019-04-08 17:03:36,13321,0.56533813,-4.1099396,-9.116226
2019-04-08 17:03:36,13341,-0.8233032,-3.1857758,-8.943848
2019-04-08 17:03:36,13361,-1.273407,-2.8386078,-11.115387
2019-04-08 17:03:36,13381,-0.2247467,-3.3042908,-9.668091
2019-04-08 17:03:36,13402,0.8694,-3.321045,-8.731949
2019-04-08 17:03:36,13421,0.41210938,-3.6286926,-7.35289
2019-04-08 17:03:36,13441,0.04220581,-2.9726868,-8.042419
2019-04-08 17:03:36,13461,0.0074920654,-2.5525055,-10.512039
2019-04-08 17:03:36,13482,2.1826172,-4.3553467,-10.121796
2019-04-08 17:03:36,13502,2.0653076,-6.1054993,-8.245926
2019-04-08 17:03:36,13521,1.0956573,-6.4371033,-8.934265
2019-04-08 17:03:36,13541,0.9951019,-7.251129,-11.498459
2019-04-08 17:03:36,13562,1.6235809,-8.2686615,-10.861603
2019-04-08 17:03:36,13581,1.3674011,-7.448654,-7.764694
2019-04-08 17:03:36,13602,0.4324646,-5.8217926,-5.3106384
2019-04-08 17:03:36,13622,-0.8496399,-4.368515,-5.9031982
2019-04-08 17:03:36,13641,0.83348083,-6.0384674,-9.104248
2019-04-08 17:03:36,13662,2.794342,-8.128601,-9.31015
2019-04-08 17:03:36,13681,1.710968,-7.079941,-6.6980743
2019-04-08 17:03:36,13702,0.3390808,-6.4622345,-6.1067047
2019-04-08 17:03:36,13721,2.0341797,-8.794189,-10.176849
2019-04-08 17:03:36,13742,2.8877106,-10.98848,-12.6045685
2019-04-08 17:03:36,13761,1.4691467,-10.825668,-11.176437
2019-04-08 17:03:36,13782,0.7616577,-9.912277,-7.9035645
2019-04-08 17:03:36,13801,0.924469,-7.9490356,-5.2400055
2019-04-08 17:03:36,13822,0.5713196,-6.8213654,-5.63266
2019-04-08 17:03:36,13841,-0.14933777,-6.514908,-5.3345795
2019-04-08 17:03:36,13862,-0.004486084,-6.698059,-6.724411
2019-04-08 17:03:36,13881,1.4667511,-7.4546356,-7.4726105
2019-04-08 17:03:36,13901,1.4236603,-8.063965,-8.447052
2019-04-08 17:03:36,13922,0.17268372,-7.21402,-7.9526367
2019-04-08 17:03:36,13941,-0.21157837,-6.840515,-6.0013733
2019-04-08 17:03:37,13962,1.113617,-7.6605377,-5.1657867
2019-04-08 17:03:37,13981,2.1909943,-8.881577,-8.273468
2019-04-08 17:03:37,14001,1.0178375,-7.926285,-9.966171
2019-04-08 17:03:37,14021,1.2189484,-6.923126,-8.925888
2019-04-08 17:03:37,14041,2.2592316,-7.625824,-7.411545
2019-04-08 17:03:37,14062,1.5158386,-7.5851135,-7.4319
2019-04-08 17:03:37,14081,0.64434814,-7.974182,-8.291428
2019-04-08 17:03:37,14101,0.54977417,-7.785034,-8.878006
2019-04-08 17:03:37,14122,1.5361786,-7.720398,-8.320145
2019-04-08 17:03:37,14141,1.5445709,-6.949463,-8.068756
2019-04-08 17:03:37,14161,1.3709869,-6.1294403,-7.720398
2019-04-08 17:03:37,14181,1.1255798,-6.0432587,-8.205231
2019-04-08 17:03:37,14201,1.1195984,-7.11586,-9.116226
2019-04-08 17:03:37,14222,1.5325928,-7.321762,-8.995316
2019-04-08 17:03:37,14241,0.5437927,-5.135849,-8.759491
2019-04-08 17:03:37,14261,1.6211853,-5.372879,-8.828918
2019-04-08 17:03:37,14282,1.9072876,-7.139801,-10.629364
2019-04-08 17:03:37,14301,0.9855194,-7.673706,-9.214386
2019-04-08 17:03:37,14321,-0.30256653,-5.728409,-7.8413086
2019-04-08 17:03:37,14342,-0.624588,-4.4738464,-7.2008667
2019-04-08 17:03:37,14362,-0.08229065,-4.4259644,-7.9263
2019-04-08 17:03:37,14381,-0.8675995,-3.4251862,-8.772659
2019-04-08 17:03:37,14402,-1.5307922,0.40672302,-10.751465
2019-04-08 17:03:37,14421,2.698578,-3.1941528,-12.1736145
2019-04-08 17:03:37,14442,3.3629608,-8.3476715,-9.575912
2019-04-08 17:03:37,14461,0.6347656,-6.183319,-9.001297
2019-04-08 17:03:37,14482,-0.99687195,-5.032898,-9.9362335
2019-04-08 17:03:37,14501,-3.976471,-0.40371704,-10.537186
2019-04-08 17:03:37,14521,-2.396286,-2.4687042,-9.063553
2019-04-08 17:03:37,14542,0.62280273,-3.4754639,-7.166153
2019-04-08 17:03:37,14561,-0.85801697,-2.4902496,-7.8927917
2019-04-08 17:03:37,14582,-2.2119293,-0.80114746,-7.0536194
2019-04-08 17:03:37,14601,-2.8284454,0.64375305,-8.136993
2019-04-08 17:03:37,14621,-2.2071533,2.7338867,-9.087494
2019-04-08 17:03:37,14642,0.8263092,-1.2536469,-8.311768
2019-04-08 17:03:37,14661,0.5306244,-2.009018,-9.629776
2019-04-08 17:03:37,14682,-0.9585724,-0.43962097,-8.820541
2019-04-08 17:03:37,14702,-1.8587952,-0.96395874,-8.919907
2019-04-08 17:03:37,14721,-0.8628082,-0.6191864,-8.885178
2019-04-08 17:03:37,14742,-3.2390442,0.2558899,-8.26149
2019-04-08 17:03:37,14761,-1.3512268,0.8412781,-8.412323
2019-04-08 17:03:37,14781,-0.021240234,-0.20140076,-9.269455
2019-04-08 17:03:37,14802,0.25050354,-0.47314453,-8.845673
2019-04-08 17:03:37,14821,-1.2913666,-0.3223114,-8.630203
2019-04-08 17:03:37,14841,0.0206604,-1.6379242,-9.3077545
2019-04-08 17:03:37,14862,-0.30973816,-2.2328796,-9.42627
2019-04-08 17:03:37,14881,0.15951538,-2.0413513,-9.047989
2019-04-08 17:03:37,14901,-0.49290466,-1.344635,-8.917511
2019-04-08 17:03:37,14922,-0.5359955,-2.2903442,-10.108627
2019-04-08 17:03:37,14941,0.2157898,-3.8573456,-9.0264435
2019-04-08 17:03:38,14961,-0.35403442,-3.815445,-7.6342163
2019-04-08 17:03:38,14982,-0.8400574,-1.8569946,-8.347687
2019-04-08 17:03:38,15001,-0.2822113,-1.1961975,-7.980179
2019-04-08 17:03:38,15022,0.65631104,-1.9874725,-9.619003
2019-04-08 17:03:38,15041,1.240509,-3.6885529,-10.703583
2019-04-08 17:03:38,15061,2.2532501,-5.7667236,-9.48732
2019-04-08 17:03:38,15082,1.3590088,-6.7615204,-8.741531
2019-04-08 17:03:38,15101,0.39894104,-6.1222534,-10.764633
2019-04-08 17:03:38,15121,0.08529663,-5.6326447,-10.910675
2019-04-08 17:03:38,15142,0.85743713,-6.0935364,-9.064743
2019-04-08 17:03:38,15161,0.9855194,-7.1134644,-7.4498596
2019-04-08 17:03:38,15181,0.6503296,-7.413925,-7.102707
2019-04-08 17:03:38,15202,0.055374146,-6.475403,-7.3313446
2019-04-08 17:03:38,15222,0.9148865,-6.631027,-8.2243805
2019-04-08 17:03:38,15241,0.256485,-6.811798,-8.723572
2019-04-08 17:03:38,15262,0.07810974,-7.0548096,-9.554367
2019-04-08 17:03:38,15281,1.2500763,-8.289017,-9.423874
2019-04-08 17:03:38,15302,1.992279,-9.701599,-10.061935
2019-04-08 17:03:38,15321,0.924469,-8.901932,-9.736328
2019-04-08 17:03:38,15342,0.030227661,-7.19487,-7.150589
2019-04-08 17:03:38,15361,-0.33607483,-5.700882,-5.3309937
2019-04-08 17:03:38,15382,-0.09666443,-6.0588074,-5.450699
2019-04-08 17:03:38,15401,0.26127625,-7.6210327,-7.257126
2019-04-08 17:03:38,15422,0.82510376,-8.626602,-9.324524
2019-04-08 17:03:38,15441,0.52104187,-8.464981,-8.134598
2019-04-08 17:03:38,15462,0.7185669,-8.409927,-7.4139404
2019-04-08 17:03:38,15481,1.5074615,-8.073532,-7.3241577
2019-04-08 17:03:38,15502,2.3059235,-8.260284,-6.7746887
2019-04-08 17:03:38,15521,0.59046936,-8.20282,-8.037643
2019-04-08 17:03:38,15541,0.7891998,-8.079514,-8.201645
2019-04-08 17:03:38,15562,1.707367,-8.220779,-8.253113
2019-04-08 17:03:38,15581,0.83348083,-7.6521606,-8.097488
2019-04-08 17:03:38,15601,0.28401184,-6.9207306,-6.510132
2019-04-08 17:03:38,15622,1.2560577,-7.2367554,-7.162552
2019-04-08 17:03:38,15641,1.1435394,-8.18367,-8.55838
2019-04-08 17:03:38,15662,0.83947754,-7.0344543,-7.5755615
2019-04-08 17:03:38,15681,0.11642456,-6.3114014,-8.096298
2019-04-08 17:03:38,15701,1.1088257,-7.046417,-8.8528595
2019-04-08 17:03:38,15721,2.1706543,-8.065155,-9.317337
2019-04-08 17:03:38,15742,2.3059235,-8.063965,-10.258255
2019-04-08 17:03:38,15761,1.9037018,-6.56279,-7.5013275
2019-04-08 17:03:38,15782,0.55096436,-5.1933136,-7.032074
2019-04-08 17:03:38,15801,1.5804749,-6.257538,-7.804199
2019-04-08 17:03:38,15821,1.1686707,-7.4175262,-10.606613
2019-04-08 17:03:38,15842,0.3821869,-7.0823364,-9.902725
2019-04-08 17:03:38,15861,0.9424286,-6.081558,-8.951019
2019-04-08 17:03:38,15881,1.379364,-6.4766083,-7.191284
2019-04-08 17:03:38,15902,-0.045181274,-5.755951,-8.338104
2019-04-08 17:03:38,15921,-1.1249695,-3.803482,-9.264664
2019-04-08 17:03:38,15941,-0.2247467,-4.1290894,-10.680832
2019-04-08 17:03:39,15962,2.1048126,-6.3281555,-10.922653
2019-04-08 17:03:39,15982,1.726532,-5.4423065,-8.680481
2019-04-08 17:03:39,16001,0.65153503,-3.456314,-8.049606
2019-04-08 17:03:39,16021,-0.39234924,-3.61792,-7.9586334
2019-04-08 17:03:39,16042,-1.7295074,-3.6119385,-8.214813
2019-04-08 17:03:39,16061,-1.494873,-3.2647858,-8.739136
2019-04-08 17:03:39,16081,-0.4557953,-4.182953,-9.414307
2019-04-08 17:03:39,16102,-0.5348053,-4.1063385,-9.736328
2019-04-08 17:03:39,16122,-1.1656647,-1.7887573,-9.09108
2019-04-08 17:03:39,16141,-0.5778961,-1.1782379,-9.177277
2019-04-08 17:03:39,16162,-0.9908905,-1.7288971,-12.112564
2019-04-08 17:03:39,16181,-0.5348053,-4.7024994,-10.577881
2019-04-08 17:03:39,16202,-1.0687103,-4.4391327,-10.841248
2019-04-08 17:03:39,16221,-0.9873047,-0.9052887,-9.032425
2019-04-08 17:03:39,16241,-1.7738037,-0.038589478,-8.533234
2019-04-08 17:03:39,16262,-0.9789276,-0.33187866,-8.010101
2019-04-08 17:03:39,16281,-0.7347107,0.07273865,-8.3033905
2019-04-08 17:03:39,16301,-0.79815674,-1.0573273,-5.830185
2019-04-08 17:03:39,16321,-0.91667175,1.1393585,-3.6371002
2019-04-08 17:03:39,16341,-1.8348541,0.92866516,-5.3094482
2019-04-08 17:03:39,16361,-0.8639984,-1.1303558,-11.44458
2019-04-08 17:03:39,16382,-0.36601257,-0.07330322,-13.0941925
2019-04-08 17:03:39,16401,0.8442688,-0.10203552,-11.549927
2019-04-08 17:03:39,16421,1.2321167,-1.22612,-10.626968
2019-04-08 17:03:39,16441,0.27323914,-1.8869171,-9.378387
2019-04-08 17:03:39,16462,-1.0890503,-1.7612152,-7.7108307
2019-04-08 17:03:39,16481,-2.4621277,-0.48391724,-7.075165
2019-04-08 17:03:39,16501,-2.2502441,1.1764679,-9.510071
2019-04-08 17:03:39,16522,0.92326355,-0.039794922,-11.661255
2019-04-08 17:03:39,16541,3.4754944,-1.9204407,-11.482895
2019-04-08 17:03:39,16561,2.0030518,-5.7032776,-7.6078796
2019-04-08 17:03:39,16582,-0.56233215,-6.8453064,-7.74794
2019-04-08 17:03:39,16601,-2.6285248,-2.953537,-9.239532
2019-04-08 17:03:39,16621,-1.7486572,-0.024230957,-11.934204
2019-04-08 17:03:39,16642,2.8386383,-2.625534,-6.221634
2019-04-08 17:03:39,16661,2.2101593,-6.337738,-2.8733368
2019-04-08 17:03:39,16681,-0.86639404,-6.30542,-8.922287
2019-04-08 17:03:39,16702,-0.71795654,-3.4359741,-12.708725
2019-04-08 17:03:39,16721,2.4435883,-2.6782074,-15.63205
2019-04-08 17:03:39,16741,1.0357971,-3.317459,-8.839691
2019-04-08 17:03:39,16762,-0.80892944,-4.5576477,-7.8712463
2019-04-08 17:03:39,16781,0.65870667,-5.828964,-8.5164795
2019-04-08 17:03:39,16801,0.82270813,-6.0863495,-8.052002
2019-04-08 17:03:39,16823,0.9496002,-5.0436707,-7.7216034
2019-04-08 17:03:39,16841,2.2101593,-5.8062286,-7.691681
2019-04-08 17:03:39,16862,3.9555206,-8.626602,-7.585129
2019-04-08 17:03:39,16881,2.4256287,-9.500473,-8.281845
2019-04-08 17:03:39,16901,1.221344,-9.377182,-9.889557
2019-04-08 17:03:39,16921,0.74490356,-9.374786,-10.073898
2019-04-08 17:03:39,16941,0.32591248,-9.475342,-8.868423
2019-04-08 17:03:40,16961,-0.11581421,-8.430267,-7.459442
2019-04-08 17:03:40,16981,0.03501892,-6.234787,-5.5955505
2019-04-08 17:03:40,17001,-0.04399109,-4.818619,-6.0971375
2019-04-08 17:03:40,17021,0.87179565,-7.220001,-8.212418
2019-04-08 17:03:40,17042,1.3805695,-8.753494,-9.783005
2019-04-08 17:03:40,17061,0.9567871,-7.9406586,-9.674072
2019-04-08 17:03:40,17081,0.91967773,-7.0308533,-8.043625
2019-04-08 17:03:40,17101,0.6575165,-7.4893494,-6.954254
2019-04-08 17:03:40,17121,-0.1337738,-7.7431335,-6.6082916
2019-04-08 17:03:40,17142,1.4392242,-9.1150055,-7.316986
2019-04-08 17:03:40,17161,1.8761597,-10.47612,-8.239944
2019-04-08 17:03:40,17181,0.95080566,-8.840881,-8.244736
2019-04-08 17:03:40,17202,1.066925,-7.1769104,-6.268326
2019-04-08 17:03:40,17221,1.0058746,-7.8568573,-5.5644226
2019-04-08 17:03:40,17241,0.4611969,-7.2439423,-6.1761475
2019-04-08 17:03:40,17262,0.572525,-6.0911407,-7.320572
2019-04-08 17:03:40,17281,1.6630859,-8.239929,-8.600281
2019-04-08 17:03:40,17302,1.1531067,-8.688843,-10.160095
2019-04-08 17:03:40,17321,1.8450317,-8.834885,-9.571121
2019-04-08 17:03:40,17341,1.1303711,-7.3397064,-8.372818
2019-04-08 17:03:40,17362,1.5445709,-7.5456085,-7.320572
2019-04-08 17:03:40,17381,1.6259613,-8.12381,-8.295013
2019-04-08 17:03:40,17401,0.7951813,-7.6796875,-7.6425934
2019-04-08 17:03:40,17422,0.13438416,-6.0695953,-7.3588867
2019-04-08 17:03:40,17441,0.2995758,-5.4411163,-6.7579346
2019-04-08 17:03:40,17462,-0.2893982,-4.27034,-8.098694
2019-04-08 17:03:40,17481,1.6511078,-4.712082,-9.3077545
2019-04-08 17:03:40,17501,2.442398,-6.423935,-10.435425
2019-04-08 17:03:40,17522,0.8274994,-6.099518,-7.715622
2019-04-08 17:03:40,17542,-0.10983276,-2.8625488,-7.0057373
2019-04-08 17:03:40,17561,1.9144745,-2.890091,-9.2682495
2019-04-08 17:03:40,17581,2.7656097,-8.3081665,-12.939758
2019-04-08 17:03:40,17601,0.39056396,-7.338516,-10.284592
2019-04-08 17:03:40,17622,0.8490448,-4.246399,-8.469788
2019-04-08 17:03:40,17641,0.88256836,-4.080002,-9.488525
2019-04-08 17:03:40,17662,-0.7143707,-4.42717,-9.283813
2019-04-08 17:03:40,17681,-0.93821716,-4.0812073,-8.356064
2019-04-08 17:03:40,17702,-0.16609192,-2.9834595,-8.238754
2019-04-08 17:03:40,17721,-0.36001587,-2.3657532,-8.961792
2019-04-08 17:03:40,17742,-0.3839569,-1.5349731,-9.016861
2019-04-08 17:03:40,17761,-0.2247467,-1.7636108,-9.8177185
2019-04-08 17:03:40,17781,0.48153687,-3.5018005,-9.806946
2019-04-08 17:03:40,17802,-0.39712524,-3.744812,-9.404724
2019-04-08 17:03:40,17822,-0.8711853,-3.0337372,-9.1844635
2019-04-08 17:03:40,17841,-0.7311249,-1.1758423,-8.613434
2019-04-08 17:03:40,17862,-0.9992676,-0.84184265,-8.719986
2019-04-08 17:03:40,17881,-0.53718567,-1.202179,-8.259094
2019-04-08 17:03:40,17901,-1.134552,0.91908264,-9.287415
2019-04-08 17:03:40,17922,-0.668869,0.10386658,-8.700836
2019-04-08 17:03:40,17941,-0.16967773,-1.3302612,-7.914337
2019-04-08 17:03:41,17961,-1.6157837,-0.58447266,-7.1170654
2019-04-08 17:03:41,17982,-2.1927795,-0.62397766,-11.014832
2019-04-08 17:03:41,18001,-0.46775818,-2.0497284,-8.524857
2019-04-08 17:03:41,18021,-0.7957611,0.5982666,-9.875183
2019-04-08 17:03:41,18041,-0.668869,0.66529846,-8.996521
2019-04-08 17:03:41,18062,0.40852356,-1.0250092,-8.706818
2019-04-08 17:03:41,18081,0.96157837,-1.854599,-8.642166
2019-04-08 17:03:41,18101,-1.6852112,0.0068969727,-8.63739
2019-04-08 17:03:41,18121,-0.11341858,0.84007263,-9.325714
2019-04-08 17:03:41,18142,2.220932,-1.5744781,-7.92511
2019-04-08 17:03:41,18161,0.91848755,-3.4060364,-9.7854
2019-04-08 17:03:41,18181,0.07572937,-2.6339111,-9.049179
2019-04-08 17:03:41,18202,0.5545654,-2.2316895,-7.7024536
2019-04-08 17:03:41,18221,0.03741455,-2.2209167,-8.897156
2019-04-08 17:03:41,18241,0.15711975,-2.0628967,-9.058762
2019-04-08 17:03:41,18261,0.9256592,-2.7739716,-8.435074
2019-04-08 17:03:41,18282,1.4069061,-3.9591064,-9.711182
2019-04-08 17:03:41,18301,1.221344,-4.8677063,-9.674072
2019-04-08 17:03:41,18321,1.0501556,-6.1174774,-8.478165
2019-04-08 17:03:41,18342,-0.04159546,-4.25,-8.178894
2019-04-08 17:03:41,18361,1.3446503,-3.4096375,-9.143753
2019-04-08 17:03:41,18381,1.9539795,-3.614334,-9.183258
2019-04-08 17:03:41,18402,1.9575653,-5.590744,-11.818085
2019-04-08 17:03:41,18421,3.0624847,-8.576324,-10.685623
2019-04-08 17:03:41,18441,0.9496002,-8.67688,-8.176498
2019-04-08 17:03:41,18462,1.019043,-7.388794,-7.9370728
2019-04-08 17:03:41,18481,-1.0842743,-4.4379425,-7.771881
2019-04-08 17:03:41,18502,1.4212646,-5.609909,-8.89476
2019-04-08 17:03:41,18521,2.7129364,-8.115433,-9.459793
2019-04-08 17:03:41,18541,2.43161,-9.314926,-9.034821
2019-04-08 17:03:41,18562,1.3685913,-7.3361206,-7.5995026
2019-04-08 17:03:41,18582,1.2991638,-6.8333435,-7.82695
2019-04-08 17:03:41,18602,-0.52641296,-5.977417,-7.057205
2019-04-08 17:03:41,18621,-0.18284607,-6.602295,-6.660965
2019-04-08 17:03:41,18642,1.1507263,-8.294998,-8.160934
2019-04-08 17:03:41,18661,2.406479,-10.00087,-9.550766
2019-04-08 17:03:41,18682,1.9455872,-10.362396,-10.173264
2019-04-08 17:03:41,18701,0.057769775,-8.42189,-8.888779
2019-04-08 17:03:41,18722,-0.105041504,-6.330551,-6.1522064
2019-04-08 17:03:41,18741,1.142334,-6.9171295,-5.1765594
2019-04-08 17:03:41,18761,0.33070374,-7.6605377,-7.0584106
2019-04-08 17:03:41,18782,-0.24989319,-6.8261566,-8.75589
2019-04-08 17:03:41,18801,0.48153687,-7.3468933,-8.514084
2019-04-08 17:03:41,18821,0.47914124,-7.5444183,-7.837723
2019-04-08 17:03:41,18841,1.2045898,-8.509277,-7.525284
2019-04-08 17:03:41,18862,1.8438416,-9.632156,-7.8532867
2019-04-08 17:03:41,18881,2.1874084,-10.709549,-10.009262
2019-04-08 17:03:41,18901,1.497879,-9.277817,-8.245926
2019-04-08 17:03:41,18922,0.45280457,-6.1581726,-6.4778137
2019-04-08 17:03:41,18941,1.315918,-4.7743225,-4.985031
2019-04-08 17:03:42,18961,1.3326721,-5.894806,-6.4023895
2019-04-08 17:03:42,18982,1.245285,-6.337738,-7.8880005
2019-04-08 17:03:42,19001,1.7803955,-5.4973755,-7.248749
2019-04-08 17:03:42,19021,1.4751282,-5.309433,-6.9111633
2019-04-08 17:03:42,19041,0.4947052,-5.2256317,-7.067978
2019-04-08 17:03:42,19061,1.710968,-6.46344,-8.24115
2019-04-08 17:03:42,19082,2.2556458,-8.010086,-11.066299
2019-04-08 17:03:42,19101,1.3231049,-8.75589,-12.290939
2019-04-08 17:03:42,19121,1.1052246,-8.773834,-10.828079
2019-04-08 17:03:42,19141,2.1862183,-7.1697235,-8.49852
2019-04-08 17:03:42,19162,1.3853455,-6.901581,-8.934265
2019-04-08 17:03:42,19181,-0.18763733,-5.9043884,-8.759491
2019-04-08 17:03:42,19201,-0.14215088,-5.2519684,-8.939056
2019-04-08 17:03:42,19221,0.44084167,-5.444702,-7.9071503
2019-04-08 17:03:42,19241,0.4947052,-4.697708,-7.1206512
2019-04-08 17:03:42,19262,0.55096436,-3.5281372,-8.119034
2019-04-08 17:03:42,19281,0.6778717,-3.645462,-9.104248
2019-04-08 17:03:42,19302,-0.33728027,-4.491806,-10.350433
2019-04-08 17:03:42,19321,-0.09666443,-4.985016,-10.233124
2019-04-08 17:03:42,19342,0.36062622,-4.8808746,-9.539993
2019-04-08 17:03:42,19361,-0.3983307,-3.0133972,-10.648514
2019-04-08 17:03:42,19381,-0.6628876,-2.309494,-10.440216
2019-04-08 17:03:42,19402,-0.8220978,-2.9008636,-9.022842
2019-04-08 17:03:42,19422,-0.3803711,-2.6039886,-7.7144165
2019-04-08 17:03:42,19441,-1.2123566,-0.54138184,-7.6737213
2019-04-08 17:03:42,19462,-1.7546387,0.96577454,-8.375214
2019-04-08 17:03:42,19481,-0.79815674,-0.40011597,-8.283035
2019-04-08 17:03:42,19502,0.6132202,-2.8050995,-9.341278
2019-04-08 17:03:42,19521,-0.11222839,-2.803894,-10.229523
2019-04-08 17:03:42,19542,-0.77542114,-2.199356,-9.31015
2019-04-08 17:03:42,19561,-1.1991882,-0.70059204,-9.614212
2019-04-08 17:03:42,19582,-1.5702972,0.6772766,-8.934265
2019-04-08 17:03:42,19601,-0.61979675,0.85324097,-8.457825
2019-04-08 17:03:42,19621,-0.4701538,-0.07450867,-8.867233
2019-04-08 17:03:42,19642,-1.273407,-0.38575745,-7.637802
2019-04-08 17:03:42,19661,-1.0375824,-0.3809662,-7.6629486
2019-04-08 17:03:42,19682,-0.030822754,0.30737305,-8.171707
2019-04-08 17:03:42,19701,0.7688446,-0.6275635,-7.9993286
2019-04-08 17:03:42,19721,-0.09666443,-1.2165375,-8.576324
2019-04-08 17:03:42,19742,-0.69281006,-1.6822205,-9.05278
2019-04-08 17:03:42,19761,-0.61021423,-1.0154266,-10.860397
2019-04-08 17:03:42,19782,1.4655609,-2.9008636,-7.7371674
2019-04-08 17:03:42,19801,-0.3695984,-1.8928986,-8.482956
2019-04-08 17:03:42,19821,-1.1369476,-0.3151245,-8.866028
2019-04-08 17:03:42,19842,-0.23912048,0.29180908,-10.191223
2019-04-08 17:03:42,19861,1.8450317,-2.0473328,-7.7850494
2019-04-08 17:03:42,19881,1.0250244,-4.2440033,-10.055954
2019-04-08 17:03:42,19902,0.35464478,-5.2208405,-9.972153
2019-04-08 17:03:42,19921,0.90411377,-5.0903625,-9.141357
2019-04-08 17:03:42,19941,0.5820923,-4.107544,-9.749496
2019-04-08 17:03:43,19962,0.47914124,-4.1530304,-8.666107
2019-04-08 17:03:43,19981,0.48632812,-4.8844604,-9.245514
2019-04-08 17:03:43,20001,0.5425873,-5.8720703,-8.274658
2019-04-08 17:03:43,20022,1.102829,-5.923538,-8.272263
2019-04-08 17:03:43,20041,0.7700348,-6.354492,-10.245087
2019-04-08 17:03:43,20061,1.5936432,-7.0835266,-9.013275
2019-04-08 17:03:43,20082,1.3781738,-5.5225067,-7.087143
2019-04-08 17:03:43,20101,1.0346069,-3.6358795,-6.70047
2019-04-08 17:03:43,20121,0.28761292,-4.8605194,-7.835327
2019-04-08 17:03:43,20142,0.31155396,-7.606659,-8.238754
2019-04-08 17:03:43,20161,1.3745728,-9.450195,-9.563934
2019-04-08 17:03:43,20182,2.0664978,-10.1936035,-10.303741
2019-04-08 17:03:43,20201,1.999466,-9.155716,-8.825333
2019-04-08 17:03:43,20222,1.1997986,-7.677292,-7.471405
2019-04-08 17:03:43,20241,-0.31333923,-6.281479,-7.3385315
2019-04-08 17:03:43,20262,-0.33129883,-7.1613464,-8.364441
2019-04-08 17:03:43,20281,0.96995544,-8.638565,-8.632599
2019-04-08 17:03:43,20302,1.0693207,-8.091492,-8.225586
2019-04-08 17:03:43,20321,0.73413086,-7.8544617,-7.933487
2019-04-08 17:03:43,20342,1.5948486,-9.138962,-8.007706
2019-04-08 17:03:43,20361,2.071289,-9.101852,-8.269867
2019-04-08 17:03:43,20382,0.335495,-6.294647,-7.9550323
2019-04-08 17:03:43,20401,1.3147278,-5.9486847,-5.4650726
2019-04-08 17:03:43,20421,1.5062561,-7.1541595,-6.142624
2019-04-08 17:03:43,20442,-0.7023926,-6.617859,-6.2192383
2019-04-08 17:03:43,20461,-2.9792786,-3.8046722,-3.6514587
2019-04-08 17:03:43,20482,1.0417786,-5.1861267,-2.2580261
2019-04-08 17:03:43,20501,2.5393524,-9.651321,-8.008911
2019-04-08 17:03:43,20522,3.0708618,-12.328033,-15.207077
2019-04-08 17:03:43,20541,1.5409698,-12.539917,-13.786118
2019-04-08 17:03:43,20561,-0.4091034,-9.652512,-5.272339
2019-04-08 17:03:43,20582,-0.69281006,-6.943466,-4.094391
2019-04-08 17:03:43,20601,0.87538147,-6.502945,-5.668579
2019-04-08 17:03:43,20621,1.1866302,-6.0659943,-8.449432
2019-04-08 17:03:43,20641,1.0597382,-7.879608,-9.48732
2019-04-08 17:03:43,20661,0.75328064,-7.950241,-8.26149
2019-04-08 17:03:43,20682,0.40612793,-7.2008514,-6.2431793
2019-04-08 17:03:43,20701,0.4875183,-6.3952026,-6.7890625
2019-04-08 17:03:43,20722,1.0322113,-7.931076,-8.486542
2019-04-08 17:03:43,20741,1.652298,-8.9761505,-8.633789
2019-04-08 17:03:43,20761,0.5713196,-7.048813,-5.9319305
2019-04-08 17:03:43,20782,-1.273407,-3.9387512,-4.574417
2019-04-08 17:03:43,20801,-2.5004425,-1.2321014,-6.1222687
2019-04-08 17:03:43,20821,0.23373413,-2.728485,-9.608231
2019-04-08 17:03:43,20842,3.438385,-6.2288055,-10.490494
2019-04-08 17:03:43,20861,3.8130646,-7.9131165,-10.96933
2019-04-08 17:03:43,20881,2.1826172,-6.1294403,-8.40036
2019-04-08 17:03:43,20902,-0.17926025,-5.364502,-11.613373
2019-04-08 17:03:43,20921,-0.5431824,-6.334152,-11.450577
2019-04-08 17:03:43,20941,0.76286316,-7.6449738,-10.788574
2019-04-08 17:03:44,20962,0.5557556,-6.863266,-8.113052
2019-04-08 17:03:44,20982,-0.98609924,-3.5628662,-8.521271
2019-04-08 17:03:44,21001,-1.83844,-1.2644196,-8.509293
2019-04-08 17:03:44,21022,-0.98609924,-1.6439056,-8.589493
2019-04-08 17:03:44,21041,1.1806488,-4.0321198,-8.949829
2019-04-08 17:03:44,21062,0.9053192,-2.637497,-10.241501
2019-04-08 17:03:44,21081,-0.33009338,-2.546524,-9.128189
2019-04-08 17:03:44,21102,-1.0292053,-2.8936768,-8.565552
2019-04-08 17:03:44,21121,-1.1967926,-1.64151,-8.778641
2019-04-08 17:03:44,21142,-1.6923981,-1.0513458,-9.766251
2019-04-08 17:03:44,21161,-1.9090729,-0.21456909,-10.721542
2019-04-08 17:03:44,21182,-0.29179382,-2.2173157,-10.462967
2019-04-08 17:03:44,21201,-0.3911438,-2.6817932,-10.342056
2019-04-08 17:03:44,21221,-1.2303162,0.23194885,-9.620209
2019-04-08 17:03:44,21242,-1.3847351,-0.4922943,-8.788223
2019-04-08 17:03:44,21261,-0.93463135,-1.0573273,-6.4813995
2019-04-08 17:03:44,21282,-1.7151337,2.1940002,-6.802231
2019-04-08 17:03:44,21301,-1.99646,2.1197815,-7.178116
2019-04-08 17:03:44,21322,-1.2937622,0.7754364,-7.316986
2019-04-08 17:03:44,21341,0.13557434,-0.72213745,-8.022079
2019-04-08 17:03:44,21361,-0.39712524,0.28701782,-10.840042
2019-04-08 17:03:44,21382,-0.5132446,0.28581238,-11.543945
2019-04-08 17:03:44,21401,0.6814575,-2.1658478,-9.000107
2019-04-08 17:03:44,21421,-0.022445679,-3.1438751,-8.166916
2019-04-08 17:03:44,21441,-0.5419769,-2.2867432,-7.1529846
2019-04-08 17:03:44,21462,-1.6516876,1.0842896,-9.098267
2019-04-08 17:03:44,21481,-0.097854614,0.7095947,-11.564301
2019-04-08 17:03:44,21501,2.893692,-2.7212982,-9.851242
2019-04-08 17:03:44,21522,2.0928345,-5.589554,-10.531204
2019-04-08 17:03:44,21541,-0.1625061,-6.8333435,-10.679642
2019-04-08 17:03:44,21561,-0.5024719,-5.827774,-10.012848
2019-04-08 17:03:44,21582,-0.20201111,-3.7986908,-9.579498
2019-04-08 17:03:44,21601,-0.4773407,-3.2204895,-8.947433
2019-04-08 17:03:44,21621,-0.20201111,-4.036911,-8.366837
2019-04-08 17:03:44,21642,0.7652588,-5.5680084,-6.7148438
2019-04-08 17:03:44,21661,0.81314087,-5.795456,-6.7579346
2019-04-08 17:03:44,21681,0.83947754,-4.9550934,-8.231567
2019-04-08 17:03:44,21702,0.9424286,-5.8086243,-9.180862
2019-04-08 17:03:44,21722,1.2393036,-7.325348,-9.22995
2019-04-08 17:03:44,21741,0.30795288,-7.61026,-10.2043915
2019-04-08 17:03:44,21761,1.9587555,-9.075516,-9.888351
2019-04-08 17:03:44,21782,2.541748,-9.173676,-8.825333
2019-04-08 17:03:44,21801,1.2680359,-7.6796875,-7.337326
2019-04-08 17:03:44,21822,0.28282166,-7.1900787,-7.646179
2019-04-08 17:03:44,21842,0.15234375,-7.389984,-7.494156
2019-04-08 17:03:44,21861,0.2660675,-7.2247925,-7.2439575
2019-04-08 17:03:44,21881,1.2967682,-8.3871765,-7.6102753
2019-04-08 17:03:44,21901,0.7700348,-9.03241,-8.38121
2019-04-08 17:03:44,21921,-0.35523987,-8.640961,-8.922287
2019-04-08 17:03:44,21942,-0.15771484,-8.553574,-8.408737
2019-04-08 17:03:45,21962,0.8658142,-7.8053894,-7.625839
2019-04-08 17:03:45,21981,1.8713684,-8.119019,-7.582733
2019-04-08 17:03:45,22002,0.88375854,-7.381607,-7.953842
2019-04-08 17:03:45,22021,-0.14933777,-6.447876,-7.8760223
2019-04-08 17:03:45,22042,0.46836853,-7.436676,-6.637024
2019-04-08 17:03:45,22061,1.1531067,-7.984955,-6.77948
2019-04-08 17:03:45,22081,1.0094604,-7.982559,-7.463028
2019-04-08 17:03:45,22102,0.41929626,-8.656525,-7.5216827
2019-04-08 17:03:45,22121,0.17747498,-9.018051,-7.950241
2019-04-08 17:03:45,22141,1.1255798,-8.256699,-7.811386
2019-04-08 17:03:45,22161,1.7408905,-7.9957275,-7.859268
2019-04-08 17:03:45,22181,1.3566284,-8.476959,-8.138199
2019-04-08 17:03:45,22202,-0.5707092,-6.3820343,-7.2044525
2019-04-08 17:03:45,22221,-0.035614014,-5.863693,-7.1086884
2019-04-08 17:03:45,22241,0.4216919,-6.7196198,-9.455002
2019-04-08 17:03:45,22262,2.6075897,-9.323303,-10.702377
2019-04-08 17:03:45,22281,1.8929291,-9.587875,-10.369583
2019-04-08 17:03:45,22302,-0.27262878,-5.5021667,-5.8361664
2019-04-08 17:03:45,22321,-0.7490845,-3.7556,-4.135086
2019-04-08 17:03:45,22341,-0.35284424,-4.840164,-6.447891
2019-04-08 17:03:45,22362,-0.80773926,-5.3202057,-10.193619
2019-04-08 17:03:45,22381,-0.42227173,-5.6865234,-12.554291
2019-04-08 17:03:45,22401,0.6802521,-6.2647095,-10.769424
2019-04-08 17:03:45,22422,1.4643555,-6.265915,-9.899124
2019-04-08 17:03:45,22441,1.6379395,-5.147827,-9.129395
2019-04-08 17:03:45,22461,0.9843292,-4.882065,-8.818146
2019-04-08 17:03:45,22482,0.29000854,-4.9922028,-8.557175
2019-04-08 17:03:45,22501,-0.69281006,-4.0225525,-9.314941
2019-04-08 17:03:45,22521,-1.4721222,-2.9822693,-8.968979
2019-04-08 17:03:45,22542,-1.1836243,-3.1618347,-8.097488
2019-04-08 17:03:45,22561,-0.12060547,-3.5437012,-8.069962
2019-04-08 17:03:45,22581,-0.40072632,-3.3414001,-8.821732
2019-04-08 17:03:45,22602,-1.6217651,-3.131897,-9.70639
2019-04-08 17:03:45,22622,-1.8336487,-2.0820465,-10.054749
2019-04-08 17:03:45,22642,-0.24151611,-2.3382263,-9.401138
2019-04-08 17:03:45,22661,-0.03919983,-3.2240753,-7.1924896
2019-04-08 17:03:45,22681,-1.8085175,-1.2775879,-8.3428955
2019-04-08 17:03:45,22701,-2.554306,0.27624512,-9.393951
2019-04-08 17:03:45,22722,-0.68203735,-1.2775879,-9.246704
2019-04-08 17:03:45,22741,-0.35523987,-1.7720032,-9.147354
2019-04-08 17:03:45,22762,-0.85562134,-0.91726685,-8.803787
2019-04-08 17:03:45,22781,-0.7885895,-0.27082825,-8.686462
2019-04-08 17:03:45,22802,-1.1369476,-1.1435242,-7.758713
2019-04-08 17:03:45,22821,-2.0862427,-0.41448975,-8.567947
2019-04-08 17:03:45,22842,-1.3787537,-0.676651,-8.709213
2019-04-08 17:03:45,22861,-0.7490845,-0.92085266,-8.390778
2019-04-08 17:03:45,22881,-1.242279,-0.37738037,-10.459366
2019-04-08 17:03:45,22902,-0.6329651,-2.2077484,-9.5208435
2019-04-08 17:03:45,22921,-0.99687195,-2.3896942,-9.215576
2019-04-08 17:03:45,22942,-1.3248901,-1.8653717,-8.174103
2019-04-08 17:03:46,22961,-1.0567322,-1.7971344,-8.989334
2019-04-08 17:03:46,22981,-1.0519409,-1.1722565,-10.2438965
2019-04-08 17:03:46,23002,0.5234375,-1.8234711,-10.267838
2019-04-08 17:03:46,23021,1.12677,-2.5010376,-9.251495
2019-04-08 17:03:46,23042,0.6012573,-3.4228058,-8.672104
2019-04-08 17:03:46,23061,-0.61021423,-3.6670074,-10.848434
2019-04-08 17:03:46,23081,0.7305298,-4.004593,-10.998062
2019-04-08 17:03:46,23102,1.1902313,-5.2196503,-7.5707703
2019-04-08 17:03:46,23121,1.2620544,-5.1933136,-9.593872
2019-04-08 17:03:46,23141,0.9172821,-5.255554,-9.148544
2019-04-08 17:03:46,23162,2.1718445,-6.12825,-10.128967
2019-04-08 17:03:46,23181,0.8514404,-6.54245,-9.146149
2019-04-08 17:03:46,23201,1.0381927,-6.969803,-8.214813
2019-04-08 17:03:46,23222,-0.16609192,-5.8146057,-8.81456
2019-04-08 17:03:46,23241,2.6327362,-7.915512,-11.7977295
2019-04-08 17:03:46,23262,1.4775238,-8.747498,-8.508102
2019-04-08 17:03:46,23282,-0.11102295,-7.527664,-8.729553
2019-04-08 17:03:46,23302,1.8917236,-9.712372,-10.2834015
2019-04-08 17:03:46,23321,1.8989105,-10.391129,-8.666107
2019-04-08 17:03:46,23341,0.072128296,-8.306976,-7.479782
2019-04-08 17:03:46,23362,-1.1872253,-6.5376587,-7.2786713
2019-04-08 17:03:46,23381,0.43605042,-7.3444977,-7.9394684
2019-04-08 17:03:46,23402,1.1339569,-7.2475433,-8.232758
2019-04-08 17:03:46,23421,0.110443115,-8.156128,-8.8923645
2019-04-08 17:03:46,23441,-0.17207336,-9.832077,-9.680054
2019-04-08 17:03:46,23462,0.39894104,-10.503647,-9.38797
2019-04-08 17:03:46,23481,0.46717834,-9.227539,-7.51091
2019-04-08 17:03:46,23502,-0.11581421,-6.7734833,-6.1797333
2019-04-08 17:03:46,23521,0.050582886,-4.0967712,-4.509781
2019-04-08 17:03:46,23542,0.78201294,-6.238373,-6.151001
2019-04-08 17:03:46,23562,0.7377167,-8.974945,-10.000885
2019-04-08 17:03:46,23581,-0.24389648,-9.464569,-12.122147
2019-04-08 17:03:46,23602,-0.36720276,-7.6042786,-8.527252
2019-04-08 17:03:46,23621,1.9204559,-8.73793,-5.6757507
2019-04-08 17:03:46,23641,1.9168701,-9.958969,-8.040024
2019-04-08 17:03:46,23662,0.71736145,-9.182053,-9.68605
2019-04-08 17:03:46,23681,-0.016448975,-6.914749,-8.187271
2019-04-08 17:03:46,23702,0.45401,-5.5859528,-7.1398163
2019-04-08 17:03:46,23721,0.48153687,-5.218445,-7.241562
2019-04-08 17:03:46,23741,0.70539856,-5.407593,-8.737946
2019-04-08 17:03:46,23761,1.3697815,-7.021286,-9.031235
2019-04-08 17:03:46,23781,0.057769775,-6.6274414,-8.868423
2019-04-08 17:03:46,23802,0.75686646,-6.116272,-8.248322
2019-04-08 17:03:46,23821,2.8529968,-7.223587,-6.5675964
2019-04-08 17:03:46,23841,1.098053,-6.4035797,-7.1853027
2019-04-08 17:03:46,23861,-0.51564026,-3.9602966,-8.697235
2019-04-08 17:03:46,23881,0.22535706,-5.741577,-10.680832
2019-04-08 17:03:46,23902,0.036224365,-6.614273,-10.468948
2019-04-08 17:03:46,23921,0.18824768,-4.2176666,-10.339661
2019-04-08 17:03:46,23941,1.4440155,-3.9998016,-10.10144
2019-04-08 17:03:47,23962,1.5278015,-5.3237915,-11.132141
2019-04-08 17:03:47,23981,0.9831238,-5.290283,-10.057144
2019-04-08 17:03:47,24001,0.42886353,-4.8222046,-9.221573
2019-04-08 17:03:47,24022,-0.5312042,-3.985443,-7.9071503
2019-04-08 17:03:47,24041,-1.8133087,-2.5800323,-8.48056
2019-04-08 17:03:47,24061,-1.2470703,-3.0110016,-7.0213013
2019-04-08 17:03:47,24082,-3.261795,0.88916016,-10.858002
2019-04-08 17:03:47,24101,-0.68922424,-0.24090576,-9.799774
2019-04-08 17:03:47,24121,0.22416687,-4.9526978,-8.866028
2019-04-08 17:03:47,24142,-1.115387,-2.6434784,-9.592667
2019-04-08 17:03:47,24161,-0.91667175,0.61502075,-8.482956
2019-04-08 17:03:47,24181,-1.5439606,0.09188843,-9.74231
2019-04-08 17:03:47,24201,-0.19721985,-0.42166138,-7.58873
2019-04-08 17:03:47,24221,0.57969666,-0.14872742,-7.289444
2019-04-08 17:03:47,24242,-1.8587952,-0.5940552,-7.112274
2019-04-08 17:03:47,24261,-2.7087402,-0.59284973,-8.3824005
2019-04-08 17:03:47,24281,-2.415451,0.051193237,-10.489304
2019-04-08 17:03:47,24302,-1.6241608,0.046401978,-7.6988525
2019-04-08 17:03:47,24322,0.108047485,-0.32829285,-8.393173
2019-04-08 17:03:47,24341,0.21818542,-0.29597473,-8.251923
2019-04-08 17:03:47,24362,-1.2243347,-0.73291016,-7.0979156
2019-04-08 17:03:47,24382,-2.2897491,-0.47673035,-10.010452
2019-04-08 17:03:47,24401,-0.5168457,-1.3398438,-8.759491
2019-04-08 17:03:47,24422,1.0298157,-1.5672913,-11.328461
2019-04-08 17:03:47,24442,2.2245178,-1.8474121,-9.396347
2019-04-08 17:03:47,24461,1.10643,-2.2352753,-10.424652
2019-04-08 17:03:47,24482,0.18824768,-2.7069397,-7.4091644
2019-04-08 17:03:47,24501,-0.8520355,-1.9515686,-7.435501
2019-04-08 17:03:47,24522,-0.53359985,-1.9084625,-7.7491302
2019-04-08 17:03:47,24541,0.54737854,-3.641861,-7.819763
2019-04-08 17:03:47,24562,1.5948486,-4.9826202,-9.866806
2019-04-08 17:03:47,24581,1.5505524,-5.380066,-10.45697
2019-04-08 17:03:47,24601,0.07810974,-5.393219,-10.459366
2019-04-08 17:03:47,24622,-0.04399109,-4.17099,-8.376419
2019-04-08 17:03:47,24641,0.5114746,-4.029724,-7.9514465
2019-04-08 17:03:47,24662,1.7791901,-5.784683,-9.027634
2019-04-08 17:03:47,24681,2.1167755,-7.029663,-8.563156
2019-04-08 17:03:47,24701,1.2644501,-7.8807983,-7.1098785
2019-04-08 17:03:47,24721,0.40731812,-6.72081,-9.130585
2019-04-08 17:03:47,24742,2.078476,-7.9442444,-10.174454
2019-04-08 17:03:47,24761,2.0449524,-8.7235565,-9.391556
2019-04-08 17:03:47,24781,0.8083496,-8.900726,-9.550766
2019-04-08 17:03:47,24801,0.24810791,-8.0507965,-7.538452
2019-04-08 17:03:47,24821,-0.15052795,-7.2020416,-5.909195
2019-04-08 17:03:47,24842,-0.59106445,-7.4546356,-6.4299316
2019-04-08 17:03:47,24861,0.18945312,-9.045578,-8.16214
2019-04-08 17:03:47,24881,0.7832031,-9.796158,-9.113831
2019-04-08 17:03:47,24902,0.77482605,-9.7387085,-9.919479
2019-04-08 17:03:47,24921,1.2895813,-9.913483,-10.260651
2019-04-08 17:03:47,24941,0.8885498,-8.760666,-10.503662
2019-04-08 17:03:48,24962,-0.40670776,-7.064377,-9.140167
2019-04-08 17:03:48,24981,-0.63175964,-6.6765137,-6.7339935
2019-04-08 17:03:48,25001,1.7360992,-7.500122,-5.718857
2019-04-08 17:03:48,25022,2.471115,-7.413925,-7.644989
2019-04-08 17:03:48,25041,2.0018616,-7.9681854,-9.98053
2019-04-08 17:03:48,25062,1.4547882,-8.018463,-8.097488
2019-04-08 17:03:48,25081,1.2309265,-7.953827,-4.8557434
2019-04-08 17:03:48,25102,0.60484314,-7.508499,-5.6123047
2019-04-08 17:03:48,25121,0.48872375,-6.115082,-7.3457184
2019-04-08 17:03:48,25142,0.3821869,-5.6470184,-8.062775
2019-04-08 17:03:48,25162,0.9364319,-6.183319,-8.855255
2019-04-08 17:03:48,25181,1.355423,-6.7950287,-9.296982
2019-04-08 17:03:48,25202,0.77124023,-6.550827,-8.383591
2019-04-08 17:03:48,25221,1.5038605,-5.996567,-6.763916
2019-04-08 17:03:48,25242,1.394928,-6.5579987,-7.7216034
2019-04-08 17:03:48,25261,0.28042603,-6.863266,-9.101852
2019-04-08 17:03:48,25282,0.091278076,-6.1067047,-9.660904
2019-04-08 17:03:48,25301,1.137558,-5.328583,-9.867996
2019-04-08 17:03:48,25322,1.5661163,-5.250778,-9.675262
2019-04-08 17:03:48,25341,0.83587646,-5.171768,-9.174881
2019-04-08 17:03:48,25362,0.83348083,-5.031708,-8.927078
2019-04-08 17:03:48,25381,1.102829,-4.4702606,-10.313324
2019-04-08 17:03:48,25402,2.1754303,-5.266327,-13.602951
2019-04-08 17:03:48,25421,2.0198212,-7.5923004,-11.943771
2019-04-08 17:03:48,25442,1.1315613,-7.2008514,-7.0548096
2019-04-08 17:03:48,25461,0.091278076,-5.135849,-5.617096
2019-04-08 17:03:48,25481,-2.1089935,-2.3298492,-6.743576
2019-04-08 17:03:48,25502,-4.788101,0.15054321,-11.816879
2019-04-08 17:03:48,25521,-4.092575,0.011688232,-12.524368
2019-04-08 17:03:48,25542,1.9324188,-3.67659,-6.985382
2019-04-08 17:03:48,25561,2.4507751,-3.9303741,-7.974182
2019-04-08 17:03:48,25582,-0.9621582,-0.65270996,-9.24791
2019-04-08 17:03:48,25601,-2.269394,-0.06852722,-8.737946
2019-04-08 17:03:48,25621,-1.2434845,-2.2903442,-9.317337
2019-04-08 17:03:48,25641,-0.22834778,-1.9946594,-9.984116
2019-04-08 17:03:48,25661,-2.0419464,1.3835602,-9.761459
2019-04-08 17:03:48,25682,0.120010376,1.105835,-8.271072
2019-04-08 17:03:48,25701,-0.7047882,-0.08169556,-6.866867
2019-04-08 17:03:48,25722,-2.5399475,-0.7269287,-7.545624
2019-04-08 17:03:48,25741,-3.7777405,-1.0537415,-7.870041
2019-04-08 17:03:48,25761,-1.9485779,-0.6682739,-8.9318695
2019-04-08 17:03:48,25782,-0.96336365,1.2111816,-9.74231
2019-04-08 17:03:48,25801,1.0561523,0.44622803,-7.9789734
2019-04-08 17:03:48,25822,0.588089,-1.4643402,-7.059601
2019-04-08 17:03:48,25841,-0.9513855,-2.3442078,-6.1522064
2019-04-08 17:03:48,25861,-2.7482452,-1.4092712,-8.886383
2019-04-08 17:03:48,25882,-0.70718384,0.3420868,-12.468109
2019-04-08 17:03:48,25901,3.616745,-2.827835,-3.3821106
2019-04-08 17:03:48,25921,0.68504333,-1.6367188,-6.9243317
2019-04-08 17:03:48,25942,-1.2458801,2.0671082,-14.870682
2019-04-08 17:03:49,25962,3.1259308,-2.119156,-10.336075
2019-04-08 17:03:49,25982,0.88975525,-5.25795,-8.709213
2019-04-08 17:03:49,26001,-1.5295868,-6.270706,-9.793777
2019-04-08 17:03:49,26022,-0.5719147,-5.3824463,-8.676895
2019-04-08 17:03:49,26041,1.2967682,-3.61792,-8.797791
2019-04-08 17:03:49,26062,2.5956268,-3.4922333,-8.797791
2019-04-08 17:03:49,26081,2.9607391,-5.606308,-9.006088
2019-04-08 17:03:49,26102,1.7408905,-8.257889,-8.711609
2019-04-08 17:03:49,26121,-0.017654419,-7.986145,-7.804199
2019-04-08 17:03:49,26142,-0.6269684,-3.494629,-7.2319946
2019-04-08 17:03:49,26161,0.3474579,-2.9547272,-7.1805115
2019-04-08 17:03:49,26182,1.0549469,-5.795456,-10.288193
2019-04-08 17:03:49,26201,3.5999908,-10.526398,-12.624924
2019-04-08 17:03:49,26222,3.304306,-14.389435,-10.887939
2019-04-08 17:03:49,26241,-0.4988861,-6.767502,-6.154602
2019-04-08 17:03:49,26262,-1.0184326,-5.2842865,-6.52211
2019-04-08 17:03:49,26281,1.5625153,-9.340073,-8.506897
2019-04-08 17:03:49,26302,0.71258545,-8.253098,-6.842926
2019-04-08 17:03:49,26321,0.42767334,-9.560333,-8.233963
2019-04-08 17:03:49,26342,0.7772217,-10.557526,-9.241913
2019-04-08 17:03:49,26361,-0.881958,-6.8022156,-7.758713
2019-04-08 17:03:49,26381,-1.1261597,-5.6960907,-6.336563
2019-04-08 17:03:49,26402,-0.16369629,-6.827347,-7.1158752
2019-04-08 17:03:49,26421,1.6535034,-9.547165,-8.99292
2019-04-08 17:03:49,26441,0.5437927,-8.50209,-10.531204
2019-04-08 17:03:49,26462,-1.0303955,-5.7427826,-9.311356
2019-04-08 17:03:49,26481,1.1231842,-5.6314545,-5.912781
2019-04-08 17:03:49,26501,2.9583435,-8.7235565,-6.514923
2019-04-08 17:03:49,26522,1.0992432,-9.385559,-10.923843
2019-04-08 17:03:49,26541,1.7851868,-8.747498,-10.847229
2019-04-08 17:03:49,26561,2.6327362,-7.9418488,-8.073547
2019-04-08 17:03:49,26582,0.588089,-6.428726,-5.13945
2019-04-08 17:03:49,26601,-0.31692505,-6.314987,-5.9031982
2019-04-08 17:03:49,26621,1.0441742,-7.160141,-7.3193817
2019-04-08 17:03:49,26642,1.1507263,-7.2415466,-8.266281
2019-04-08 17:03:49,26661,1.4404144,-6.3389435,-8.605057
2019-04-08 17:03:49,26681,0.9555969,-5.1849365,-9.396347
2019-04-08 17:03:49,26702,1.7097626,-7.254715,-9.699219
2019-04-08 17:03:49,26721,1.1315613,-8.666107,-11.136932
2019-04-08 17:03:49,26741,0.2995758,-7.974182,-10.285797
2019-04-08 17:03:49,26762,0.122406006,-6.4143524,-7.8365173
2019-04-08 17:03:49,26782,0.23612976,-4.372101,-7.743149
2019-04-08 17:03:49,26801,0.14157104,-4.7096863,-9.15213
2019-04-08 17:03:49,26822,-0.0655365,-4.235626,-9.24791
2019-04-08 17:03:49,26842,0.4336548,-5.199295,-8.710403
2019-04-08 17:03:49,26861,1.0405884,-7.0559998,-7.9358826
2019-04-08 17:03:49,26882,-0.5467682,-4.5911713,-7.7766724
2019-04-08 17:03:49,26901,-1.2961578,0.8544464,-10.877167
2019-04-08 17:03:49,26922,-0.1517334,-0.95318604,-11.1884
2019-04-08 17:03:49,26941,0.086502075,-4.680954,-8.180084
2019-04-08 17:03:50,26962,1.0609436,-3.629898,-9.088684
2019-04-08 17:03:50,26981,-0.0032806396,-2.1335144,-9.981735
2019-04-08 17:03:50,27002,-2.538742,-2.1239471,-10.543167
2019-04-08 17:03:50,27021,-1.5786743,-1.7672119,-10.009262
2019-04-08 17:03:50,27042,1.197403,-3.4754639,-7.8760223
2019-04-08 17:03:50,27062,-0.037994385,-2.9583282,-8.168121
2019-04-08 17:03:50,27081,-1.7582397,0.4031372,-9.235931
2019-04-08 17:03:50,27101,-1.8480225,-0.23970032,-8.721176
2019-04-08 17:03:50,27122,-2.217926,1.679245,-6.8608856
2019-04-08 17:03:50,27141,-1.7199249,2.560318,-7.9035645
2019-04-08 17:03:50,27162,-0.1852417,-0.62039185,-7.11467
2019-04-08 17:03:50,27181,-0.68203735,-1.1111908,-7.0057373
2019-04-08 17:03:50,27201,-2.6811981,-1.681015,-9.221573
2019-04-08 17:03:50,27222,-2.3914948,-1.5086365,-7.375641
2019-04-08 17:03:50,27241,-1.5032501,-0.16548157,-7.644989
2019-04-08 17:03:50,27261,-1.4601593,1.576294,-8.141785
2019-04-08 17:03:50,27282,0.6599121,0.6126251,-8.387192
2019-04-08 17:03:50,27301,0.71736145,-1.8689575,-8.982147
2019-04-08 17:03:50,27321,-0.73831177,-3.1390839,-10.140945
2019-04-08 17:03:50,27342,-0.045181274,-2.3262482,-9.994888
2019-04-08 17:03:50,27361,1.3661957,-0.13674927,-10.798157
2019-04-08 17:03:50,27381,3.3342285,-1.5038452,-8.423096
2019-04-08 17:03:50,27402,1.5912476,-4.0716248,-6.075592
2019-04-08 17:03:50,27421,-1.9402008,-4.005783,-10.295364
2019-04-08 17:03:50,27441,0.09727478,-4.5085754,-8.703217
2019-04-08 17:03:50,27462,1.1902313,-4.66539,-7.1374207
2019-04-08 17:03:50,27481,1.3338776,-3.4335785,-10.350433
2019-04-08 17:03:50,27501,2.35141,-4.421173,-7.6868896
2019-04-08 17:03:50,27522,0.28163147,-6.28627,-8.696045
2019-04-08 17:03:50,27541,-0.9657593,-7.326538,-12.027573
2019-04-08 17:03:50,27562,1.4954834,-7.617447,-8.378815
2019-04-08 17:03:50,27581,1.1387482,-5.606308,-5.4914093
2019-04-08 17:03:50,27601,0.509079,-4.6641846,-7.210434
2019-04-08 17:03:50,27622,1.0956573,-6.998535,-10.166077
2019-04-08 17:03:50,27641,2.8075104,-10.640121,-10.679642
2019-04-08 17:03:50,27662,1.8151093,-11.099808,-9.1844635
2019-04-08 17:03:50,27682,0.57492065,-9.234726,-8.108261
2019-04-08 17:03:50,27701,-1.3560028,-5.89122,-6.578369
2019-04-08 17:03:50,27722,-0.51564026,-5.7355957,-7.1242523
2019-04-08 17:03:50,27741,0.9532013,-7.5264587,-8.460205
2019-04-08 17:03:50,27762,0.61680603,-8.59787,-9.255081
2019-04-08 17:03:50,27781,0.3103485,-9.402313,-8.488937
2019-04-08 17:03:50,27802,-0.6473236,-8.200424,-8.226776
2019-04-08 17:03:50,27821,-1.6923981,-4.5995483,-6.9913635
2019-04-08 17:03:50,27841,1.9180603,-9.750671,-6.4813995
2019-04-08 17:03:50,27861,2.3921204,-13.300079,-10.434235
2019-04-08 17:03:50,27881,0.38816833,-9.888336,-12.058701
2019-04-08 17:03:50,27902,0.36901855,-7.4546356,-9.123413
2019-04-08 17:03:50,27921,0.14755249,-7.3038025,-4.7180786
2019-04-08 17:03:50,27941,0.7616577,-7.527664,-4.133896
2019-04-08 17:03:51,27962,1.2871857,-7.5204773,-8.733154
2019-04-08 17:03:51,27981,-0.069122314,-6.361679,-10.006866
2019-04-08 17:03:51,28002,1.0489655,-6.420334,-6.999756
2019-04-08 17:03:51,28021,2.996643,-8.00769,-7.395996
2019-04-08 17:03:51,28042,0.4719696,-6.954239,-7.910736
2019-04-08 17:03:51,28061,-0.3037567,-5.364502,-6.4969635
2019-04-08 17:03:51,28081,0.6802521,-5.5440674,-6.585556
2019-04-08 17:03:51,28102,0.45999146,-5.6793365,-8.375214
2019-04-08 17:03:51,28121,0.45640564,-5.4901886,-9.641754
2019-04-08 17:03:51,28141,2.0964355,-7.61026,-11.450577
2019-04-08 17:03:51,28162,2.3897247,-8.596664,-12.832031
2019-04-08 17:03:51,28181,0.52822876,-7.0392456,-10.735901
2019-04-08 17:03:51,28201,1.1255798,-5.8816376,-8.014893
2019-04-08 17:03:51,28222,1.0046692,-6.816574,-8.840897
2019-04-08 17:03:51,28241,-0.31692505,-5.3309784,-7.009323
2019-04-08 17:03:51,28261,-1.1225739,-2.9355774,-7.344513
2019-04-08 17:03:51,28282,-1.328476,-2.661438,-9.80217
2019-04-08 17:03:51,28301,-0.97413635,-3.7436218,-10.4461975
2019-04-08 17:03:51,28322,0.78559875,-3.6095428,-10.064331
2019-04-08 17:03:51,28341,1.4523926,-3.633484,-9.024048
2019-04-08 17:03:51,28361,0.03741455,-3.2169037,-8.018478
2019-04-08 17:03:51,28382,-1.3069305,-2.1562653,-8.936661
2019-04-08 17:03:51,28401,-2.0790558,-1.3266754,-9.073135
2019-04-08 17:03:51,28421,-1.3775635,-1.3302612,-9.058762
2019-04-08 17:03:51,28442,0.3761902,-2.8027039,-8.449432
2019-04-08 17:03:51,28462,0.108047485,-4.083603,-9.674072
2019-04-08 17:03:51,28481,-1.391922,-2.1466827,-10.179245
2019-04-08 17:03:51,28502,-2.4417877,0.7071991,-12.052719
2019-04-08 17:03:51,28521,-0.15531921,-1.7229156,-10.247482
2019-04-08 17:03:51,28542,-0.6509247,-1.7696075,-7.7682953
2019-04-08 17:03:51,28562,-1.1596832,1.0627441,-5.0173492
2019-04-08 17:03:51,28581,-1.7354889,1.8899384,-3.7256775
2019-04-08 17:03:51,28602,-1.297348,0.85684204,-5.644638
2019-04-08 17:03:51,28621,-1.9785004,0.11343384,-7.424713
2019-04-08 17:03:51,28642,-0.95617676,-0.6586914,-8.8528595
2019-04-08 17:03:51,28661,0.16072083,-1.241684,-9.633377
2019-04-08 17:03:51,28681,-0.21038818,-1.8342438,-8.061584
2019-04-08 17:03:51,28702,-1.2925568,-0.60961914,-8.698441
2019-04-08 17:03:51,28721,-1.367981,-0.27082825,-8.5559845
2019-04-08 17:03:51,28742,-1.2949524,-1.0298004,-10.453384
2019-04-08 17:03:51,28761,0.072128296,-1.4954681,-11.193192
2019-04-08 17:03:51,28782,2.299942,-2.7428436,-10.225937
2019-04-08 17:03:51,28801,1.6606903,-4.332596,-9.653717
2019-04-08 17:03:51,28821,0.36901855,-6.3904114,-7.4773865
2019-04-08 17:03:51,28842,-0.7047882,-5.1729584,-6.890808
2019-04-08 17:03:51,28861,-1.3260803,-2.7787628,-7.901169
2019-04-08 17:03:51,28881,0.03501892,-2.254425,-8.000519
2019-04-08 17:03:51,28902,2.0509338,-2.8457947,-8.111862
2019-04-08 17:03:51,28921,3.0636902,-4.8413696,-9.708786
2019-04-08 17:03:51,28941,1.9707336,-7.5456085,-10.695206
2019-04-08 17:03:52,28962,1.1016388,-9.8619995,-10.265442
2019-04-08 17:03:52,28981,-0.0942688,-8.844467,-8.846878
2019-04-08 17:03:52,29001,-0.21038818,-6.8369293,-7.922714
2019-04-08 17:03:52,29022,0.53541565,-6.353302,-7.996933
2019-04-08 17:03:52,29041,2.5740662,-8.464981,-8.429092
2019-04-08 17:03:52,29062,2.3107147,-11.021988,-9.44902
2019-04-08 17:03:52,29081,1.0908661,-8.740326,-6.9243317
2019-04-08 17:03:52,29101,-0.9897003,-5.33696,-6.312607
2019-04-08 17:03:52,29122,-0.6006317,-5.875656,-7.435501
2019-04-08 17:03:52,29141,-0.04399109,-6.8536835,-9.658508
2019-04-08 17:03:52,29161,-0.3289032,-6.9315033,-10.04039
2019-04-08 17:03:52,29182,0.7784271,-10.14093,-9.932648
2019-04-08 17:03:52,29201,0.74609375,-11.294937,-10.027222
2019-04-08 17:03:52,29221,0.122406006,-9.216766,-9.123413
2019-04-08 17:03:52,29242,1.4452057,-7.982559,-6.7687073
2019-04-08 17:03:52,29261,0.87298584,-7.314575,-5.7296295
2019-04-08 17:03:52,29282,1.0286102,-6.717224,-5.679352
2019-04-08 17:03:52,29301,0.45280457,-7.716797,-8.041229
2019-04-08 17:03:52,29322,-2.0610962,-7.0667725,-8.742722
2019-04-08 17:03:52,29342,0.15353394,-9.141342,-7.6904755
2019-04-08 17:03:52,29361,2.4160614,-9.421478,-7.819763
2019-04-08 17:03:52,29382,1.379364,-7.1661377,-6.435913
2019-04-08 17:03:52,29401,-0.7407074,-5.1609955,-7.8365173
2019-04-08 17:03:52,29422,1.6941986,-8.517654,-8.152557
2019-04-08 17:03:52,29441,1.1387482,-9.720749,-10.649704
2019-04-08 17:03:52,29462,-0.7921753,-6.0659943,-10.43663
2019-04-08 17:03:52,29481,1.2177582,-7.2439423,-8.856445
2019-04-08 17:03:52,29502,1.9216461,-8.729553,-8.128616
2019-04-08 17:03:52,29521,-0.16011047,-6.838135,-8.582321
2019-04-08 17:03:52,29541,0.12719727,-6.356888,-7.533661
2019-04-08 17:03:52,29562,0.45880127,-6.3916016,-7.4342957
2019-04-08 17:03:52,29581,0.20620728,-5.664963,-6.8872223
2019-04-08 17:03:52,29601,-1.0136414,-3.7077026,-9.123413
2019-04-08 17:03:52,29622,0.2313385,-4.7431946,-13.573029
2019-04-08 17:03:52,29641,2.0928345,-7.723984,-10.960953
2019-04-08 17:03:52,29662,1.6822357,-6.0480347,-8.406342
2019-04-08 17:03:52,29681,0.5832977,-2.597992,-8.924683
2019-04-08 17:03:52,29701,-0.61979675,-3.5365295,-9.847656
2019-04-08 17:03:52,29722,-1.154892,-6.6669464,-9.377197
2019-04-08 17:03:52,29741,-1.5092316,-4.3421783,-10.008057
2019-04-08 17:03:52,29761,-1.0770874,-1.6307373,-8.685272
2019-04-08 17:03:52,29782,-0.59825134,-2.1742249,-6.578369
2019-04-08 17:03:52,29801,-0.545578,-1.1291504,-7.1637573
2019-04-08 17:03:52,29822,-1.3296661,0.8879547,-8.314163
2019-04-08 17:03:52,29841,-1.2458801,-1.5110321,-6.5328827
2019-04-08 17:03:52,29861,-1.9701233,-1.0681,-8.150162
2019-04-08 17:03:52,29882,-0.75027466,3.4030762,-9.417892
2019-04-08 17:03:52,29901,0.8550415,-2.6542664,-7.961029
2019-04-08 17:03:52,29921,-0.49409485,-2.677002,-7.712021
2019-04-08 17:03:52,29942,-1.7905579,-0.027816772,-6.063614
2019-04-08 17:03:53,29961,-3.9788513,1.4290466,-9.286209
2019-04-08 17:03:53,29981,-1.5978241,1.6385498,-9.8919525
2019-04-08 17:03:53,30002,1.537384,1.2111816,-9.816528
2019-04-08 17:03:53,30021,1.5840759,-0.39413452,-10.543167
2019-04-08 17:03:53,30041,-0.550354,-3.7735443,-7.799408
2019-04-08 17:03:53,30062,-1.2865753,-4.1853485,-6.894409
2019-04-08 17:03:53,30082,-3.929779,0.30856323,-9.206009
2019-04-08 17:03:53,30102,-0.5539551,0.4546051,-7.407959
2019-04-08 17:03:53,30121,2.9439697,-1.5182037,-4.3816833
2019-04-08 17:03:53,30142,0.07572937,-2.890091,-9.838074
2019-04-08 17:03:53,30161,0.12600708,-4.345764,-11.309311
2019-04-08 17:03:53,30182,2.0521393,-5.389633,-6.8441315
2019-04-08 17:03:53,30201,-0.6269684,-4.297882,-9.098267
2019-04-08 17:03:53,30222,-0.9944916,-2.4268036,-10.144531
2019-04-08 17:03:53,30241,1.0537567,-2.3705444,-10.502472
2019-04-08 17:03:53,30262,2.703354,-5.7104645,-9.6154175
2019-04-08 17:03:53,30281,1.9707336,-8.459,-7.002136
2019-04-08 17:03:53,30302,-0.13017273,-7.3876038,-8.393173
2019-04-08 17:03:53,30321,-0.34565735,-5.9367065,-10.391144
2019-04-08 17:03:53,30341,1.8845367,-7.191269,-8.945038
2019-04-08 17:03:53,30362,0.41329956,-6.2766876,-7.3349304
2019-04-08 17:03:53,30381,0.68504333,-6.8105927,-7.1206512
2019-04-08 17:03:53,30402,1.4966888,-8.6996155,-8.031647
2019-04-08 17:03:53,30421,0.011077881,-7.009308,-9.063553
2019-04-08 17:03:53,30441,-0.18045044,-7.301407,-10.170868
2019-04-08 17:03:53,30462,0.9136963,-12.802078,-12.9756775
2019-04-08 17:03:53,30481,0.53900146,-11.388306,-10.011658
2019-04-08 17:03:53,30501,1.355423,-7.8855896,-6.775894
2019-04-08 17:03:53,30521,0.013473511,-5.977417,-6.9506683
2019-04-08 17:03:53,30542,-0.6174011,-6.2204285,-6.7818756
2019-04-08 17:03:53,30561,-0.009277344,-7.491745,-6.5987244
2019-04-08 17:03:53,30581,-0.43423462,-6.3975983,-6.5759735
2019-04-08 17:03:53,30602,0.24331665,-6.0983124,-7.6545563
2019-04-08 17:03:53,30621,1.4440155,-8.074738,-9.320923
2019-04-08 17:03:53,30641,1.1495209,-9.460968,-11.177628
2019-04-08 17:03:53,30661,0.4432373,-10.213959,-10.023621
2019-04-08 17:03:53,30682,0.35105896,-9.346054,-7.606674
2019-04-08 17:03:53,30701,0.6287842,-8.7786255,-6.5711823
2019-04-08 17:03:53,30721,-0.09187317,-9.028824,-6.641815
2019-04-08 17:03:53,30742,0.067337036,-8.621811,-8.139389
2019-04-08 17:03:53,30761,2.462738,-9.326904,-9.332901
2019-04-08 17:03:53,30782,0.8670044,-6.3712616,-8.157349
2019-04-08 17:03:53,30801,-1.6217651,-3.6430664,-6.091156
2019-04-08 17:03:53,30821,-0.9035034,-3.7831268,-5.2759247
2019-04-08 17:03:53,30842,0.53900146,-6.559204,-8.1453705
2019-04-08 17:03:53,30861,0.34387207,-6.993744,-10.952576
2019-04-08 17:03:53,30881,0.8083496,-7.421112,-10.848434
2019-04-08 17:03:53,30902,0.41929626,-6.4263306,-8.850464
2019-04-08 17:03:53,30921,1.2871857,-7.253525,-8.737946
2019-04-08 17:03:53,30942,1.1207886,-7.978958,-10.883148
2019-04-08 17:03:54,30961,0.25888062,-6.7160187,-12.013214
2019-04-08 17:03:54,30982,0.1870575,-5.4626617,-11.438599
2019-04-08 17:03:54,31001,0.5342102,-5.642227,-7.622238
2019-04-08 17:03:54,31022,-0.43544006,-4.5025787,-6.4454956
2019-04-08 17:03:54,31042,-1.3428345,-1.1519012,-7.58992
2019-04-08 17:03:54,31061,-0.24031067,-1.9611359,-6.9554596
2019-04-08 17:03:54,31082,-0.3911438,-3.5437012,-6.822586
2019-04-08 17:03:54,31101,-0.83647156,-0.47673035,-8.882782
2019-04-08 17:03:54,31122,0.04699707,-0.23371887,-9.800964
2019-04-08 17:03:54,31141,0.5605469,-2.4244232,-9.869202
2019-04-08 17:03:54,31161,-0.8173218,-1.7540436,-10.333679
2019-04-08 17:03:54,31182,-2.3819275,-0.3917389,-11.780975
2019-04-08 17:03:54,31201,-1.4421997,-3.0540924,-9.275436
2019-04-08 17:03:54,31221,-1.8563995,-1.3398438,-11.140518
2019-04-08 17:03:54,31242,-1.4481812,0.21998596,-9.446625
2019-04-08 17:03:54,31261,-0.36001587,-3.8262177,-6.977005
2019-04-08 17:03:54,31281,-1.4613495,-1.3362579,-5.7727203
2019-04-08 17:03:54,31302,-2.545929,4.099777,-6.5999146
2019-04-08 17:03:54,31321,-0.25468445,0.05596924,-7.063202
2019-04-08 17:03:54,31341,-0.27622986,-1.0561371,-4.5756226
2019-04-08 17:03:54,31361,-1.5966339,2.2873688,-8.625412
2019-04-08 17:03:54,31382,-2.64888,0.84007263,-8.6349945
2019-04-08 17:03:54,31401,0.76405334,-2.733261,-9.656113
2019-04-08 17:03:54,31421,0.97714233,-2.7512207,-8.365646
2019-04-08 17:03:54,31441,-0.4079132,-2.5022278,-8.299805
2019-04-08 17:03:54,31462,-0.7407074,-1.4894867,-12.417831
2019-04-08 17:03:54,31481,0.66947937,-2.436386,-9.238327
2019-04-08 17:03:54,31501,0.66589355,-3.8094635,-6.9111633
2019-04-08 17:03:54,31521,-0.28819275,-3.063675,-9.255081
2019-04-08 17:03:54,31541,-0.17686462,-3.6550293,-9.935043
2019-04-08 17:03:54,31561,0.6395569,-5.151413,-9.056366
2019-04-08 17:03:54,31582,1.3231049,-4.8210144,-9.166504
2019-04-08 17:03:54,31601,0.53541565,-5.2244415,-9.58548
2019-04-08 17:03:54,31621,1.1148071,-7.4019623,-9.635773
2019-04-08 17:03:54,31642,0.6886444,-7.785034,-9.073135
2019-04-08 17:03:54,31661,0.5557556,-7.0033264,-8.121429
2019-04-08 17:03:54,31681,0.6802521,-6.353302,-8.255508
2019-04-08 17:03:54,31702,1.2488861,-7.479767,-8.299805
2019-04-08 17:03:54,31721,0.50668335,-7.650955,-7.327759
2019-04-08 17:03:54,31741,0.35824585,-7.253525,-7.3792267
2019-04-08 17:03:54,31762,0.67308044,-7.4857635,-7.9358826
2019-04-08 17:03:54,31782,1.3757782,-9.09227,-8.535629
2019-04-08 17:03:54,31801,0.41809082,-7.9250946,-8.960602
2019-04-08 17:03:54,31822,-2.035965,-4.897629,-8.897156
2019-04-08 17:03:54,31841,1.0705109,-9.131775,-9.7782135
2019-04-08 17:03:54,31862,2.062912,-11.679199,-11.164459
2019-04-08 17:03:54,31881,0.08769226,-8.871994,-10.332474
2019-04-08 17:03:54,31902,0.42407227,-8.582306,-8.092697
2019-04-08 17:03:54,31921,1.0681152,-9.52681,-7.585129
2019-04-08 17:03:54,31942,0.41809082,-8.929459,-6.5759735
2019-04-08 17:03:55,31961,-0.9537811,-6.6837006,-5.3908386
2019-04-08 17:03:55,31982,-0.37797546,-6.346115,-4.762375
2019-04-08 17:03:55,32001,0.6060333,-8.1896515,-6.933914
2019-04-08 17:03:55,32022,0.0493927,-9.024033,-9.153336
2019-04-08 17:03:55,32041,-0.6329651,-7.2475433,-8.776245
2019-04-08 17:03:55,32061,-0.07511902,-6.961426,-8.24353
2019-04-08 17:03:55,32081,1.6307526,-9.161697,-7.328949
2019-04-08 17:03:55,32101,1.2776184,-8.087906,-8.1250305
2019-04-08 17:03:55,32121,-0.8209076,-5.4458923,-8.504501
2019-04-08 17:03:55,32141,-0.0368042,-7.199646,-7.573166
2019-04-08 17:03:55,32162,0.26127625,-7.174515,-9.14975
2019-04-08 17:03:55,32181,0.7951813,-7.4857635,-11.296143
2019-04-08 17:03:55,32201,1.6199799,-8.259079,-10.783783
2019-04-08 17:03:55,32221,0.40133667,-6.504135,-9.17009
2019-04-08 17:03:55,32242,0.55096436,-6.033676,-8.886383
2019-04-08 17:03:55,32261,0.8191223,-7.8101807,-8.952225
2019-04-08 17:03:55,32281,-0.41748047,-7.2128143,-7.439087
2019-04-08 17:03:55,32301,-1.4146729,-4.0788116,-7.126648
2019-04-08 17:03:55,32322,-1.2865753,-2.0616913,-9.751877
2019-04-08 17:03:55,32341,0.120010376,-4.6594086,-10.59584
2019-04-08 17:03:55,32361,1.1962128,-6.9554443,-8.760681
2019-04-08 17:03:55,32382,0.5318146,-5.119095,-9.252701
2019-04-08 17:03:55,32401,-0.7909851,-2.538147,-10.679642
2019-04-08 17:03:55,32421,-2.5112152,-0.8143158,-11.9952545
2019-04-08 17:03:55,32442,-1.4565735,-2.4902496,-9.2682495
2019-04-08 17:03:55,32461,-0.061950684,-4.696518,-7.1565704
2019-04-08 17:03:55,32481,-1.5750732,-0.8179016,-7.0763702
2019-04-08 17:03:55,32502,-2.2167206,1.46138,-6.3772583
2019-04-08 17:03:55,32521,-1.6828156,-0.058944702,-6.451477
2019-04-08 17:03:55,32541,-0.26664734,-0.38575745,-7.8796234
2019-04-08 17:03:55,32562,0.14874268,-0.31272888,-9.022842
2019-04-08 17:03:55,32582,-0.49050903,-1.1542969,-8.790619
2019-04-08 17:03:55,32602,-1.0040588,-0.04458618,-6.139038
2019-04-08 17:03:55,32622,-1.5176239,1.524826,-8.152557
2019-04-08 17:03:55,32641,-1.3500214,0.15533447,-9.136581
2019-04-08 17:03:55,32662,-1.2087708,0.6317749,-8.265091
2019-04-08 17:03:55,32682,-1.3823395,0.91070557,-9.220367
2019-04-08 17:03:55,32701,-0.6832428,-0.7927704,-9.684845
2019-04-08 17:03:55,32722,0.57850647,-2.8302307,-8.417114
2019-04-08 17:03:55,32741,0.2852173,-2.2795715,-6.139038
2019-04-08 17:03:55,32762,-1.2710114,-0.18704224,-7.3026123
2019-04-08 17:03:55,32781,-0.8352661,-1.0788727,-7.842514
2019-04-08 17:03:55,32802,0.2492981,-2.4016724,-6.9027863
2019-04-08 17:03:55,32821,-0.15890503,-0.5473633,-9.195236
2019-04-08 17:03:55,32842,-0.22355652,-1.6941833,-11.160873
2019-04-08 17:03:55,32861,0.86102295,-7.021286,-11.278183
2019-04-08 17:03:55,32881,0.8741913,-7.5097046,-10.205582
2019-04-08 17:03:55,32902,-0.65330505,-5.664963,-10.124176
2019-04-08 17:03:55,32921,-0.34924316,-4.009384,-10.478531
2019-04-08 17:03:55,32941,0.5629425,-4.8329773,-7.43071
2019-04-08 17:03:56,32961,0.10206604,-6.0779724,-6.2012787
2019-04-08 17:03:56,32982,-0.77900696,-5.5440674,-8.413528
2019-04-08 17:03:56,33001,0.33789062,-6.5220947,-9.493317
2019-04-08 17:03:56,33021,1.6642761,-8.3871765,-7.6593475
2019-04-08 17:03:56,33041,-0.1960144,-5.882843,-6.561615
2019-04-08 17:03:56,33062,-0.37438965,-4.9048157,-6.9195404
2019-04-08 17:03:56,33081,1.9910889,-8.668488,-10.115799
2019-04-08 17:03:56,33101,0.97953796,-9.829681,-12.186783
2019-04-08 17:03:56,33121,-1.0148315,-7.5049133,-10.750259
2019-04-08 17:03:56,33142,-0.078704834,-9.476532,-9.611816
2019-04-08 17:03:56,33161,1.9384155,-13.533508,-10.546753
2019-04-08 17:03:56,33181,0.8382721,-11.833633,-9.484924
2019-04-08 17:03:56,33202,-0.44262695,-7.45343,-6.3305664
2019-04-08 17:03:56,33221,0.5545654,-5.741577,-4.349365
2019-04-08 17:03:56,33241,0.7197571,-5.2100677,-4.993408
2019-04-08 17:03:56,33262,0.15353394,-5.1897125,-7.1134796
2019-04-08 17:03:56,33281,-0.60302734,-6.559204,-9.046799
2019-04-08 17:03:56,33301,-0.25827026,-7.984955,-9.591476
2019-04-08 17:03:56,33321,0.38098145,-9.265854,-9.221573
2019-04-08 17:03:56,33341,0.54977417,-10.544357,-8.369232
2019-04-08 17:03:56,33362,-0.9406128,-10.410278,-6.1174927
2019-04-08 17:03:56,33381,0.030227661,-9.334076,-5.814621
2019-04-08 17:03:56,33401,1.5242157,-9.721939,-7.4929504
2019-04-08 17:03:56,33422,0.27204895,-7.554001,-9.425079
2019-04-08 17:03:56,33441,-0.6976013,-6.155777,-9.787796
2019-04-08 17:03:56,33462,-0.39712524,-7.321762,-9.601044
2019-04-08 17:03:56,33481,0.8490448,-7.53125,-9.398743
2019-04-08 17:03:56,33502,2.2388916,-7.571945,-8.231567
2019-04-08 17:03:56,33522,0.35943604,-6.289856,-5.819412
2019-04-08 17:03:56,33541,-1.6816254,-4.7180634,-4.74321
2019-04-08 17:03:56,33562,-1.2638397,-4.2679443,-6.751953
2019-04-08 17:03:56,33581,0.11882019,-5.448288,-10.486908
2019-04-08 17:03:56,33602,1.8378601,-6.88002,-12.876312
2019-04-08 17:03:56,33621,2.2700043,-7.0200806,-11.081863
2019-04-08 17:03:56,33642,1.8785553,-6.5927277,-13.431778
2019-04-08 17:03:56,33661,2.35141,-7.9562225,-11.6792145
2019-04-08 17:03:56,33681,-0.38755798,-8.038818,-9.253891
2019-04-08 17:03:56,33702,-1.9270325,-5.4351196,-5.964264
2019-04-08 17:03:56,33721,-2.3543854,-2.8697357,-6.407181
2019-04-08 17:03:56,33741,-3.3982697,2.03479,-9.140167
2019-04-08 17:03:56,33762,-0.7047882,-1.0250092,-7.024887
2019-04-08 17:03:56,33781,1.9264374,-6.1330414,-4.5289307
2019-04-08 17:03:56,33801,-0.86639404,0.4103241,-8.378815
2019-04-08 17:03:56,33821,-2.8045044,4.588196,-9.221573
2019-04-08 17:03:56,33842,-2.5447235,-0.031417847,-9.032425
2019-04-08 17:03:56,33861,1.02742,-4.9754333,-9.057571
2019-04-08 17:03:56,33881,-1.1094055,0.13497925,-9.037216
2019-04-08 17:03:56,33901,-1.4062805,1.916275,-9.5208435
2019-04-08 17:03:56,33922,-1.2662201,-1.0621185,-9.2108
2019-04-08 17:03:56,33941,-2.1089935,-1.7743835,-10.148132
2019-04-08 17:03:57,33961,-2.3831177,1.4733429,-9.550766
2019-04-08 17:03:57,33982,-0.15531921,0.09428406,-6.613083
2019-04-08 17:03:57,34001,-0.9035034,-1.4643402,-7.047638
2019-04-08 17:03:57,34021,-1.4841003,-0.11880493,-7.3265533
2019-04-08 17:03:57,34042,-1.4421997,0.07632446,-7.7766724
2019-04-08 17:03:57,34061,-1.031601,-1.4607544,-6.6585693
2019-04-08 17:03:57,34082,-0.9071045,-0.4096985,-6.7699127
2019-04-08 17:03:57,34101,-0.12898254,-0.13316345,-8.995316
2019-04-08 17:03:57,34121,0.6898346,-2.5417328,-10.364807
2019-04-08 17:03:57,34142,1.0369873,-5.3836517,-8.3824005
2019-04-08 17:03:57,34161,0.26846313,-4.6641846,-7.716812
2019-04-08 17:03:57,34181,-1.9425964,-3.4371643,-9.452606
2019-04-08 17:03:57,34202,-2.4573364,-2.1933746,-11.802521
2019-04-08 17:03:57,34221,0.81074524,-3.2180939,-13.018768
2019-04-08 17:03:57,34242,2.5441437,-6.393997,-7.9670105
2019-04-08 17:03:57,34262,1.449997,-7.061981,-5.649414
2019-04-08 17:03:57,34281,-0.644928,-6.518509,-6.9315186
2019-04-08 17:03:57,34302,-1.6217651,-4.8365784,-8.008911
2019-04-08 17:03:57,34322,-0.22235107,-2.3478088,-8.364441
2019-04-08 17:03:57,34341,2.4040833,-4.258377,-9.112625
2019-04-08 17:03:57,34362,1.4775238,-7.7227783,-9.848846
2019-04-08 17:03:57,34382,0.71377563,-11.456543,-9.906311
2019-04-08 17:03:57,34401,0.70658875,-9.972137,-9.805756
2019-04-08 17:03:57,34422,1.145935,-8.911499,-8.89595
2019-04-08 17:03:57,34441,-0.033218384,-8.406326,-10.107422
2019-04-08 17:03:57,34462,-2.0575104,-5.6039124,-8.336914
2019-04-08 17:03:57,34481,-0.22355652,-7.855667,-7.4726105
2019-04-08 17:03:57,34502,1.6235809,-11.523575,-9.185654
2019-04-08 17:03:57,34521,1.0286102,-10.5455475,-8.816956
2019-04-08 17:03:57,34541,-0.73831177,-6.614273,-7.198471
2019-04-08 17:03:57,34561,-0.9837189,-3.6646118,-5.5249176
2019-04-08 17:03:57,34581,0.33668518,-5.064026,-5.3345795
2019-04-08 17:03:57,34601,1.2117767,-7.7263794,-7.435501
2019-04-08 17:03:57,34622,-0.85920715,-6.1904907,-8.502106
2019-04-08 17:03:57,34641,-2.0814514,-4.6857452,-7.641388
2019-04-08 17:03:57,34661,1.1411438,-8.917496,-8.207626
2019-04-08 17:03:57,34682,2.4878845,-14.157196,-11.7426605
2019-04-08 17:03:57,34701,0.3474579,-12.088608,-11.52359
2019-04-08 17:03:57,34722,-0.79696655,-8.289017,-8.213608
2019-04-08 17:03:57,34741,-0.624588,-8.181274,-4.5552673
2019-04-08 17:03:57,34761,0.95080566,-9.307739,-6.7962494
2019-04-08 17:03:57,34782,-0.3001709,-5.471039,-8.951019
2019-04-08 17:03:57,34801,0.49949646,-5.3956146,-8.512878
2019-04-08 17:03:57,34821,1.0693207,-7.514496,-7.7467346
2019-04-08 17:03:57,34842,-0.119400024,-6.727997,-5.857712
2019-04-08 17:03:57,34861,-0.67845154,-5.152603,-4.64505
2019-04-08 17:03:57,34881,-0.87716675,-4.1422577,-6.0253143
2019-04-08 17:03:57,34902,-0.7059784,-5.0113525,-9.028839
2019-04-08 17:03:57,34921,0.23014832,-7.7790527,-17.2182
2019-04-08 17:03:57,34941,3.1570587,-9.5256195,-13.128906
2019-04-08 17:03:58,34962,4.1326904,-9.259857,-9.766251
2019-04-08 17:03:58,34981,0.9891052,-6.0743713,-8.473373
2019-04-08 17:03:58,35001,-0.64134216,-6.1809235,-9.28981
2019-04-08 17:03:58,35021,-1.7390747,-6.3987885,-9.322128
2019-04-08 17:03:58,35042,-1.8887177,-5.4028015,-6.9482727
2019-04-08 17:03:58,35062,-2.1006012,-2.4806824,-6.8884125
2019-04-08 17:03:58,35081,-0.69880676,-0.0146484375,-8.554779
2019-04-08 17:03:58,35101,0.24571228,-2.2400665,-7.1326294
2019-04-08 17:03:58,35121,-0.13256836,-2.7919312,-7.1721344
2019-04-08 17:03:58,35142,-1.0256042,0.16731262,-8.725967
2019-04-08 17:03:58,35161,-1.589447,-0.0146484375,-9.834488
2019-04-08 17:03:58,35181,-1.6421204,-2.562088,-10.673645
2019-04-08 17:03:58,35202,-0.7347107,-3.6909485,-10.342056
2019-04-08 17:03:58,35221,-1.1453247,-3.6957397,-9.873993
2019-04-08 17:03:58,35242,-2.0335693,-0.9543762,-8.678085
2019-04-08 17:03:58,35261,-1.8611908,1.6660767,-7.8891907
2019-04-08 17:03:58,35281,-1.3057251,2.410675,-7.1338196
2019-04-08 17:03:58,35301,-0.8328705,0.91908264,-6.76033
2019-04-08 17:03:58,35321,-1.281784,0.053588867,-6.5927277
2019-04-08 17:03:58,35341,-2.0036469,0.24632263,-7.158966
2019-04-08 17:03:58,35361,-1.7534485,-0.06852722,-7.2643127
2019-04-08 17:03:58,35381,-0.65930176,-1.5146179,-6.6621704
2019-04-08 17:03:58,35402,-0.8460388,-2.3322449,-7.399582
2019-04-08 17:03:58,35421,-1.1620789,-0.63116455,-8.176498
2019-04-08 17:03:58,35441,-1.0064545,0.79219055,-10.799347
2019-04-08 17:03:58,35462,-0.14334106,-0.597641,-11.312897
2019-04-08 17:03:58,35481,1.0118561,-2.6027832,-11.215942
2019-04-08 17:03:58,35501,1.1387482,-4.5887756,-11.227905
2019-04-08 17:03:58,35522,0.3462677,-6.140213,-9.938629
2019-04-08 17:03:58,35541,-0.8520355,-5.692505,-9.680054
2019-04-08 17:03:58,35562,-1.3512268,-3.866928,-7.7024536
2019-04-08 17:03:58,35581,-1.3248901,-2.1694336,-6.9554596
2019-04-08 17:03:58,35601,-0.42466736,-2.1526794,-7.1876984
2019-04-08 17:03:58,35622,0.33190918,-4.26915,-8.095093
2019-04-08 17:03:58,35641,0.9136963,-7.3624573,-8.711609
2019-04-08 17:03:58,35661,0.24450684,-8.623001,-9.022842
2019-04-08 17:03:58,35682,0.29838562,-7.155365,-8.424301
2019-04-08 17:03:58,35701,0.33070374,-6.6789093,-8.201645
2019-04-08 17:03:58,35721,0.122406006,-8.176483,-10.758652
2019-04-08 17:03:58,35742,0.42767334,-9.555542,-10.656891
2019-04-08 17:03:58,35761,0.6754761,-10.518021,-8.961792
2019-04-08 17:03:58,35781,0.8741913,-8.688843,-7.956238
2019-04-08 17:03:58,35802,0.05895996,-5.6003265,-6.7579346
2019-04-08 17:03:58,35821,-0.18644714,-4.803055,-7.4031677
2019-04-08 17:03:58,35841,0.076919556,-6.0264893,-8.565552
2019-04-08 17:03:58,35862,0.7401123,-8.673279,-8.439865
2019-04-08 17:03:58,35881,-0.38157654,-8.028046,-8.14418
2019-04-08 17:03:58,35902,-0.37557983,-7.1697235,-7.2283936
2019-04-08 17:03:58,35921,1.0884705,-9.615402,-8.678085
2019-04-08 17:03:58,35941,0.9268646,-11.311691,-9.97934
2019-04-08 17:03:59,35962,-0.7454834,-8.66011,-8.688858
2019-04-08 17:03:59,35981,-0.28700256,-6.935089,-5.720047
2019-04-08 17:03:59,36002,0.21697998,-7.926285,-6.0253143
2019-04-08 17:03:59,36022,0.3103485,-8.808548,-8.251923
2019-04-08 17:03:59,36041,-0.07032776,-8.583496,-9.059967
2019-04-08 17:03:59,36062,-0.72991943,-7.785034,-8.328537
2019-04-08 17:03:59,36081,-0.30136108,-7.6437836,-6.4179535
2019-04-08 17:03:59,36102,-0.2750244,-7.1385956,-5.2244415
2019-04-08 17:03:59,36121,-0.5491638,-5.8217926,-6.537674
2019-04-08 17:03:59,36142,0.32232666,-7.3073883,-8.352478
2019-04-08 17:03:59,36161,0.83587646,-8.536819,-10.251068
2019-04-08 17:03:59,36181,0.47076416,-7.716797,-10.313324
2019-04-08 17:03:59,36202,0.53660583,-7.6234283,-9.129395
2019-04-08 17:03:59,36221,0.25888062,-8.084305,-9.720764
2019-04-08 17:03:59,36242,1.3410645,-8.4266815,-9.926666
2019-04-08 17:03:59,36261,1.4380188,-8.16452,-9.216782
2019-04-08 17:03:59,36282,-0.58387756,-6.4933624,-7.407959
2019-04-08 17:03:59,36301,-0.80415344,-5.7822876,-7.146988
2019-04-08 17:03:59,36321,-1.1764374,-4.076416,-8.485352
2019-04-08 17:03:59,36342,-0.9106903,-2.8158722,-10.537186
2019-04-08 17:03:59,36361,0.70181274,-4.2643585,-10.69281
2019-04-08 17:03:59,36381,1.5996399,-6.4694214,-9.000107
2019-04-08 17:03:59,36402,0.043395996,-5.4339294,-7.972992
2019-04-08 17:03:59,36421,-1.3392487,-3.4670868,-9.343674
2019-04-08 17:03:59,36441,-1.3739624,-2.5549011,-10.191223
2019-04-08 17:03:59,36462,-1.4266357,-2.9259949,-9.702805
2019-04-08 17:03:59,36481,-0.70957947,-2.7584076,-8.280655
2019-04-08 17:03:59,36501,-0.10862732,-2.0042267,-7.1888885
2019-04-08 17:03:59,36522,-0.78619385,-1.7492523,-6.8237762
2019-04-08 17:03:59,36541,-2.6105652,1.1285858,-8.212418
2019-04-08 17:03:59,36561,-2.0180054,3.6927643,-7.1445923
2019-04-08 17:03:59,36582,0.1295929,1.4410248,-3.4838715
2019-04-08 17:03:59,36601,-1.3404541,-1.3230896,-5.105942
2019-04-08 17:03:59,36621,0.37858582,0.5623474,-12.980469
2019-04-08 17:03:59,36641,-1.9437866,-2.0557098,-8.57872
2019-04-08 17:03:59,36661,-2.621338,-4.42717,-11.399094
2019-04-08 17:03:59,36682,0.03501892,-0.8215027,-10.267838
2019-04-08 17:03:59,36701,-0.67007446,1.1237946,-9.6944275
2019-04-08 17:03:59,36721,-1.1022186,0.7766266,-8.338104
2019-04-08 17:03:59,36742,-1.2985535,-1.14711,-6.586746
2019-04-08 17:03:59,36761,-1.4182587,-1.5397644,-6.037277
2019-04-08 17:03:59,36782,-1.2099609,-0.0074768066,-5.3932343
2019-04-08 17:03:59,36802,-1.0890503,1.2590637,-6.5556183
2019-04-08 17:03:59,36821,-0.24151611,-0.6742554,-7.514496
2019-04-08 17:03:59,36842,-0.24510193,-3.7268677,-7.320572
2019-04-08 17:03:59,36861,0.9532013,-6.5807495,-3.293518
2019-04-08 17:03:59,36882,-1.2327118,-6.804611,-7.479782
2019-04-08 17:03:59,36901,-4.175186,6.1516113,-22.232864
2019-04-08 17:03:59,36922,0.9543915,-1.115982,-2.4555511
2019-04-08 17:03:59,36941,3.0014343,-13.959686,-11.576263
2019-04-08 17:04:00,36961,-0.02482605,-12.717087,-13.8064575
2019-04-08 17:04:00,36982,-0.4773407,-10.98967,-12.870331
2019-04-08 17:04:00,37001,-0.9980774,-7.8173523,-5.11911
2019-04-08 17:04:00,37021,0.75567627,-4.7228546,-7.4414825
2019-04-08 17:04:00,37042,-0.49649048,-2.179016,-7.9394684
2019-04-08 17:04:00,37061,-2.7207031,-0.4132843,-6.3102264
2019-04-08 17:04:00,37081,-0.43544006,-4.2571716,-5.5596313
2019-04-08 17:04:00,37102,1.8186951,-9.167679,-7.581543
2019-04-08 17:04:00,37121,1.3865509,-11.984467,-11.116577
2019-04-08 17:04:00,37141,0.588089,-10.925034,-14.257767
2019-04-08 17:04:00,37162,1.4009094,-10.8125,-12.685974
2019-04-08 17:04:00,37181,0.94841003,-11.433792,-9.889557
2019-04-08 17:04:00,37201,-1.510437,-10.75145,-7.562393
2019-04-08 17:04:00,37221,-1.91745,-9.851227,-5.799057
2019-04-08 17:04:00,37241,-0.38874817,-9.064728,-6.142624
2019-04-08 17:04:00,37261,0.4444275,-8.038818,-7.534851
2019-04-08 17:04:00,37281,-0.020050049,-6.0719757,-7.0500336
2019-04-08 17:04:00,37302,-1.5068512,-3.9076233,-6.50296
2019-04-08 17:04:00,37321,-2.1006012,-1.5050354,-5.084381
2019-04-08 17:04:00,37341,0.041000366,-5.1298676,-5.621887
2019-04-08 17:04:00,37362,0.37739563,-7.8209534,-9.423874
2019-04-08 17:04:00,37381,0.4324646,-9.84285,-12.917023
2019-04-08 17:04:00,37401,0.7724304,-11.600189,-10.178055
2019-04-08 17:04:00,37422,0.0050964355,-10.772995,-5.837372
2019-04-08 17:04:00,37441,-2.1832123,-7.938263,-3.9543304
2019-04-08 17:04:00,37461,-2.2250977,-6.198868,-7.1769257
2019-04-08 17:04:00,37481,-0.6616974,-7.713211,-11.978485
2019-04-08 17:04:00,37501,1.4380188,-11.30571,-15.365097
2019-04-08 17:04:00,37522,2.6578674,-11.162048,-10.589859
2019-04-08 17:04:00,37541,0.8562317,-8.365631,-5.758362
2019-04-08 17:04:00,37562,-1.0040588,-5.644623,-3.8753204
2019-04-08 17:04:00,37582,-2.4058685,-2.8098755,-4.5444946
2019-04-08 17:04:00,37601,-1.7773895,-1.6941833,-6.665756
2019-04-08 17:04:00,37621,-1.4278412,-2.0976105,-9.470566
2019-04-08 17:04:00,37642,0.14874268,-4.0823975,-11.170456
2019-04-08 17:04:00,37662,2.51062,-7.0081177,-9.970947
2019-04-08 17:04:00,37681,2.3059235,-9.733917,-10.225937
2019-04-08 17:04:00,37702,-1.9581451,-5.340561,-12.90744
2019-04-08 17:04:00,37721,-2.0012512,-3.926773,-9.947006
2019-04-08 17:04:00,37742,-1.8551941,-4.7024994,-9.5208435
2019-04-08 17:04:00,37761,-2.3184814,-3.1390839,-9.866806
2019-04-08 17:04:00,37781,-1.8791504,-1.3182983,-7.8796234
2019-04-08 17:04:00,37802,-1.3117218,-1.815094,-7.5839386
2019-04-08 17:04:00,37821,-0.9394226,-1.4559631,-8.221985
2019-04-08 17:04:00,37842,-0.960968,-1.2321014,-7.795822
2019-04-08 17:04:00,37862,-1.4505768,-2.3442078,-7.922714
2019-04-08 17:04:00,37882,-2.4537506,-1.5613098,-8.024475
2019-04-08 17:04:00,37902,-2.6452942,-1.5625,-7.4929504
2019-04-08 17:04:00,37921,-2.798523,-0.5988312,-8.424301
2019-04-08 17:04:00,37941,-2.8954773,2.5160217,-10.458176
2019-04-08 17:04:01,37961,0.31155396,0.7155762,-7.6114655
2019-04-08 17:04:01,37981,-0.7622528,-4.229645,-8.509293
2019-04-08 17:04:01,38002,-1.7115479,-1.3817444,-9.083908
2019-04-08 17:04:01,38021,-2.577057,2.5148163,-8.441055
2019-04-08 17:04:01,38041,-1.5954285,2.0323944,-6.384445
2019-04-08 17:04:01,38062,-0.33607483,-0.7017822,-5.615906
2019-04-08 17:04:01,38081,0.052978516,-1.0142365,-6.0815735
2019-04-08 17:04:01,38101,-0.39353943,-0.71255493,-6.403595
2019-04-08 17:04:01,38122,-1.6780243,-0.22892761,-7.8054047
2019-04-08 17:04:01,38141,-1.3404541,-0.07809448,-9.737518
2019-04-08 17:04:01,38161,-0.33488464,-1.6618652,-9.918274
2019-04-08 17:04:01,38182,0.28042603,-3.1546478,-11.725906
2019-04-08 17:04:01,38201,0.17868042,-4.3314056,-10.314514
2019-04-08 17:04:01,38221,-1.2853851,-6.274292,-10.142136
2019-04-08 17:04:01,38242,-1.6397247,-6.9410706,-9.42627
2019-04-08 17:04:01,38261,-1.5786743,-4.337387,-9.937439
2019-04-08 17:04:01,38281,-1.8994904,-0.63235474,-10.752655
2019-04-08 17:04:01,38302,0.671875,-5.1298676,-5.5404816
2019-04-08 17:04:01,38322,-0.04159546,-7.7993927,-7.4893646
2019-04-08 17:04:01,38341,0.08529663,-6.5963135,-10.21756
2019-04-08 17:04:01,38362,-0.32051086,-3.85495,-6.142624
2019-04-08 17:04:01,38382,0.9555969,-4.1853485,-6.273102
2019-04-08 17:04:01,38401,1.2788086,-5.913971,-10.04039
2019-04-08 17:04:01,38422,0.48632812,-8.549988,-11.894699
2019-04-08 17:04:01,38441,-0.4186859,-10.454575,-9.076721
2019-04-08 17:04:01,38462,-0.49409485,-10.00087,-8.284241
2019-04-08 17:04:01,38482,-0.72753906,-9.041992,-8.304596
2019-04-08 17:04:01,38502,-1.9402008,-8.351257,-10.196014
2019-04-08 17:04:01,38521,-0.5024719,-11.7079315,-12.238266
2019-04-08 17:04:01,38542,1.4152832,-11.818069,-10.318115
2019-04-08 17:04:01,38561,1.0202332,-8.195633,-8.765472
2019-04-08 17:04:01,38582,-0.34805298,-5.7152405,-6.9075775
2019-04-08 17:04:01,38601,0.5713196,-7.084732,-5.984604
2019-04-08 17:04:01,38621,0.079315186,-6.5579987,-5.668579
2019-04-08 17:04:01,38642,-1.9186401,-3.784317,-4.4008484
2019-04-08 17:04:01,38661,-2.3029175,-0.98669434,-0.74609375
2019-04-08 17:04:01,38681,-2.0778656,-2.6075745,-2.7608185
2019-04-08 17:04:01,38702,0.26486206,-7.8616486,-9.692032
2019-04-08 17:04:01,38721,5.2364197,-16.806381,-19.642334
2019-04-08 17:04:01,38741,0.16430664,-14.525909,-17.196655
2019-04-08 17:04:01,38762,0.51026917,-10.792145,-11.595413
2019-04-08 17:04:01,38781,0.26127625,-11.24585,-4.8844757
2019-04-08 17:04:01,38801,-0.24031067,-10.551529,-5.909195
2019-04-08 17:04:01,38821,-1.115387,-5.305832,-5.2639465
2019-04-08 17:04:01,38842,-2.5483246,-3.4431458,-5.649414
2019-04-08 17:04:01,38861,-2.027588,-4.5444794,-6.151001
2019-04-08 17:04:01,38881,-1.079483,-4.7156677,-6.7339935
2019-04-08 17:04:01,38902,0.76405334,-3.8369904,-7.09671
2019-04-08 17:04:01,38921,3.311493,-4.5576477,-8.171707
2019-04-08 17:04:01,38941,2.9990387,-6.5364532,-11.004059
2019-04-08 17:04:02,38961,1.0082703,-8.24472,-13.793289
2019-04-08 17:04:02,38982,0.9831238,-9.7039795,-12.1293335
2019-04-08 17:04:02,39001,-2.071869,-8.480545,-13.067856
2019-04-08 17:04:02,39021,-2.3699493,-7.179306,-11.013626
2019-04-08 17:04:02,39042,-2.3340454,-5.894806,-9.207199
2019-04-08 17:04:02,39061,-1.3380585,-5.666168,-8.644562
2019-04-08 17:04:02,39081,-0.8065338,-4.566025,-7.041641
2019-04-08 17:04:02,39102,-1.2303162,-1.5242004,-7.3241577
2019-04-08 17:04:02,39121,-0.4845276,1.026825,-6.684906
2019-04-08 17:04:02,39142,0.67666626,-2.0868378,-5.1262817
2019-04-08 17:04:02,39162,-0.37797546,-2.5991974,-5.7930756
2019-04-08 17:04:02,39181,-2.3220673,0.92866516,-7.656952
2019-04-08 17:04:02,39202,-3.284546,4.537918,-10.321701
2019-04-08 17:04:02,39222,-0.46177673,-0.90649414,-7.617447
2019-04-08 17:04:02,39241,-0.8352661,-5.5201263,-10.410294
2019-04-08 17:04:02,39262,-1.2482758,-3.3162537,-10.090668
2019-04-08 17:04:02,39281,-2.5435333,-2.3202667,-8.620621
2019-04-08 17:04:02,39302,-2.5590973,1.4553833,-9.156921
2019-04-08 17:04:02,39321,-1.0244141,4.7450256,-9.828491
2019-04-08 17:04:02,39342,0.5844879,-0.97592163,-7.463028
2019-04-08 17:04:02,39361,-2.028778,-1.6498871,-9.605835
2019-04-08 17:04:02,39382,-1.9856873,-0.8933258,-9.623795
2019-04-08 17:04:02,39401,-2.214325,-1.72052,-8.332123
2019-04-08 17:04:02,39422,-2.6464844,0.009292603,-8.998901
2019-04-08 17:04:02,39441,-0.80055237,0.3935547,-8.763077
2019-04-08 17:04:02,39461,-0.52163696,-0.24928284,-8.4374695
2019-04-08 17:04:02,39482,-0.5743103,-1.7528381,-7.6868896
2019-04-08 17:04:02,39501,-2.1413116,0.7682495,-10.099045
2019-04-08 17:04:02,39521,-0.6473236,-0.1966095,-8.775055
2019-04-08 17:04:02,39542,-0.8963165,-4.301468,-8.520065
2019-04-08 17:04:02,39561,-0.65211487,-3.9602966,-9.124603
2019-04-08 17:04:02,39581,-1.1405334,-1.7456665,-8.427887
2019-04-08 17:04:02,39601,-1.9090729,-2.0413513,-8.883987
2019-04-08 17:04:02,39622,-1.233902,-1.8845215,-10.591049
2019-04-08 17:04:02,39641,-0.34326172,-3.1127472,-9.471756
2019-04-08 17:04:02,39661,-0.047576904,-4.3948517,-9.893143
2019-04-08 17:04:02,39681,-0.25946045,-4.2284546,-9.589081
2019-04-08 17:04:02,39702,-0.7825928,-4.2044983,-10.166077
2019-04-08 17:04:02,39721,-0.8807678,-5.4267426,-10.708374
2019-04-08 17:04:02,39741,-0.87597656,-5.530899,-11.909058
2019-04-08 17:04:02,39762,-0.13856506,-5.032898,-11.335648
2019-04-08 17:04:02,39781,0.9783325,-5.9510803,-11.411072
2019-04-08 17:04:02,39801,1.0848846,-6.3628845,-10.364807
2019-04-08 17:04:02,39822,0.3570404,-6.167755,-7.5803375
2019-04-08 17:04:02,39841,-1.8252716,-4.4846344,-7.953842
2019-04-08 17:04:02,39862,-2.0108185,-2.8098755,-10.18045
2019-04-08 17:04:02,39881,0.7891998,-6.2060547,-10.81012
2019-04-08 17:04:02,39902,1.0334015,-7.7778473,-11.28418
2019-04-08 17:04:02,39921,0.5617523,-5.5931396,-9.209595
2019-04-08 17:04:02,39941,-0.040390015,-5.404007,-9.129395
2019-04-08 17:04:03,39961,-0.36720276,-5.7786865,-10.355225
2019-04-08 17:04:03,39982,-0.32411194,-5.740387,-10.020035
2019-04-08 17:04:03,40001,-0.39593506,-5.3357697,-8.907928
2019-04-08 17:04:03,40022,-0.15771484,-5.81221,-8.81575
2019-04-08 17:04:03,40041,-0.17926025,-6.5484314,-8.843292
2019-04-08 17:04:03,40062,-0.42945862,-6.4538574,-8.883987
2019-04-08 17:04:03,40082,-1.3081207,-4.163803,-10.167282
2019-04-08 17:04:03,40102,0.13078308,-3.0145874,-9.925461
2019-04-08 17:04:03,40121,2.1251526,-4.974243,-9.54837
2019-04-08 17:04:03,40142,0.9496002,-6.0863495,-8.706818
2019-04-08 17:04:03,40161,-1.2327118,-5.4889984,-7.9430695
2019-04-08 17:04:03,40181,-1.4960632,-4.9095917,-5.8493347
2019-04-08 17:04:03,40202,-2.82724,-3.2468262,-8.946228
2019-04-08 17:04:03,40221,-1.0591278,-2.3106995,-9.932648
2019-04-08 17:04:03,40242,1.7756042,-4.6677856,-9.316147
2019-04-08 17:04:03,40261,1.3410645,-5.8337555,-9.893143
2019-04-08 17:04:03,40281,-0.60183716,-4.211685,-10.831665
2019-04-08 17:04:03,40302,-0.5024719,-4.5181427,-11.072281
2019-04-08 17:04:03,40321,-0.3803711,-5.1406403,-9.648941
2019-04-08 17:04:03,40341,-0.44740295,-4.317032,-6.795044
2019-04-08 17:04:03,40362,-1.6085968,-4.6785583,-5.605133
2019-04-08 17:04:03,40381,-1.9952545,-3.9303741,-6.514923
2019-04-08 17:04:03,40402,-2.700348,-1.0980225,-9.74231
2019-04-08 17:04:03,40421,-0.37078857,-2.5405426,-10.355225
2019-04-08 17:04:03,40442,3.0229797,-6.2527466,-10.678436
2019-04-08 17:04:03,40461,1.652298,-5.3202057,-10.589859
2019-04-08 17:04:03,40481,-0.8113251,-5.407593,-9.246704
2019-04-08 17:04:03,40502,-2.743454,-5.4566803,-10.225937
2019-04-08 17:04:03,40521,-2.5040283,-3.3485718,-10.290573
2019-04-08 17:04:03,40541,-0.59225464,-4.977829,-8.994125
2019-04-08 17:04:03,40562,0.79278564,-6.3353424,-9.030029
2019-04-08 17:04:03,40581,0.6886444,-4.826996,-7.945465
2019-04-08 17:04:03,40602,-1.2614441,-3.791504,-7.950241
2019-04-08 17:04:03,40621,-3.3204498,-0.0050811768,-9.320923
2019-04-08 17:04:03,40641,1.4715424,-2.2436523,-9.937439
2019-04-08 17:04:03,40662,3.280365,-8.69722,-10.531204
2019-04-08 17:04:03,40681,-0.40312195,-6.3030243,-8.927078
2019-04-08 17:04:03,40701,-3.1923676,-1.5038452,-5.8517303
2019-04-08 17:04:03,40722,-1.2506714,-3.2061157,-7.4139404
2019-04-08 17:04:03,40741,-0.13616943,-5.3549194,-12.703934
2019-04-08 17:04:03,40761,1.3781738,-6.368866,-11.85878
2019-04-08 17:04:03,40781,1.2799988,-7.096695,-8.611053
2019-04-08 17:04:03,40801,-1.5726776,-4.622299,-8.957016
2019-04-08 17:04:03,40822,-1.644516,-3.8621368,-10.392334
2019-04-08 17:04:03,40841,-0.035614014,-6.222824,-13.690353
2019-04-08 17:04:03,40861,1.2728271,-6.918335,-8.554779
2019-04-08 17:04:03,40882,-2.3867188,-5.4099884,-6.0983276
2019-04-08 17:04:03,40901,-4.0626526,0.5324249,-6.628647
2019-04-08 17:04:03,40922,1.7085724,-3.9076233,-7.6797028
2019-04-08 17:04:03,40941,0.024246216,-6.293442,-9.295792
2019-04-08 17:04:04,40962,-1.2925568,-2.4627228,-6.9315186
2019-04-08 17:04:04,40981,-0.6916199,-1.2201385,-6.69928
2019-04-08 17:04:04,41002,0.43605042,-2.5010376,-10.896317
2019-04-08 17:04:04,41021,2.8434143,-8.557159,-11.318893
2019-04-08 17:04:04,41042,-0.85801697,-8.445831,-10.637741
2019-04-08 17:04:04,41061,-3.1313171,-3.6873627,-9.792587
2019-04-08 17:04:04,41082,-0.668869,-5.0029755,-13.569443
2019-04-08 17:04:04,41101,2.4136658,-9.702789,-10.972931
2019-04-08 17:04:04,41122,1.2835999,-8.648148,-7.3636627
2019-04-08 17:04:04,41141,-4.2793274,-1.3757629,-5.893631
2019-04-08 17:04:04,41162,-3.7729492,3.5754547,-3.5820312
2019-04-08 17:04:04,41181,0.9962921,-5.1059265,-8.308182
2019-04-08 17:04:04,41202,-0.976532,-5.5691986,-9.198822
2019-04-08 17:04:04,41221,-0.8616028,-4.4570923,-8.031647
2019-04-08 17:04:04,41241,0.3857727,-6.6441956,-9.754272
2019-04-08 17:04:04,41262,0.15592957,-8.433868,-11.420639
2019-04-08 17:04:04,41281,-0.44262695,-6.871643,-12.778152
2019-04-08 17:04:04,41301,-0.49769592,-7.776657,-11.390717
2019-04-08 17:04:04,41322,-0.4845276,-6.631027,-11.486481
2019-04-08 17:04:04,41341,-0.59465027,-6.6130676,-9.403534
2019-04-08 17:04:04,41361,-1.3655853,-6.3161926,-7.7527313
2019-04-08 17:04:04,41381,-1.7007751,-5.055649,-5.4411316
2019-04-08 17:04:04,41401,-1.1237793,-3.705307,-4.293106
2019-04-08 17:04:04,41421,-1.288971,-2.704544,-5.122696
2019-04-08 17:04:04,41442,-1.1572876,-2.2364655,-6.609497
2019-04-08 17:04:04,41461,-0.8520355,-3.1618347,-8.633789
2019-04-08 17:04:04,41481,1.3745728,-5.8529205,-10.102631
2019-04-08 17:04:04,41502,1.5637207,-10.665253,-10.052353
2019-04-08 17:04:04,41521,-2.7853546,-8.259079,-11.7031555
2019-04-08 17:04:04,41541,-2.4920654,-5.9367065,-13.453323
2019-04-08 17:04:04,41562,-0.35643005,-8.10585,-12.500427
2019-04-08 17:04:04,41581,0.627594,-8.834885,-9.630981
2019-04-08 17:04:04,41601,-1.526001,-5.73201,-8.001724
2019-04-08 17:04:04,41622,-2.8488007,-2.969101,-5.1609955
2019-04-08 17:04:04,41641,-1.728302,-3.1211243,-5.655411
2019-04-08 17:04:04,41661,-0.71076965,-4.000992,-5.699692
2019-04-08 17:04:04,41682,-0.6904144,-4.957489,-4.771942
2019-04-08 17:04:04,41702,-3.0211792,-2.120346,-8.996521
2019-04-08 17:04:04,41722,0.9855194,-4.919174,-10.880753
2019-04-08 17:04:04,41741,1.1124115,-11.048325,-9.244308
2019-04-08 17:04:04,41762,-2.7410583,-4.5013885,-9.767441
2019-04-08 17:04:04,41782,-2.9505463,-1.2488708,-10.826874
2019-04-08 17:04:04,41801,0.5114746,-5.3704834,-11.305725
2019-04-08 17:04:04,41822,-0.08708191,-8.992905,-11.716324
2019-04-08 17:04:04,41841,-1.2003937,-7.7706757,-8.423096
2019-04-08 17:04:04,41862,-3.1600342,-3.6562347,-8.443451
2019-04-08 17:04:04,41881,-1.1836243,-4.3242188,-8.904343
2019-04-08 17:04:04,41902,-0.3289032,-3.7867126,-8.943848
2019-04-08 17:04:04,41921,0.18106079,-4.194931,-8.131012
2019-04-08 17:04:04,41941,-0.2032013,-4.7096863,-7.51091
2019-04-08 17:04:05,41962,-0.629364,-5.025711,-6.909973
2019-04-08 17:04:05,41981,-2.4082642,-3.3521729,-8.870819
2019-04-08 17:04:05,42002,-2.0850372,-3.1893616,-11.249451
2019-04-08 17:04:05,42021,1.4954834,-8.147751,-11.184814
2019-04-08 17:04:05,42041,0.79159546,-9.147339,-9.899124
2019-04-08 17:04:05,42062,-1.8037262,-5.8481293,-7.6868896
2019-04-08 17:04:05,42081,-3.1229248,-2.7655945,-6.7567444
2019-04-08 17:04:05,42101,-2.514801,-1.9347992,-7.071579
2019-04-08 17:04:05,42122,-0.9944916,-2.9367828,-9.21199
2019-04-08 17:04:05,42141,0.5318146,-4.498993,-10.07869
2019-04-08 17:04:05,42161,1.2309265,-6.0348663,-10.108627
2019-04-08 17:04:05,42182,-0.19721985,-6.293442,-8.221985
2019-04-08 17:04:05,42201,-2.178421,-4.6043396,-8.752304
2019-04-08 17:04:05,42221,-2.3005219,-5.3046417,-10.337265
2019-04-08 17:04:05,42242,-0.7454834,-7.227188,-10.2798
2019-04-08 17:04:05,42261,-1.352417,-6.4933624,-8.802582
2019-04-08 17:04:05,42281,-1.8085175,-3.9962158,-8.612244
2019-04-08 17:04:05,42302,-1.1249695,-3.7543945,-8.7140045
2019-04-08 17:04:05,42321,-0.045181274,-4.179367,-9.044403
2019-04-08 17:04:05,42341,-0.7347107,-5.3824463,-7.703644
2019-04-08 17:04:05,42362,-2.2861633,-4.01297,-7.301422
2019-04-08 17:04:05,42381,-1.8396454,-2.9367828,-6.547241
2019-04-08 17:04:05,42401,-0.5862732,-3.9782562,-9.085098
2019-04-08 17:04:05,42422,-0.77900696,-5.9127655,-10.252274
2019-04-08 17:04:05,42441,-0.7526703,-5.614685,-10.837662
2019-04-08 17:04:05,42461,0.39175415,-5.9055786,-10.759842
2019-04-08 17:04:05,42482,-0.64134216,-6.2371826,-10.934616
2019-04-08 17:04:05,42501,-1.3859406,-5.807419,-9.513657
2019-04-08 17:04:05,42522,-2.0623016,-4.9993744,-8.65654
2019-04-08 17:04:05,42541,-1.0220184,-3.6119385,-7.818573
2019-04-08 17:04:05,42562,-0.9681549,-3.784317,-7.8161774
2019-04-08 17:04:05,42581,-1.2351074,-3.7591858,-7.914337
2019-04-08 17:04:05,42601,-0.97772217,-3.0133972,-9.051575
2019-04-08 17:04:05,42623,0.39175415,-5.566803,-8.968979
2019-04-08 17:04:05,42642,-1.391922,-6.0109253,-10.480911
2019-04-08 17:04:05,42661,-0.61380005,-6.0193176,-9.862015
2019-04-08 17:04:05,42681,-1.297348,-6.257538,-10.714355
2019-04-08 17:04:05,42702,-0.6114197,-6.28627,-8.7140045
2019-04-08 17:04:05,42721,-2.0084229,-3.9196014,-8.700836
2019-04-08 17:04:05,42741,-0.8568115,-3.2408447,-8.387192
2019-04-08 17:04:05,42761,-0.36001587,-3.7268677,-9.024048
2019-04-08 17:04:05,42782,0.30436707,-4.9526978,-8.528442
2019-04-08 17:04:05,42801,-1.2362976,-4.5181427,-8.715195
2019-04-08 17:04:05,42821,-0.35523987,-4.150635,-9.698013
2019-04-08 17:04:05,42842,-0.7706299,-5.6278534,-10.6987915
2019-04-08 17:04:05,42861,0.14994812,-6.365265,-9.393951
2019-04-08 17:04:05,42881,-1.3739624,-5.5404663,-9.088684
2019-04-08 17:04:05,42902,-1.2877808,-4.953888,-8.760681
2019-04-08 17:04:05,42921,-1.6528931,-4.1362762,-9.393951
2019-04-08 17:04:05,42941,-0.03201294,-5.3082275,-8.741531
2019-04-08 17:04:06,42961,-0.69281006,-4.42717,-8.632599
2019-04-08 17:04:06,42982,-0.28460693,-5.1801453,-7.3540955
2019-04-08 17:04:06,43001,-1.5559235,-4.64624,-7.7886353
2019-04-08 17:04:06,43021,-1.139328,-4.6953125,-9.019257
2019-04-08 17:04:06,43041,-0.7526703,-5.637436,-9.608231
2019-04-08 17:04:06,43062,-0.34565735,-5.9367065,-9.682449
2019-04-08 17:04:06,43081,-0.9717407,-5.143036,-9.6154175
2019-04-08 17:04:06,43101,-0.05834961,-5.2495728,-9.113831
2019-04-08 17:04:06,43122,-1.0244141,-5.041275,-9.82132
2019-04-08 17:04:06,43141,-0.7407074,-5.692505,-8.948624
2019-04-08 17:04:06,43161,-1.0184326,-4.799469,-9.021652
2019-04-08 17:04:06,43182,-0.8316803,-4.6701813,-8.838501
2019-04-08 17:04:06,43201,-0.6940155,-5.08078,-7.519287
2019-04-08 17:04:06,43221,-1.2710114,-4.2236633,-7.3852234
2019-04-08 17:04:06,43242,-1.5319824,-3.1127472,-7.6737213
2019-04-08 17:04:06,43261,-0.88793945,-3.2037354,-8.1298065
2019-04-08 17:04:06,43281,0.27323914,-3.8322144,-7.206848
2019-04-08 17:04:06,43302,-0.069122314,-3.6406708,-6.8525085
2019-04-08 17:04:06,43322,-1.0687103,-2.8637543,-7.7024536
2019-04-08 17:04:06,43342,-0.466568,-2.8302307,-7.142212
2019-04-08 17:04:06,43361,-0.7131653,-4.2080994,-8.214813
2019-04-08 17:04:06,43382,-1.1333466,-6.1976776,-11.737869
2019-04-08 17:04:06,43401,-0.24151611,-7.921509,-15.948074
2019-04-08 17:04:06,43422,0.9340515,-10.3671875,-12.379517
2019-04-08 17:04:06,43442,-0.89393616,-6.6154633,-13.881882
2019-04-08 17:04:06,43461,-0.9681549,-6.064804,-13.052292
2019-04-08 17:04:06,43481,-0.21995544,-6.4586487,-9.002502
2019-04-08 17:04:06,43502,-1.8360443,-4.479843,-7.316986
2019-04-08 17:04:06,43521,-2.0934296,-2.1407013,-5.574005
2019-04-08 17:04:06,43542,-1.3272858,-2.2675934,-7.2032623
2019-04-08 17:04:06,43562,-0.21755981,-2.6231384,-9.261078
2019-04-08 17:04:06,43581,1.1016388,-4.6594086,-10.695206
2019-04-08 17:04:06,43602,0.57492065,-7.2738647,-11.227905
2019-04-08 17:04:06,43621,-0.02961731,-6.8022156,-9.383179
2019-04-08 17:04:06,43641,-2.7506256,-3.6502533,-10.333679
2019-04-08 17:04:06,43662,-1.0746918,-4.854538,-6.257553
2019-04-08 17:04:06,43681,-1.0651093,-4.534912,-5.546463
2019-04-08 17:04:06,43701,-1.1716614,-4.68454,-3.2803497
2019-04-08 17:04:06,43721,-8.541016,8.640381,-15.560211
2019-04-08 17:04:06,43741,3.1091766,17.240356,-16.088135
2019-04-08 17:04:06,43762,14.397842,-19.044968,-15.057434
2019-04-08 17:04:06,43781,-2.7302856,-9.601028,-11.099823
2019-04-08 17:04:06,43801,-4.9604797,1.1992035,-9.633377
2019-04-08 17:04:06,43822,-6.431717,-1.1985779,-10.865189
2019-04-08 17:04:06,43841,-2.0323792,-3.5700378,-6.241989
2019-04-08 17:04:06,43861,0.6599121,-2.5369415,-11.057922
2019-04-08 17:04:06,43881,3.7711792,-1.7181244,-4.3457794
2019-04-08 17:04:06,43902,-7.072159,1.9964752,-9.651321
2019-04-08 17:04:06,43921,-2.8787231,9.715378,-9.589081
2019-04-08 17:04:06,43941,-1.9844818,0.4139099,-10.377975
2019-04-08 17:04:07,43962,0.0050964355,-7.5994873,-9.877579
2019-04-08 17:04:07,43981,-0.38755798,-1.2165375,-8.6948395
2019-04-08 17:04:07,44002,-2.7721863,1.4242554,-10.4414215
2019-04-08 17:04:07,44021,2.7320862,1.6708679,-7.794632
2019-04-08 17:04:07,44041,2.2915497,0.42468262,-9.275436
2019-04-08 17:04:07,44062,-0.61021423,-0.8131256,-8.24234
2019-04-08 17:04:07,44081,-3.3144684,-1.1878052,-10.4414215
2019-04-08 17:04:07,44101,-0.28819275,-3.1307068,-8.040024
2019-04-08 17:04:07,44122,-2.585434,-1.775589,-10.746674
2019-04-08 17:04:07,44141,-1.2961578,-2.3346405,-8.759491
2019-04-08 17:04:07,44162,0.61442566,-1.7576294,-5.739197
2019-04-08 17:04:07,44181,-0.7706299,0.30856323,-7.8808136
2019-04-08 17:04:07,44202,-0.6664734,0.07872009,-9.081512
2019-04-08 17:04:07,44221,-0.29179382,-2.3525848,-12.6440735
2019-04-08 17:04:07,44242,1.02742,-4.761154,-9.391556
2019-04-08 17:04:07,44262,0.9280548,-4.6989136,-7.0691833
2019-04-08 17:04:07,44281,-1.2039795,-3.0540924,-9.994888
2019-04-08 17:04:07,44302,-0.3444519,-3.760376,-11.684006
2019-04-08 17:04:07,44321,0.20381165,-4.7348175,-10.898712
2019-04-08 17:04:07,44342,2.8925018,-3.4491272,-13.14566
2019-04-08 17:04:07,44361,1.4069061,-5.9031982,-8.315369
2019-04-08 17:04:07,44382,-1.1094055,-7.720398,-11.942581
2019-04-08 17:04:07,44401,1.0070648,-8.484146,-4.2404327
2019-04-08 17:04:07,44421,-1.8097076,-5.156204,-2.4962616
2019-04-08 17:04:07,44442,-1.4673462,-1.9252319,-4.853348
2019-04-08 17:04:07,44461,0.29240417,-1.2740021,-4.7503967
2019-04-08 17:04:07,44481,1.4069061,-4.1458435,-9.459793
2019-04-08 17:04:07,44502,-0.78619385,-9.25029,-15.940903
2019-04-08 17:04:07,44521,-0.67007446,-14.000381,-14.255371
2019-04-08 17:04:07,44542,-0.018844604,-8.900726,-7.2559357
2019-04-08 17:04:07,44561,0.52104187,-4.340973,-3.443161
2019-04-08 17:04:07,44581,-2.5962067,-1.1925964,-5.45549
2019-04-08 17:04:07,44602,3.999817,-9.313736,-13.239044
2019-04-08 17:04:07,44621,4.1602325,-16.927292,-8.630203
2019-04-08 17:04:07,44641,-1.8216858,-8.947418,-5.773926
2019-04-08 17:04:07,44662,-1.9437866,-4.5337067,-7.1888885
2019-04-08 17:04:07,44681,1.537384,-7.8233337,-10.0308075
2019-04-08 17:04:07,44702,0.09248352,-8.867218,-9.954193
2019-04-08 17:04:07,44721,-1.7426758,-7.6605377,-7.7383575
2019-04-08 17:04:07,44741,-1.1010284,-6.1725464,-5.364517
2019-04-08 17:04:07,44762,0.6706848,-6.783066,-6.62027
2019-04-08 17:04:07,44781,0.22895813,-9.1150055,-10.100235
2019-04-08 17:04:07,44801,0.2600708,-10.320496,-9.252701
2019-04-08 17:04:07,44822,-0.8927307,-7.3552704,-7.807785
2019-04-08 17:04:07,44841,-0.33847046,-6.705246,-7.0979156
2019-04-08 17:04:07,44861,-1.3308716,-6.650177,-7.4761963
2019-04-08 17:04:07,44882,1.2153625,-11.924606,-7.8281403
2019-04-08 17:04:07,44901,1.1243896,-13.521545,-12.891876
2019-04-08 17:04:07,44921,-1.1537018,-7.7575073,-11.42543
2019-04-08 17:04:07,44942,-0.76942444,-5.7188416,-4.305069
2019-04-08 17:04:08,44961,-0.20080566,-6.914749,-2.8410187
2019-04-08 17:04:08,44981,-0.5719147,-6.495758,-5.7894745
2019-04-08 17:04:08,45002,-0.1517334,-6.578354,-7.7347717
2019-04-08 17:04:08,45021,-0.8173218,-5.9091797,-8.06636
2019-04-08 17:04:08,45042,-0.3396759,-5.7104645,-7.7060394
2019-04-08 17:04:08,45061,1.1902313,-6.8536835,-8.99292
2019-04-08 17:04:08,45082,1.2632446,-7.7790527,-10.369583
2019-04-08 17:04:08,45101,0.30197144,-7.151764,-10.197205
2019-04-08 17:04:08,45121,0.1403656,-6.7387695,-8.818146
2019-04-08 17:04:08,45142,0.6611023,-6.8572845,-7.8724365
2019-04-08 17:04:08,45161,-0.022445679,-5.807419,-7.3947906
2019-04-08 17:04:08,45181,-0.72154236,-4.3194275,-8.248322
2019-04-08 17:04:08,45202,-0.28700256,-4.460678,-10.219955
2019-04-08 17:04:08,45221,0.56773376,-6.2754974,-11.300934
2019-04-08 17:04:08,45241,0.8514404,-6.6190643,-11.124954
2019-04-08 17:04:08,45262,1.1878357,-5.451889,-9.366425
2019-04-08 17:04:08,45281,0.49230957,-4.941925,-7.953842
2019-04-08 17:04:08,45301,-0.8101349,-3.823822,-8.219589
2019-04-08 17:04:08,45322,-1.2722168,-3.4898376,-9.291
2019-04-08 17:04:08,45341,-1.1956024,-4.060852,-9.03363
2019-04-08 17:04:08,45362,-1.000473,-3.1139526,-9.973343
2019-04-08 17:04:08,45381,-0.58029175,-2.2735748,-10.71077
2019-04-08 17:04:08,45401,-0.090667725,-3.9638824,-9.865616
2019-04-08 17:04:08,45422,-0.9992676,-2.7236938,-10.162491
2019-04-08 17:04:08,45441,-1.0447693,-2.1047974,-10.182846
2019-04-08 17:04:08,45461,-1.8994904,-2.5046234,-9.875183
2019-04-08 17:04:08,45482,-1.1070099,-2.8338318,-9.603439
2019-04-08 17:04:08,45501,-0.9884949,-1.9024811,-8.703217
2019-04-08 17:04:08,45521,-1.4960632,-0.6048279,-8.778641
2019-04-08 17:04:08,45542,-1.5595093,0.13020325,-7.8915863
2019-04-08 17:04:08,45561,-0.47494507,-0.5892639,-8.166916
2019-04-08 17:04:08,45581,-1.628952,-0.0146484375,-6.8453217
2019-04-08 17:04:08,45602,-1.9952545,0.9131012,-7.534851
2019-04-08 17:04:08,45621,-2.6369019,0.78860474,-8.407547
2019-04-08 17:04:08,45642,-1.0603333,-0.62397766,-8.587112
2019-04-08 17:04:08,45661,-2.0826569,-0.3558197,-9.727936
2019-04-08 17:04:08,45681,-1.6085968,-0.6263733,-9.80217
2019-04-08 17:04:08,45702,-1.9976501,-0.37019348,-9.828491
2019-04-08 17:04:08,45721,-1.1309509,-0.087677,-8.032852
2019-04-08 17:04:08,45742,-1.3332672,-0.035003662,-8.244736
2019-04-08 17:04:08,45761,-0.8568115,-0.24928284,-7.5085144
2019-04-08 17:04:08,45782,-0.6940155,-0.97592163,-8.306976
2019-04-08 17:04:08,45801,-0.97772217,-1.1985779,-8.801392
2019-04-08 17:04:08,45822,-0.059555054,-1.1878052,-9.425079
2019-04-08 17:04:08,45841,-0.035614014,-1.2249146,-9.217972
2019-04-08 17:04:08,45862,-0.25108337,-1.712143,-9.2491
2019-04-08 17:04:08,45881,-0.9322357,-2.733261,-8.405151
2019-04-08 17:04:08,45902,-1.2865753,-2.756012,-9.057571
2019-04-08 17:04:08,45921,-0.12539673,-2.2101288,-7.565979
2019-04-08 17:04:08,45942,0.23014832,-2.5608826,-7.9263
2019-04-08 17:04:09,45961,-0.4605713,-2.835022,-10.361206
2019-04-08 17:04:09,45982,1.4452057,-3.6801758,-10.498871
2019-04-08 17:04:09,46001,2.0485382,-5.2016907,-12.177216
2019-04-08 17:04:09,46022,0.33668518,-7.1134644,-9.601044
2019-04-08 17:04:09,46041,-0.24989319,-7.2559204,-9.2108
2019-04-08 17:04:09,46062,-0.35643005,-6.3509064,-7.4139404
2019-04-08 17:04:09,46081,0.75328064,-6.1138763,-7.8281403
2019-04-08 17:04:09,46101,1.2321167,-5.8457336,-6.8848267
2019-04-08 17:04:09,46122,1.3350677,-6.8285522,-8.2243805
2019-04-08 17:04:09,46141,0.7436981,-7.7539062,-9.40712
2019-04-08 17:04:09,46162,-0.51924133,-7.514496,-8.490143
2019-04-08 17:04:09,46181,-0.6664734,-6.7076416,-7.582733
2019-04-08 17:04:09,46201,-0.5970459,-6.337738,-8.018478
2019-04-08 17:04:09,46222,1.0465698,-7.6593323,-8.818146
2019-04-08 17:04:09,46241,1.8474274,-9.23233,-8.792999
2019-04-08 17:04:09,46261,1.2333221,-8.913895,-8.071152
2019-04-08 17:04:09,46282,-0.093063354,-7.9801636,-7.1577606
2019-04-08 17:04:09,46301,-0.58148193,-7.761093,-7.075165
2019-04-08 17:04:09,46321,-0.7490845,-7.484558,-7.1170654
2019-04-08 17:04:09,46341,-0.5862732,-8.363235,-8.052002
2019-04-08 17:04:09,46361,-0.3983307,-9.262253,-9.043198
2019-04-08 17:04:09,46382,-0.4019165,-8.949814,-9.022842
2019-04-08 17:04:09,46401,-0.4605713,-7.29422,-7.8652496
2019-04-08 17:04:09,46421,0.0074920654,-6.9410706,-7.040451
2019-04-08 17:04:09,46442,-0.42227173,-7.416321,-7.127838
2019-04-08 17:04:09,46461,-0.6473236,-7.582718,-6.7770844
2019-04-08 17:04:09,46481,-0.29656982,-8.539215,-7.696457
2019-04-08 17:04:09,46501,0.17388916,-8.871994,-8.872009
2019-04-08 17:04:09,46522,-0.48213196,-7.278656,-9.081512
2019-04-08 17:04:09,46541,-0.2606659,-6.5963135,-7.0608063
2019-04-08 17:04:09,46561,0.85025024,-7.646164,-5.910385
2019-04-08 17:04:09,46581,0.14395142,-7.721588,-7.261917
2019-04-08 17:04:09,46601,-0.70957947,-7.3624573,-8.783432
2019-04-08 17:04:09,46622,-0.75746155,-7.0308533,-9.214386
2019-04-08 17:04:09,46641,0.35105896,-7.646164,-8.761887
2019-04-08 17:04:09,46662,0.924469,-7.891571,-8.862442
2019-04-08 17:04:09,46681,0.8981323,-6.9769897,-9.1689
2019-04-08 17:04:09,46702,0.081710815,-6.4981537,-8.690063
2019-04-08 17:04:09,46722,-0.36361694,-6.665741,-8.510498
2019-04-08 17:04:09,46742,0.10444641,-6.737564,-8.936661
2019-04-08 17:04:09,46761,0.5988617,-6.4454803,-8.614639
2019-04-08 17:04:09,46782,0.34387207,-5.400406,-8.268677
2019-04-08 17:04:09,46801,0.011077881,-4.9886017,-7.5791473
2019-04-08 17:04:09,46822,-0.213974,-5.15979,-7.787445
2019-04-08 17:04:09,46841,-0.59106445,-4.4151917,-8.783432
2019-04-08 17:04:09,46862,-0.65330505,-4.0548706,-9.374802
2019-04-08 17:04:09,46881,-0.5000763,-4.332596,-9.768646
2019-04-08 17:04:09,46901,-0.06793213,-3.9602966,-8.945038
2019-04-08 17:04:09,46922,-0.15890503,-3.7280579,-10.057144
2019-04-08 17:04:09,46941,-0.12898254,-4.084793,-10.07869
2019-04-08 17:04:10,46962,-0.68203735,-3.8322144,-10.940613
2019-04-08 17:04:10,46981,-0.5958557,-3.2839355,-11.371567
2019-04-08 17:04:10,47001,-0.7550659,-3.7687683,-10.037994
2019-04-08 17:04:10,47022,-0.90589905,-3.3497772,-8.5164795
2019-04-08 17:04:10,47041,-1.1656647,-1.6941833,-8.672104
2019-04-08 17:04:10,47061,-2.4298096,-1.6379242,-9.087494
2019-04-08 17:04:10,47082,-2.1377106,-2.5369415,-8.266281
2019-04-08 17:04:10,47101,-1.2087708,-1.7875519,-8.146576
2019-04-08 17:04:10,47121,-1.2913666,-0.051757812,-6.945877
2019-04-08 17:04:10,47142,-2.1341248,0.8640137,-6.1929016
2019-04-08 17:04:10,47161,-2.0395508,0.9621887,-7.0608063
2019-04-08 17:04:10,47181,-1.3212891,0.64256287,-7.048828
2019-04-08 17:04:10,47201,-2.5399475,0.30137634,-7.988556
2019-04-08 17:04:10,47221,-1.9497681,0.1984253,-8.808563
2019-04-08 17:04:10,47242,-1.752243,-0.07929993,-10.286987
2019-04-08 17:04:10,47261,-1.1333466,-1.1530914,-9.196426
2019-04-08 17:04:10,47281,-0.41029358,-1.076477,-7.941864
2019-04-08 17:04:10,47302,-0.9980774,0.07513428,-7.6557617
2019-04-08 17:04:10,47321,-1.6971893,0.33848572,-7.6557617
2019-04-08 17:04:10,47341,-1.3703766,-0.14393616,-8.078339
2019-04-08 17:04:10,47362,-0.8101349,-0.47314453,-9.602249
2019-04-08 17:04:10,47381,0.35824585,-2.1969604,-9.022842
2019-04-08 17:04:10,47402,-0.033218384,-3.2288666,-9.703995
2019-04-08 17:04:10,47421,-0.68803406,-3.3509674,-8.345291
2019-04-08 17:04:10,47442,-1.1261597,-2.2520294,-9.592667
2019-04-08 17:04:10,47461,0.04460144,-2.0221863,-9.077911
2019-04-08 17:04:10,47482,0.54977417,-3.6394806,-7.023697
2019-04-08 17:04:10,47501,-0.0942688,-4.4846344,-10.667664
2019-04-08 17:04:10,47522,0.49111938,-5.649399,-10.5802765
2019-04-08 17:04:10,47541,0.9065094,-7.206833,-8.655334
2019-04-08 17:04:10,47562,-0.28579712,-6.435898,-9.671677
2019-04-08 17:04:10,47582,-0.3911438,-5.6087036,-10.075104
2019-04-08 17:04:10,47601,0.4049225,-6.291046,-8.186081
2019-04-08 17:04:10,47622,0.335495,-6.5807495,-7.922714
2019-04-08 17:04:10,47641,0.064941406,-6.6046906,-7.838913
2019-04-08 17:04:10,47662,0.21458435,-6.8764343,-7.5995026
2019-04-08 17:04:10,47681,0.2492981,-7.9813538,-8.549988
2019-04-08 17:04:10,47702,0.21218872,-9.671661,-10.258255
2019-04-08 17:04:10,47721,0.61442566,-10.848419,-11.02919
2019-04-08 17:04:10,47742,1.5541382,-8.974945,-8.960602
2019-04-08 17:04:10,47761,1.0357971,-5.8385468,-6.8297577
2019-04-08 17:04:10,47781,-0.9789276,-3.9842377,-6.2048798
2019-04-08 17:04:10,47802,-2.842804,-4.3194275,-6.9327087
2019-04-08 17:04:10,47821,-1.1848297,-7.503708,-7.6557617
2019-04-08 17:04:10,47841,0.9951019,-12.86792,-8.553589
2019-04-08 17:04:10,47861,0.28761292,-11.60379,-10.111008
2019-04-08 17:04:10,47881,0.22416687,-9.547165,-9.549576
2019-04-08 17:04:10,47901,1.1830444,-9.753067,-8.832504
2019-04-08 17:04:10,47921,0.37379456,-9.281403,-8.029251
2019-04-08 17:04:10,47942,-0.39952087,-7.1110687,-6.9327087
2019-04-08 17:04:11,47961,-1.9042816,-6.433502,-7.696457
2019-04-08 17:04:11,47981,-1.4589539,-8.716385,-8.97496
2019-04-08 17:04:11,48002,1.6965942,-12.343597,-9.659714
2019-04-08 17:04:11,48021,1.4547882,-8.8971405,-7.8640594
2019-04-08 17:04:11,48041,-1.0878601,-4.906006,-4.4176025
2019-04-08 17:04:11,48062,-2.787735,-1.7720032,0.20201111
2019-04-08 17:04:11,48081,-0.9298401,-3.5604706,-2.3166962
2019-04-08 17:04:11,48101,-0.53359985,-4.514557,-7.1326294
2019-04-08 17:04:11,48122,-0.27383423,-6.4670258,-16.499939
2019-04-08 17:04:11,48141,1.9779205,-9.678848,-17.676697
2019-04-08 17:04:11,48162,2.8625793,-13.32402,-11.128555
2019-04-08 17:04:11,48181,1.4164734,-9.205994,-9.561539
2019-04-08 17:04:11,48201,-0.53001404,-6.554413,-3.779541
2019-04-08 17:04:11,48222,-1.541565,-7.0081177,-6.3976135
2019-04-08 17:04:11,48241,-1.0387726,-5.791855,-11.935394
2019-04-08 17:04:11,48261,0.006286621,-4.6941223,-11.274597
2019-04-08 17:04:11,48282,1.4906921,-5.530899,-7.6318207
2019-04-08 17:04:11,48302,1.8043365,-6.1258545,-7.7216034
2019-04-08 17:04:11,48321,-0.117004395,-3.93396,-9.197632
2019-04-08 17:04:11,48341,-2.2274933,-2.9918365,-9.681259
2019-04-08 17:04:11,48361,-1.8396454,-3.1618347,-11.28537
2019-04-08 17:04:11,48382,-0.82569885,-4.5911713,-10.421066
2019-04-08 17:04:11,48401,-1.1800385,-4.3194275,-10.156509
2019-04-08 17:04:11,48422,-1.5511322,-3.1283112,-8.825333
2019-04-08 17:04:11,48441,-2.0610962,-2.7500305,-8.640976
2019-04-08 17:04:11,48462,-1.4481812,-0.32948303,-8.864838
2019-04-08 17:04:11,48481,-0.9549866,-0.5102539,-7.1972656
2019-04-08 17:04:11,48502,-1.099823,-0.5940552,-7.103897
2019-04-08 17:04:11,48521,-0.5204315,-0.0062713623,-6.5675964
2019-04-08 17:04:11,48541,-1.352417,0.11103821,-6.9794006
2019-04-08 17:04:11,48562,-2.0658875,0.5264435,-7.835327
2019-04-08 17:04:11,48581,-1.0184326,1.8408508,-8.206421
2019-04-08 17:04:11,48602,-0.74308777,0.08590698,-8.83371
2019-04-08 17:04:11,48621,-1.4625549,-0.09007263,-8.73674
2019-04-08 17:04:11,48642,-1.0579376,0.51805115,-7.680893
2019-04-08 17:04:11,48661,-1.5679016,0.31933594,-7.961029
2019-04-08 17:04:11,48681,-1.7821808,-0.5892639,-8.724777
2019-04-08 17:04:11,48702,-1.7749939,-0.7676239,-7.7216034
2019-04-08 17:04:11,48721,-0.7514801,-1.6714325,-7.526474
2019-04-08 17:04:11,48741,-0.7526703,-1.7277069,-8.430283
2019-04-08 17:04:11,48762,-0.7012024,-1.909668,-8.569153
2019-04-08 17:04:11,48781,-0.18884277,-2.5477142,-8.630203
2019-04-08 17:04:11,48801,-0.47373962,-2.2975311,-9.2682495
2019-04-08 17:04:11,48822,-0.36001587,-2.7979126,-8.651749
2019-04-08 17:04:11,48841,0.024246216,-3.9686737,-7.82695
2019-04-08 17:04:11,48861,-0.39952087,-4.5013885,-8.917511
2019-04-08 17:04:11,48881,-0.7706299,-4.9550934,-9.735123
2019-04-08 17:04:11,48902,0.39175415,-6.0073395,-8.960602
2019-04-08 17:04:11,48921,0.30317688,-6.5173035,-8.615829
2019-04-08 17:04:11,48941,0.091278076,-6.4538574,-9.148544
2019-04-08 17:04:12,48961,0.8562317,-6.6430054,-9.059967
2019-04-08 17:04:12,48981,1.3075409,-6.7866516,-7.4773865
2019-04-08 17:04:12,49002,0.39414978,-6.330551,-7.577942
2019-04-08 17:04:12,49021,-1.3380585,-6.2683105,-8.581116
2019-04-08 17:04:12,49041,-0.11341858,-7.7754517,-8.484161
2019-04-08 17:04:12,49062,0.8370819,-8.690048,-8.266281
2019-04-08 17:04:12,49081,0.49591064,-8.979736,-8.800186
2019-04-08 17:04:12,49102,-0.16609192,-8.883972,-9.622604
2019-04-08 17:04:12,49121,-0.37678528,-8.397949,-9.559158
2019-04-08 17:04:12,49142,-0.057159424,-8.447037,-9.135376
2019-04-08 17:04:12,49161,-0.22714233,-8.326126,-8.424301
2019-04-08 17:04:12,49182,-0.17327881,-8.063965,-7.5995026
2019-04-08 17:04:12,49202,-0.2032013,-8.187256,-7.522888
2019-04-08 17:04:12,49221,-0.5000763,-8.922287,-8.280655
2019-04-08 17:04:12,49242,-0.28579712,-9.197617,-8.432678
2019-04-08 17:04:12,49261,-0.5024719,-8.035233,-7.664139
2019-04-08 17:04:12,49281,-0.75746155,-6.312607,-6.0887604
2019-04-08 17:04:12,49302,-0.17686462,-7.2654877,-6.004959
2019-04-08 17:04:12,49321,0.4719696,-8.073532,-7.4522552
2019-04-08 17:04:12,49342,0.048187256,-7.3468933,-8.453033
2019-04-08 17:04:12,49361,-0.44740295,-7.4965363,-8.408737
2019-04-08 17:04:12,49381,-0.30496216,-9.109024,-7.8101807
2019-04-08 17:04:12,49402,-0.73831177,-6.942276,-7.067978
2019-04-08 17:04:12,49421,-0.3336792,-6.373657,-7.771881
2019-04-08 17:04:12,49442,0.83348083,-8.44104,-9.024048
2019-04-08 17:04:12,49461,0.89094543,-9.438232,-10.721542
2019-04-08 17:04:12,49481,-0.30615234,-8.031631,-10.666473
2019-04-08 17:04:12,49502,0.14755249,-7.905945,-8.7582855
2019-04-08 17:04:12,49521,0.5150604,-7.984955,-8.380005
2019-04-08 17:04:12,49541,-0.50486755,-6.378433,-9.264664
2019-04-08 17:04:12,49562,-0.2893982,-6.514908,-8.745117
2019-04-08 17:04:12,49581,0.03981018,-6.670532,-8.97496
2019-04-08 17:04:12,49601,0.0541687,-5.6506042,-9.188049
2019-04-08 17:04:12,49622,0.13796997,-4.98143,-8.770264
2019-04-08 17:04:12,49641,-0.87716675,-4.1446533,-9.295792
2019-04-08 17:04:12,49662,-1.233902,-3.119934,-9.572327
2019-04-08 17:04:12,49681,-0.40670776,-4.080002,-9.738724
2019-04-08 17:04:12,49701,-0.11820984,-4.58757,-8.684067
2019-04-08 17:04:12,49722,-1.242279,-3.6358795,-8.533234
2019-04-08 17:04:12,49741,-2.1664429,-0.63235474,-10.067917
2019-04-08 17:04:12,49761,-1.9234314,-0.7568512,-9.762665
2019-04-08 17:04:12,49782,-1.5247955,-3.2611847,-8.460205
2019-04-08 17:04:12,49801,-1.6325378,-1.7468567,-8.891174
2019-04-08 17:04:12,49821,-1.565506,-0.46116638,-6.8058167
2019-04-08 17:04:12,49842,-1.4302368,-0.4707489,-6.7687073
2019-04-08 17:04:12,49861,-1.5236053,1.7690277,-5.936722
2019-04-08 17:04:12,49881,-0.6772461,1.8228912,-5.3190155
2019-04-08 17:04:12,49902,-1.1010284,-0.3725891,-5.521332
2019-04-08 17:04:12,49922,-1.0902557,-0.2253418,-5.5751953
2019-04-08 17:04:12,49941,-2.028778,2.0766754,-6.1210785
2019-04-08 17:04:13,49962,-0.51924133,1.1884308,-7.0548096
2019-04-08 17:04:13,49982,-1.0854645,0.5228424,-9.9913025
2019-04-08 17:04:13,50001,0.53660583,-1.0872498,-10.321701
2019-04-08 17:04:13,50022,-0.64253235,-3.6382751,-10.913071
2019-04-08 17:04:13,50041,-0.763443,-4.7096863,-10.907089
2019-04-08 17:04:13,50062,-1.3895264,-3.2013397,-10.722733
2019-04-08 17:04:13,50081,-0.8280945,-2.3861084,-9.173691
2019-04-08 17:04:13,50102,-0.7993622,-3.2252808,-8.279449
2019-04-08 17:04:13,50121,-1.0806732,-3.9016418,-7.835327
2019-04-08 17:04:13,50141,-0.94540405,-3.7711487,-7.1649475
2019-04-08 17:04:13,50162,-0.76823425,-3.1498566,-7.0739746
2019-04-08 17:04:13,50181,-0.26664734,-2.7512207,-7.3816223
2019-04-08 17:04:13,50202,0.40971375,-4.424774,-7.0787506
2019-04-08 17:04:13,50221,-0.02961731,-5.977417,-8.198044
2019-04-08 17:04:13,50242,-0.18284607,-7.0739594,-8.940247
2019-04-08 17:04:13,50261,-0.18405151,-8.157333,-9.7734375
2019-04-08 17:04:13,50281,0.80714417,-9.295776,-10.794556
2019-04-08 17:04:13,50302,0.6024475,-11.201553,-10.891525
2019-04-08 17:04:13,50321,0.40013123,-12.126923,-9.937439
2019-04-08 17:04:13,50341,-0.1960144,-9.668076,-10.216354
2019-04-08 17:04:13,50362,-1.163269,-6.3437195,-8.925888
2019-04-08 17:04:13,50381,-0.6161957,-6.8022156,-8.530838
2019-04-08 17:04:13,50401,0.57492065,-8.172897,-8.107071
2019-04-08 17:04:13,50422,0.1403656,-7.0260773,-7.612671
2019-04-08 17:04:13,50441,-0.38874817,-4.7815094,-5.542877
2019-04-08 17:04:13,50461,-0.7191467,-5.273514,-5.672165
2019-04-08 17:04:13,50482,-0.16490173,-7.167328,-7.921524
2019-04-08 17:04:13,50501,1.1650848,-9.931442,-10.630554
2019-04-08 17:04:13,50521,1.8761597,-11.548721,-10.865189
2019-04-08 17:04:13,50542,-8.8500977E-4,-9.166489,-8.743927
2019-04-08 17:04:13,50561,-1.6433105,-7.429489,-6.024109
2019-04-08 17:04:13,50581,-0.70718384,-8.89595,-6.2036743
2019-04-08 17:04:13,50602,1.201004,-10.692795,-9.450211
2019-04-08 17:04:13,50621,0.2672577,-9.950592,-11.022003
2019-04-08 17:04:13,50641,-1.1752472,-7.270279,-7.9478607
2019-04-08 17:04:13,50662,-0.47494507,-5.57399,-5.7655334
2019-04-08 17:04:13,50681,0.09967041,-5.9355164,-7.677307
2019-04-08 17:04:13,50702,1.0896606,-7.5252686,-6.7304077
2019-04-08 17:04:13,50721,-0.3612213,-6.9075623,-8.249527
2019-04-08 17:04:13,50742,-0.78738403,-5.685318,-8.599075
2019-04-08 17:04:13,50761,0.91249084,-7.8580627,-8.617035
2019-04-08 17:04:13,50782,1.4559784,-10.1145935,-10.489304
2019-04-08 17:04:13,50801,-1.079483,-7.1445923,-11.379944
2019-04-08 17:04:13,50821,-0.20918274,-5.9833984,-9.814133
2019-04-08 17:04:13,50842,1.0226288,-6.969803,-9.452606
2019-04-08 17:04:13,50861,-0.31573486,-6.629837,-9.262268
2019-04-08 17:04:13,50882,-1.5307922,-3.8345947,-7.653366
2019-04-08 17:04:13,50901,-1.743866,-2.2532349,-6.8536987
2019-04-08 17:04:13,50922,-0.3684082,-3.6861572,-6.2324066
2019-04-08 17:04:13,50941,-0.3444519,-3.6825714,-5.976227
2019-04-08 17:04:14,50962,-1.3069305,-0.855011,-6.9949646
2019-04-08 17:04:14,50981,-1.870758,0.41271973,-9.049179
2019-04-08 17:04:14,51002,0.103256226,-1.8210754,-8.152557
2019-04-08 17:04:14,51021,0.15711975,-3.2575989,-9.246704
2019-04-08 17:04:14,51041,-1.6804199,-3.5544739,-8.886383
2019-04-08 17:04:14,51062,-2.2047577,-1.8689575,-8.569153
2019-04-08 17:04:14,51081,-1.6421204,-0.76164246,-8.374023
2019-04-08 17:04:14,51102,-1.273407,-1.2560425,-7.9873505
2019-04-08 17:04:14,51121,-1.0603333,-1.9946594,-8.141785
2019-04-08 17:04:14,51141,-0.9035034,-2.8254395,-8.132202
2019-04-08 17:04:14,51162,-1.1596832,-0.88734436,-8.509293
2019-04-08 17:04:14,51181,-1.8204803,-0.5497589,-8.795395
2019-04-08 17:04:14,51201,-1.039978,-1.4930725,-8.743927
2019-04-08 17:04:14,51222,-0.7167511,-1.3757629,-10.471344
2019-04-08 17:04:14,51241,-0.33009338,-3.7807312,-10.289383
2019-04-08 17:04:14,51261,-1.0327911,-4.163803,-10.7382965
2019-04-08 17:04:14,51282,-1.2722168,-2.5513153,-10.105026
2019-04-08 17:04:14,51301,-0.97772217,-2.5010376,-9.944611
2019-04-08 17:04:14,51322,-0.8137207,-2.8170624,-10.350433
2019-04-08 17:04:14,51341,-1.2446747,-2.8374176,-11.26622
2019-04-08 17:04:14,51361,-0.52401733,-2.3873138,-10.831665
2019-04-08 17:04:14,51382,-0.32051086,-2.5333557,-10.488098
2019-04-08 17:04:14,51401,-0.2247467,-4.0859985,-9.336487
2019-04-08 17:04:14,51421,-0.7119751,-3.3892822,-10.009262
2019-04-08 17:04:14,51442,-0.8352661,-3.293518,-8.55838
2019-04-08 17:04:14,51461,-1.5271912,-1.997055,-8.654144
2019-04-08 17:04:14,51481,-0.7191467,-0.8657837,-8.353668
2019-04-08 17:04:14,51502,0.7760315,-3.7041168,-10.892715
2019-04-08 17:04:14,51521,0.30317688,-6.8536835,-10.330078
2019-04-08 17:04:14,51541,-1.5367737,-5.508148,-11.517609
2019-04-08 17:04:14,51562,-0.96694946,-2.8733368,-10.528809
2019-04-08 17:04:14,51581,-0.37797546,-2.8936768,-11.096222
2019-04-08 17:04:14,51601,0.28401184,-3.8561554,-9.981735
2019-04-08 17:04:14,51622,0.069732666,-4.5516663,-8.435074
2019-04-08 17:04:14,51641,-0.9430084,-4.021347,-8.120239
2019-04-08 17:04:14,51662,-1.723526,-1.5170135,-8.057983
2019-04-08 17:04:14,51681,0.6000519,-3.1737976,-7.498947
2019-04-08 17:04:14,51702,0.66708374,-5.6039124,-7.040451
2019-04-08 17:04:14,51721,-1.9797058,-5.089157,-9.239532
2019-04-08 17:04:14,51742,-1.3069305,-3.1606293,-11.973709
2019-04-08 17:04:14,51761,1.552948,-5.863693,-11.984482
2019-04-08 17:04:14,51782,2.9260254,-7.785034,-11.096222
2019-04-08 17:04:14,51801,0.509079,-6.530472,-9.068344
2019-04-08 17:04:14,51822,-1.6732483,-5.6410217,-7.830536
2019-04-08 17:04:14,51841,-2.7973175,-3.7508087,-6.490982
2019-04-08 17:04:14,51862,-2.013214,-4.7671356,-9.808151
2019-04-08 17:04:14,51881,0.33309937,-6.3556976,-8.850464
2019-04-08 17:04:14,51901,-0.15052795,-4.34816,-9.7435
2019-04-08 17:04:14,51922,1.6211853,-4.483429,-7.5324554
2019-04-08 17:04:14,51941,1.6594849,-5.427948,-8.120239
2019-04-08 17:04:15,51962,-2.1580658,-2.3310394,-10.986099
2019-04-08 17:04:15,51981,1.1195984,-5.9127655,-10.715546
2019-04-08 17:04:15,52001,3.154663,-9.80574,-10.416275
2019-04-08 17:04:15,52021,0.87179565,-8.1345825,-6.850113
2019-04-08 17:04:15,52041,-4.52713,-4.0153656,-6.452667
2019-04-08 17:04:15,52061,-4.6264954,-1.6474915,-6.241989
2019-04-08 17:04:15,52082,0.42767334,-4.6594086,-10.831665
2019-04-08 17:04:15,52101,3.012207,-6.408371,-14.989197
2019-04-08 17:04:15,52122,3.1678314,-7.1817017,-10.313324
2019-04-08 17:04:15,52141,1.4200745,-7.9729767,-9.028839
2019-04-08 17:04:15,52161,-0.8400574,-7.2247925,-9.32692
2019-04-08 17:04:15,52182,-3.0822296,-4.747986,-6.5592194
2019-04-08 17:04:15,52201,-3.4844513,-2.9571228,-6.822586
2019-04-08 17:04:15,52221,-0.94421387,-3.621521,-7.98497
2019-04-08 17:04:15,52242,1.4571838,-5.4806213,-8.696045
2019-04-08 17:04:15,52261,0.83947754,-5.649399,-9.067139
2019-04-08 17:04:15,52281,0.3283081,-4.179367,-7.9945374
2019-04-08 17:04:15,52302,0.03981018,-4.5720215,-8.964188
2019-04-08 17:04:15,52321,-0.078704834,-5.095154,-10.326492
2019-04-08 17:04:15,52341,-0.1625061,-6.064804,-9.736328
2019-04-08 17:04:15,52362,-0.68084717,-7.046417,-8.8133545
2019-04-08 17:04:15,52382,-1.494873,-5.7200317,-9.101852
2019-04-08 17:04:15,52401,-0.97532654,-4.0895844,-7.439087
2019-04-08 17:04:15,52422,-0.095458984,-3.9866333,-8.788223
2019-04-08 17:04:15,52441,0.31874084,-3.455124,-9.098267
2019-04-08 17:04:15,52462,0.74490356,-4.1290894,-7.981369
2019-04-08 17:04:15,52481,-0.12060547,-4.862915,-9.008484
2019-04-08 17:04:15,52502,-0.18165588,-6.3401337,-8.24353
2019-04-08 17:04:15,52521,-1.2039795,-6.1462097,-8.917511
2019-04-08 17:04:15,52542,-1.110611,-6.1497955,-8.862442
2019-04-08 17:04:15,52561,-1.0375824,-5.550049,-10.468948
2019-04-08 17:04:15,52582,0.8382721,-4.739609,-9.137772
2019-04-08 17:04:15,52601,-0.11102295,-4.1853485,-9.522034
2019-04-08 17:04:15,52622,1.2835999,-5.2364044,-8.123825
2019-04-08 17:04:15,52641,0.375,-6.025299,-8.376419
2019-04-08 17:04:15,52661,-2.0862427,-4.1781616,-9.628586
2019-04-08 17:04:15,52681,-1.0040588,-5.527298,-8.226776
2019-04-08 17:04:15,52702,-0.71795654,-4.582794,-8.445847
2019-04-08 17:04:15,52721,-0.53718567,-4.159012,-7.933487
2019-04-08 17:04:15,52741,-0.02482605,-4.3637238,-9.2239685
2019-04-08 17:04:15,52762,0.25408936,-5.73201,-10.665268
2019-04-08 17:04:15,52781,0.5665283,-6.5651855,-11.057922
2019-04-08 17:04:15,52802,0.027832031,-6.1581726,-10.186432
2019-04-08 17:04:15,52821,-0.15890503,-5.7667236,-7.929901
2019-04-08 17:04:15,52841,-1.4936829,-5.3046417,-6.739975
2019-04-08 17:04:15,52862,-2.442978,-3.2647858,-7.5157013
2019-04-08 17:04:15,52881,-0.79815674,-2.8757172,-7.8975677
2019-04-08 17:04:15,52901,0.46238708,-4.40802,-8.770264
2019-04-08 17:04:15,52921,0.9998779,-4.9562836,-10.8328705
2019-04-08 17:04:15,52942,1.7121582,-7.029663,-9.557953
2019-04-08 17:04:16,52961,-0.708374,-7.0595856,-10.099045
2019-04-08 17:04:16,52981,-1.6672516,-5.899597,-9.03363
2019-04-08 17:04:16,53002,-1.5487366,-4.907196,-10.114609
2019-04-08 17:04:16,53021,0.27444458,-4.950302,-9.377197
2019-04-08 17:04:16,53041,0.6886444,-4.874878,-7.9718018
2019-04-08 17:04:16,53062,0.6311798,-4.5085754,-6.249161
2019-04-08 17:04:16,53081,-2.146103,-3.2085114,-7.2236023
2019-04-08 17:04:16,53101,-1.83844,-1.6846008,-6.9913635
2019-04-08 17:04:16,53122,0.9148865,-5.261551,-8.650558
2019-04-08 17:04:16,53141,0.88375854,-7.68927,-11.0746765
2019-04-08 17:04:16,53161,-0.7945709,-6.354492,-10.114609
2019-04-08 17:04:16,53182,-0.042785645,-5.787079,-9.702805
2019-04-08 17:04:16,53201,-0.018844604,-6.215637,-10.240295
2019-04-08 17:04:16,53222,-0.14094543,-5.255554,-9.381973
2019-04-08 17:04:16,53241,-0.48332214,-5.055649,-9.058762
2019-04-08 17:04:16,53261,-0.8220978,-5.369278,-7.494156
2019-04-08 17:04:16,53282,-1.0782776,-4.706085,-6.716034
2019-04-08 17:04:16,53301,-1.4122772,-3.032547,-6.3736725
2019-04-08 17:04:16,53322,-1.0806732,-2.2819672,-6.890808
2019-04-08 17:04:16,53342,1.0872803,-4.07283,-7.4965515
2019-04-08 17:04:16,53362,-0.13496399,-4.668976,-9.28981
2019-04-08 17:04:16,53381,-0.7155609,-3.8513641,-11.54155
2019-04-08 17:04:16,53402,1.2476807,-6.3437195,-11.551132
2019-04-08 17:04:16,53421,2.2676086,-11.209946,-11.212341
2019-04-08 17:04:16,53442,-0.95259094,-8.059174,-10.203186
2019-04-08 17:04:16,53461,-3.5790253,-3.0193787,-6.562805
2019-04-08 17:04:16,53481,-1.8839264,-2.5405426,-7.000946
2019-04-08 17:04:16,53501,0.32711792,-3.377304,-8.114258
2019-04-08 17:04:16,53521,1.3147278,-4.396042,-8.218399
2019-04-08 17:04:16,53542,-0.18763733,-4.561249,-7.7611084
2019-04-08 17:04:16,53561,-0.6221924,-4.460678,-8.096298
2019-04-08 17:04:16,53581,0.16551208,-5.340561,-8.608658
2019-04-08 17:04:16,53601,-0.68203735,-4.689331,-9.595062
2019-04-08 17:04:16,53622,-0.13256836,-5.218445,-9.018066
2019-04-08 17:04:16,53641,-0.5312042,-5.213669,-9.738724
2019-04-08 17:04:16,53661,-0.033218384,-5.930725,-9.820114
2019-04-08 17:04:16,53681,0.07093811,-7.2606964,-9.711182
2019-04-08 17:04:16,53701,-0.9549866,-5.702072,-9.093475
2019-04-08 17:04:16,53722,-1.376358,-4.2787323,-7.818573
2019-04-08 17:04:16,53741,-0.5707092,-3.4622955,-8.201645
2019-04-08 17:04:16,53761,0.3965454,-4.906006,-8.700836
2019-04-08 17:04:16,53782,-0.095458984,-5.0472717,-9.069534
2019-04-08 17:04:16,53801,-0.292984,-5.364502,-7.7622986
2019-04-08 17:04:16,53821,-0.8747711,-3.672989,-7.344513
2019-04-08 17:04:16,53842,-0.7119751,-3.0205688,-6.649002
2019-04-08 17:04:16,53861,-1.0172272,-4.6857452,-7.633011
2019-04-08 17:04:16,53881,-0.72154236,-4.7587585,-12.219116
2019-04-08 17:04:16,53902,1.2788086,-7.1541595,-10.500076
2019-04-08 17:04:16,53921,0.074523926,-7.622223,-10.063126
2019-04-08 17:04:16,53941,-0.8616028,-6.334152,-10.173264
2019-04-08 17:04:17,53962,0.093673706,-5.2447815,-9.905121
2019-04-08 17:04:17,53981,-1.071106,-4.5959625,-9.379593
2019-04-08 17:04:17,54001,-1.0699005,-3.9363556,-7.8999634
2019-04-08 17:04:17,54022,0.100860596,-4.369705,-7.4582367
2019-04-08 17:04:17,54042,0.21818542,-4.531311,-6.067215
2019-04-08 17:04:17,54061,-0.24031067,-3.681366,-5.012558
2019-04-08 17:04:17,54082,-2.954132,-2.3525848,-5.6578064
2019-04-08 17:04:17,54102,-2.930191,-0.96754456,-10.486908
2019-04-08 17:04:17,54122,3.3653564,-6.4023895,-11.815689
2019-04-08 17:04:17,54141,4.56485,-13.1241,-11.30452
2019-04-08 17:04:17,54162,-1.4386139,-7.103882,-11.493668
2019-04-08 17:04:17,54181,-3.620926,-4.218872,-9.38916
2019-04-08 17:04:17,54202,0.7688446,-6.717224,-9.976944
2019-04-08 17:04:17,54221,-0.46896362,-5.4973755,-9.508865
2019-04-08 17:04:17,54242,-1.0986328,-3.5209656,-5.5680237
2019-04-08 17:04:17,54261,-1.2039795,-3.0708466,-5.268738
2019-04-08 17:04:17,54282,-0.550354,-1.5948181,-6.3904266
2019-04-08 17:04:17,54301,-0.39353943,-2.2891388,-8.216003
2019-04-08 17:04:17,54321,0.10684204,-2.756012,-9.745895
2019-04-08 17:04:17,54342,2.9607391,-7.0907135,-9.749496
2019-04-08 17:04:17,54361,0.42407227,-9.026428,-10.835266
2019-04-08 17:04:17,54381,-2.2753906,-6.6992645,-10.798157
2019-04-08 17:04:17,54402,-1.4290314,-7.0260773,-10.4857025
2019-04-08 17:04:17,54421,-0.69281006,-6.4849854,-10.458176
2019-04-08 17:04:17,54441,-0.8137207,-5.324997,-9.080307
2019-04-08 17:04:17,54461,-0.15771484,-4.7659454,-8.266281
2019-04-08 17:04:17,54482,-0.6580963,-2.8422089,-8.482956
2019-04-08 17:04:17,54501,1.4320374,-4.2547913,-6.54126
2019-04-08 17:04:17,54521,-0.3001709,-5.218445,-7.818573
2019-04-08 17:04:17,54541,-1.218338,-2.9822693,-7.063202
2019-04-08 17:04:17,54562,-1.8037262,-2.5572968,-7.597107
2019-04-08 17:04:17,54581,0.76286316,-5.389633,-8.120239
2019-04-08 17:04:17,54601,0.9532013,-6.7423553,-10.4019165
2019-04-08 17:04:17,54621,-0.6868286,-5.207672,-9.439438
2019-04-08 17:04:17,54642,-0.85443115,-5.7332,-10.0308075
2019-04-08 17:04:17,54661,0.6599121,-6.550827,-11.223114
2019-04-08 17:04:17,54681,0.72454834,-6.373657,-9.136581
2019-04-08 17:04:17,54702,-0.47613525,-5.0113525,-8.2638855
2019-04-08 17:04:17,54721,-1.8348541,-3.0217743,-7.4726105
2019-04-08 17:04:17,54741,0.75328064,-5.563217,-8.323746
2019-04-08 17:04:17,54762,0.110443115,-6.3880157,-7.075165
2019-04-08 17:04:17,54781,-2.352005,-3.3282318,-7.424713
2019-04-08 17:04:17,54801,-1.6911926,-3.479065,-7.8137817
2019-04-08 17:04:17,54822,0.8526459,-6.0073395,-11.783371
2019-04-08 17:04:17,54841,1.2883911,-6.7710876,-12.013214
2019-04-08 17:04:17,54861,0.11642456,-5.234009,-9.118622
2019-04-08 17:04:17,54882,0.017059326,-5.3070374,-7.4582367
2019-04-08 17:04:17,54901,-1.9342041,-3.4060364,-8.213608
2019-04-08 17:04:17,54922,-1.4338226,-4.0620575,-7.84729
2019-04-08 17:04:17,54942,-1.6409149,-5.17894,-10.269028
2019-04-08 17:04:18,54961,0.9962921,-7.3397064,-10.874771
2019-04-08 17:04:18,54982,0.9448242,-7.064377,-9.281418
2019-04-08 17:04:18,55002,-1.2255249,-3.8334045,-10.648514
2019-04-08 17:04:18,55021,0.4324646,-3.6634216,-8.91391
2019-04-08 17:04:18,55042,0.9998779,-6.882416,-7.2032623
2019-04-08 17:04:18,55061,-1.4338226,-6.9530487,-6.8992004
2019-04-08 17:04:18,55082,-3.936966,-1.751648,-4.9479218
2019-04-08 17:04:18,55101,-3.5694427,-1.4092712,-6.954254
2019-04-08 17:04:18,55122,-1.3655853,-1.54216,-12.044327
2019-04-08 17:04:18,55141,6.083969,-6.6238403,-9.78421
2019-04-08 17:04:18,55162,2.8757477,-9.356827,-10.502472
2019-04-08 17:04:18,55181,-2.5028381,-8.14296,-11.925827
2019-04-08 17:04:18,55201,-2.1772156,-8.115433,-10.336075
2019-04-08 17:04:18,55222,-0.04878235,-7.3121796,-8.909119
2019-04-08 17:04:18,55241,-3.3755188,-2.858963,-8.213608
2019-04-08 17:04:18,55261,-2.8392181,1.1333618,-5.703293
2019-04-08 17:04:18,55281,2.0736847,-3.633484,-7.3696594
2019-04-08 17:04:18,55302,1.6930084,-8.084305,-11.834839
2019-04-08 17:04:18,55321,-0.15890503,-8.423096,-9.463379
2019-04-08 17:04:18,55341,-1.1058197,-5.4698334,-8.292618
2019-04-08 17:04:18,55361,-1.2913666,-1.9455719,-9.001297
2019-04-08 17:04:18,55382,0.86221313,-3.2683716,-7.764694
2019-04-08 17:04:18,55401,-0.19961548,-5.3237915,-11.423035
2019-04-08 17:04:18,55421,1.0381927,-6.864456,-6.5197144
2019-04-08 17:04:18,55441,-2.0395508,-6.183319,-5.8601074
2019-04-08 17:04:18,55462,-5.5674133,-0.36421204,-6.5759735
2019-04-08 17:04:18,55481,-1.9066772,-0.1786499,-18.47995
2019-04-08 17:04:18,55501,7.858078,-9.757858,-11.152496
2019-04-08 17:04:18,55522,3.6574554,-12.665619,-9.244308
2019-04-08 17:04:18,55541,-2.8811188,-8.115433,-5.3393707
2019-04-08 17:04:18,55562,-6.6280365,-2.309494,-3.1893768
2019-04-08 17:04:18,55581,-4.7102814,-1.7624207,-10.574295
2019-04-08 17:04:18,55601,-0.78619385,-3.3976593,-11.44339
2019-04-08 17:04:18,55622,4.850952,-8.18486,-7.890396
2019-04-08 17:04:18,55641,0.4444275,-3.1941528,-9.399933
2019-04-08 17:04:18,55661,0.6419525,-0.88494873,-6.1438293
2019-04-08 17:04:18,55682,0.20141602,-5.9989624,-6.835739
2019-04-08 17:04:18,55701,-0.82569885,-7.132614,-10.635345
2019-04-08 17:04:18,55722,-2.7506256,-4.2176666,-8.751114
2019-04-08 17:04:18,55741,-3.5718384,-1.8689575,-9.842865
2019-04-08 17:04:18,55762,2.383728,-5.5680084,-8.790619
2019-04-08 17:04:18,55782,2.8529968,-10.198395,-11.547531
2019-04-08 17:04:18,55801,-1.297348,-8.188461,-13.513168
2019-04-08 17:04:18,55822,-0.49050903,-7.1385956,-8.099884
2019-04-08 17:04:18,55842,-0.88435364,-6.0480347,-6.8644714
2019-04-08 17:04:18,55861,-4.2434235,-0.12597656,-6.748352
2019-04-08 17:04:18,55882,-0.8723755,0.5767212,-6.656189
2019-04-08 17:04:18,55901,2.3777466,-4.8365784,-8.135803
2019-04-08 17:04:18,55921,0.5605469,-4.736023,-6.842926
2019-04-08 17:04:18,55942,0.5521698,-6.04924,-4.6067505
2019-04-08 17:04:19,55961,-4.103363,-3.2635803,-13.237839
2019-04-08 17:04:19,55981,0.41929626,-6.625046,-16.374252
2019-04-08 17:04:19,56002,5.4183807,-14.245789,-11.563095
2019-04-08 17:04:19,56021,0.021850586,-9.584274,-11.731888
2019-04-08 17:04:19,56042,-4.2470093,-3.2049255,-8.218399
2019-04-08 17:04:19,56061,-2.442978,-1.1171875,-6.8536987
2019-04-08 17:04:19,56081,0.9603729,-4.9957886,-5.3968353
2019-04-08 17:04:19,56102,-2.3711548,-2.514206,-5.839752
2019-04-08 17:04:19,56121,-3.9070282,1.2818146,-5.734421
2019-04-08 17:04:19,56141,1.5409698,-1.914444,-9.232346
2019-04-08 17:04:19,56162,6.1246796,-10.886719,-11.674423
2019-04-08 17:04:19,56181,2.1311493,-10.55513,-11.590637
2019-04-08 17:04:19,56201,-3.3575592,-4.361328,-9.446625
2019-04-08 17:04:19,56221,-0.8496399,-7.978958,-10.286987
2019-04-08 17:04:19,56242,-0.67126465,-7.9442444,-9.571121
2019-04-08 17:04:19,56261,-3.9429474,-3.2156982,-9.8919525
2019-04-08 17:04:19,56281,-1.3093262,-3.087616,-11.112991
2019-04-08 17:04:19,56302,4.473877,-7.2283783,-7.625839
2019-04-08 17:04:19,56321,0.4216919,-5.740387,-9.944611
2019-04-08 17:04:19,56341,-1.9617462,-1.202179,-4.367325
2019-04-08 17:04:19,56362,-1.055542,-3.6801758,-5.9798126
2019-04-08 17:04:19,56381,-1.3177032,-3.6251068,-9.7435
2019-04-08 17:04:19,56401,0.29240417,-4.0069885,-6.463455
2019-04-08 17:04:19,56422,-1.194397,-6.7974243,-10.907089
2019-04-08 17:04:19,56441,0.088897705,-7.0871277,-13.288116
2019-04-08 17:04:19,56461,1.1040344,-10.197189,-12.312485
2019-04-08 17:04:19,56482,-0.08589172,-6.449066,-9.380783
2019-04-08 17:04:19,56501,-1.1991882,-5.626663,-6.4933777
2019-04-08 17:04:19,56521,-2.8691406,-3.0828247,-8.901947
2019-04-08 17:04:19,56542,-1.7558441,-2.8864899,-9.638153
2019-04-08 17:04:19,56561,2.3609924,-5.2495728,-6.9877777
2019-04-08 17:04:19,56582,-1.9904785,-4.17218,-9.15094
2019-04-08 17:04:19,56601,-0.9897003,-1.7743835,-9.858429
2019-04-08 17:04:19,56622,3.6730042,-7.0859222,-9.732727
2019-04-08 17:04:19,56641,0.75567627,-8.175293,-10.2798
2019-04-08 17:04:19,56661,-2.217926,-5.9798126,-7.270294
2019-04-08 17:04:19,56682,-5.1053314,-0.6491089,-7.479782
2019-04-08 17:04:19,56701,-1.1956024,-3.6095428,-10.479721
2019-04-08 17:04:19,56721,3.726883,-10.249863,-12.284943
2019-04-08 17:04:19,56742,0.019454956,-7.9645996,-10.49408
2019-04-08 17:04:19,56761,-2.7865448,-3.5137787,-6.372467
2019-04-08 17:04:19,56782,-0.21755981,-4.7575684,-8.789413
2019-04-08 17:04:19,56801,0.8442688,-5.5045624,-8.1010895
2019-04-08 17:04:19,56822,-1.6732483,-3.0852203,-7.1493835
2019-04-08 17:04:19,56841,-1.6014099,-1.4368134,-5.562027
2019-04-08 17:04:19,56862,-0.3037567,-2.6291199,-7.5959015
2019-04-08 17:04:19,56881,-0.99687195,-3.2564087,-10.342056
2019-04-08 17:04:19,56901,2.2616272,-6.9398804,-11.412262
2019-04-08 17:04:19,56922,-0.67007446,-10.108612,-12.659637
2019-04-08 17:04:19,56941,-1.4254456,-7.167328,-13.4856415
2019-04-08 17:04:20,56962,-0.30256653,-8.411118,-10.589859
2019-04-08 17:04:20,56981,-1.218338,-7.0835266,-10.653305
2019-04-08 17:04:20,57001,-1.8144989,-4.582794,-7.9047546
2019-04-08 17:04:20,57022,-1.0028687,-2.9044495,-5.912781
2019-04-08 17:04:20,57041,-0.40072632,-2.143097,-6.095932
2019-04-08 17:04:20,57062,-1.3739624,-0.8909302,-5.13826
2019-04-08 17:04:20,57081,0.31874084,-4.736023,-10.419861
2019-04-08 17:04:20,57101,1.0178375,-7.7515106,-12.0503235
2019-04-08 17:04:20,57122,1.0489655,-6.943466,-8.466202
2019-04-08 17:04:20,57141,-1.8587952,-4.4942017,-9.7052
2019-04-08 17:04:20,57161,0.043395996,-5.6314545,-10.741882
2019-04-08 17:04:20,57182,-0.4126892,-6.040863,-10.988495
2019-04-08 17:04:20,57201,-0.105041504,-6.586731,-7.9837646
2019-04-08 17:04:20,57221,-3.6316986,-3.008606,-9.755478
2019-04-08 17:04:20,57242,-0.9884949,-1.9443817,-10.812515
2019-04-08 17:04:20,57261,4.0884094,-5.5249023,-9.215576
2019-04-08 17:04:20,57282,2.5956268,-8.220779,-6.748352
2019-04-08 17:04:20,57301,-4.041107,-6.4382935,-8.967789
2019-04-08 17:04:20,57321,-3.5371246,-1.7803802,-5.2352295
2019-04-08 17:04:20,57342,-1.4577637,-3.6586304,-7.4570465
2019-04-08 17:04:20,57361,0.17028809,-4.373291,-7.7287903
2019-04-08 17:04:20,57381,-0.22355652,-3.9806519,-10.658096
2019-04-08 17:04:20,57402,1.4607697,-6.6753235,-10.625763
2019-04-08 17:04:20,57422,1.6271667,-9.559143,-8.836105
2019-04-08 17:04:20,57441,-1.7402802,-6.7148285,-8.445847
2019-04-08 17:04:20,57462,-5.219055,-1.0010681,-10.088272
2019-04-08 17:04:20,57481,-0.24629211,-3.7831268,-10.521622
2019-04-08 17:04:20,57502,4.9970093,-10.333664,-9.099457
2019-04-08 17:04:20,57521,-1.2626343,-6.1258545,-10.593445
2019-04-08 17:04:20,57542,-5.045471,0.6090393,-7.400772
2019-04-08 17:04:20,57561,0.8478546,-3.9435425,-9.769836
2019-04-08 17:04:20,57582,4.655838,-10.539566,-13.2677765
2019-04-08 17:04:20,57601,-0.292984,-6.349716,-10.653305
2019-04-08 17:04:20,57622,-3.071457,-3.1893616,-3.177414
2019-04-08 17:04:20,57641,-2.0766602,-3.4934235,-7.641388
2019-04-08 17:04:20,57661,-1.9354095,-2.748825,-7.8975677
2019-04-08 17:04:20,57682,-0.042785645,-3.3162537,-9.779419
2019-04-08 17:04:20,57701,2.0593262,-6.3880157,-7.277481
2019-04-08 17:04:20,57722,-0.1565094,-6.3281555,-6.293457
2019-04-08 17:04:20,57741,-3.5514984,-2.3059082,-9.569931
2019-04-08 17:04:20,57761,1.8534241,-8.0903015,-5.384857
2019-04-08 17:04:20,57782,-2.680008,-5.2435913,-9.929062
2019-04-08 17:04:20,57801,-3.4102325,-2.8685455,-7.1062927
2019-04-08 17:04:20,57822,-0.74308777,-5.5763855,-9.870392
2019-04-08 17:04:20,57841,-0.77182007,-3.4335785,-12.556686
2019-04-08 17:04:20,57861,2.399292,-7.8460846,-7.4139404
2019-04-08 17:04:20,57881,-1.7761993,-2.388504,-10.583862
2019-04-08 17:04:20,57902,1.8989105,-4.4295654,-5.462677
2019-04-08 17:04:20,57921,-2.0347595,-6.203659,-8.099884
2019-04-08 17:04:20,57941,-2.3687592,-4.689331,-12.112564
2019-04-08 17:04:21,57962,-1.5200195,-6.791443,-14.13208
2019-04-08 17:04:21,57981,3.1175537,-9.160507,-10.902298
2019-04-08 17:04:21,58001,0.7868042,-8.162125,-10.569504
2019-04-08 17:04:21,58021,-1.4230499,-4.0512695,-7.6114655
2019-04-08 17:04:21,58041,-2.3352356,-2.6710205,-7.27269
2019-04-08 17:04:21,58062,0.31274414,-5.781082,-4.4403534
2019-04-08 17:04:21,58081,-5.9947815,-1.8653717,-9.642944
2019-04-08 17:04:21,58101,-3.2438354,2.5387573,-7.6425934
2019-04-08 17:04:21,58122,5.522537,-6.160568,-10.510849
2019-04-08 17:04:21,58141,4.945526,-12.719482,-10.370789
2019-04-08 17:04:21,58162,-1.7773895,-5.9798126,-9.684845
2019-04-08 17:04:21,58181,-4.2158813,-3.416809,-7.874832
2019-04-08 17:04:21,58201,-0.86997986,-6.803406,-12.301712
2019-04-08 17:04:21,58222,-0.41389465,-6.8105927,-10.71315
2019-04-08 17:04:21,58242,-1.5188141,-4.5971527,-8.730759
2019-04-08 17:04:21,58261,-0.3121338,-4.44751,-9.022842
2019-04-08 17:04:21,58282,1.2512817,-5.9283295,-8.749908
2019-04-08 17:04:21,58301,-1.0423737,-4.653412,-8.037643
2019-04-08 17:04:21,58322,-0.94181824,-3.1103516,-6.0588226
2019-04-08 17:04:21,58341,-2.0060425,-2.961914,-6.684906
2019-04-08 17:04:21,58362,-0.81970215,-4.0548706,-10.186432
2019-04-08 17:04:21,58381,0.95080566,-7.4701996,-11.457748
2019-04-08 17:04:21,58402,0.18466187,-7.3684387,-10.235519
2019-04-08 17:04:21,58421,-0.5395813,-4.76355,-9.680054
2019-04-08 17:04:21,58442,0.42767334,-4.8736877,-8.494934
2019-04-08 17:04:21,58461,-0.7454834,-5.1885223,-8.765472
2019-04-08 17:04:21,58481,-1.079483,-3.8106537,-6.7292023
2019-04-08 17:04:21,58502,-3.677185,-1.2907562,-8.02327
2019-04-08 17:04:21,58521,0.0074920654,-3.5999756,-9.384369
2019-04-08 17:04:21,58542,2.972702,-8.966568,-12.575851
2019-04-08 17:04:21,58561,1.1638947,-9.196411,-10.024826
2019-04-08 17:04:21,58581,-2.0862427,-5.4782257,-8.405151
2019-04-08 17:04:21,58601,-1.699585,-4.882065,-7.6545563
2019-04-08 17:04:21,58621,-1.7486572,-3.356964,-8.783432
2019-04-08 17:04:21,58642,-0.08229065,-3.3677368,-7.087143
2019-04-08 17:04:21,58661,-0.81851196,-3.5772247,-8.233963
2019-04-08 17:04:21,58681,0.36662292,-3.9303741,-9.15213
2019-04-08 17:04:21,58702,0.35824585,-6.5161133,-10.1996
2019-04-08 17:04:21,58721,0.0038909912,-6.9470673,-9.96138
2019-04-08 17:04:21,58741,-1.3727722,-5.116699,-10.275024
2019-04-08 17:04:21,58762,0.043395996,-6.473007,-8.924683
2019-04-08 17:04:21,58781,-0.8532257,-5.4650574,-8.95462
2019-04-08 17:04:21,58802,-1.9605408,-3.0433197,-7.9358826
2019-04-08 17:04:21,58821,-0.81492615,-3.4850464,-9.815338
2019-04-08 17:04:21,58841,1.7923584,-7.067978,-9.747101
2019-04-08 17:04:21,58861,-0.91548157,-6.195282,-10.472534
2019-04-08 17:04:21,58882,-0.4306488,-5.7930603,-9.415497
2019-04-08 17:04:21,58901,-0.5000763,-6.417938,-9.385574
2019-04-08 17:04:21,58921,-1.0268097,-4.862915,-9.177277
2019-04-08 17:04:21,58942,-1.0507507,-3.882492,-7.3744354
2019-04-08 17:04:22,58961,-0.2247467,-3.5317383,-7.533661
2019-04-08 17:04:22,58982,-0.8017578,-4.0656433,-9.62619
2019-04-08 17:04:22,59001,0.6024475,-5.7391815,-9.94342
2019-04-08 17:04:22,59021,-0.37438965,-6.428726,-9.927856
2019-04-08 17:04:22,59042,-0.27023315,-6.104309,-9.045593
2019-04-08 17:04:22,59061,-1.1405334,-4.2919006,-10.049957
2019-04-08 17:04:22,59082,0.6311798,-6.3425293,-8.7535095
2019-04-08 17:04:22,59101,-1.071106,-4.792282,-8.389587
2019-04-08 17:04:22,59122,-2.2669983,-1.8270569,-7.384018
2019-04-08 17:04:22,59142,0.10684204,-3.5999756,-8.745117
2019-04-08 17:04:22,59161,1.6008301,-7.132614,-10.670059
2019-04-08 17:04:22,59182,-0.33488464,-7.19606,-9.662109
2019-04-08 17:04:22,59201,-1.6780243,-5.6709595,-9.640549
2019-04-08 17:04:22,59222,-0.04878235,-5.700882,-9.559158
2019-04-08 17:04:22,59241,-0.4893036,-5.81221,-9.022842
2019-04-08 17:04:22,59262,-1.312912,-3.6466522,-8.291428
2019-04-08 17:04:22,59281,0.36662292,-4.0716248,-7.3708496
2019-04-08 17:04:22,59302,-1.0591278,-4.0823975,-8.63739
2019-04-08 17:04:22,59321,-0.50486755,-5.017334,-8.89595
2019-04-08 17:04:22,59341,-0.5599365,-5.9690247,-10.532394
2019-04-08 17:04:22,59362,-0.11222839,-5.369278,-10.622177
2019-04-08 17:04:22,59381,0.5593567,-5.547653,-8.89595
2019-04-08 17:04:22,59402,-1.0411682,-5.0987396,-8.444656
2019-04-08 17:04:22,59421,-1.7594299,-3.1678162,-8.24115
2019-04-08 17:04:22,59441,-0.6868286,-2.8852997,-8.565552
2019-04-08 17:04:22,59462,0.75686646,-5.439911,-8.036438
2019-04-08 17:04:22,59481,-1.150116,-5.0113525,-10.088272
2019-04-08 17:04:22,59501,0.49949646,-6.152191,-11.28537
2019-04-08 17:04:22,59522,1.1112213,-8.721161,-10.519226
2019-04-08 17:04:22,59541,-0.723938,-6.760315,-8.334518
2019-04-08 17:04:22,59562,-2.6656342,-3.9531097,-7.861664
2019-04-08 17:04:22,59581,-1.2087708,-2.653061,-8.474579
2019-04-08 17:04:22,59601,1.28479,-5.5021667,-7.82695
2019-04-08 17:04:22,59622,-1.1225739,-4.258377,-8.079529
2019-04-08 17:04:22,59641,-1.4649506,-2.348999,-8.536819
2019-04-08 17:04:22,59661,0.7760315,-5.352524,-8.825333
2019-04-08 17:04:22,59682,0.44084167,-5.8026276,-10.261856
2019-04-08 17:04:22,59701,-0.08828735,-5.073593,-7.7180176
2019-04-08 17:04:22,59721,-2.4477692,-4.033325,-8.299805
2019-04-08 17:04:22,59742,-0.061950684,-6.0504303,-9.352051
2019-04-08 17:04:22,59761,-1.6624603,-5.3429413,-11.789352
2019-04-08 17:04:22,59781,0.375,-6.210846,-10.233124
2019-04-08 17:04:22,59802,0.73532104,-7.4773865,-9.346069
2019-04-08 17:04:22,59821,-0.41508484,-5.721237,-9.735123
2019-04-08 17:04:22,59841,-1.4230499,-5.096344,-8.837296
2019-04-08 17:04:22,59862,-0.32769775,-5.9726257,-7.5049286
2019-04-08 17:04:22,59882,-2.8284454,-2.7033386,-7.557602
2019-04-08 17:04:22,59901,-1.2015839,-0.9711304,-6.8369446
2019-04-08 17:04:22,59922,0.8370819,-3.4730835,-8.293808
2019-04-08 17:04:22,59941,1.8019409,-7.4342804,-11.033981
2019-04-08 17:04:23,59962,-0.34805298,-6.708847,-10.360016
2019-04-08 17:04:23,59981,-1.956955,-5.484207,-9.530426
2019-04-08 17:04:23,60002,-0.21038818,-5.4614563,-10.647308
2019-04-08 17:04:23,60021,0.40013123,-5.728409,-10.0703125
2019-04-08 17:04:23,60042,0.0038909912,-5.8373566,-8.41832
2019-04-08 17:04:23,60061,-1.5930328,-4.443924,-6.945877
2019-04-08 17:04:23,60082,-3.261795,-0.50904846,-6.672943
2019-04-08 17:04:23,60101,0.0014953613,-2.772766,-10.039185
2019-04-08 17:04:23,60122,3.153473,-9.398727,-9.500488
2019-04-08 17:04:23,60141,-0.8340759,-7.302597,-10.354019
2019-04-08 17:04:23,60162,-1.6241608,-4.680954,-7.230789
2019-04-08 17:04:23,60181,-1.273407,-5.0664215,-8.658936
2019-04-08 17:04:23,60202,-1.0076599,-5.250778,-9.495712
2019-04-08 17:04:23,60221,-0.30615234,-4.3194275,-9.032425
2019-04-08 17:04:23,60242,-0.25706482,-3.3892822,-7.8520813
2019-04-08 17:04:23,60261,0.014663696,-3.5963745,-6.8992004
2019-04-08 17:04:23,60281,-1.0447693,-4.803055,-9.553162
2019-04-08 17:04:23,60302,0.23973083,-7.060791,-9.719559
2019-04-08 17:04:23,60321,-1.4505768,-6.0635986,-10.647308
2019-04-08 17:04:23,60341,0.12121582,-5.9678345,-8.57872
2019-04-08 17:04:23,60362,-1.2267303,-3.5496979,-9.719559
2019-04-08 17:04:23,60381,0.86460876,-3.9782562,-6.5711823
2019-04-08 17:04:23,60401,-0.629364,-5.25795,-7.3636627
2019-04-08 17:04:23,60422,-1.6720428,-3.926773,-7.126648
2019-04-08 17:04:23,60441,-2.6835938,-3.336609,-8.924683
2019-04-08 17:04:23,60461,0.4216919,-5.551239,-11.530777
2019-04-08 17:04:23,60481,2.7081451,-9.039597,-13.960892
2019-04-08 17:04:23,60502,1.1890259,-8.274643,-10.655701
2019-04-08 17:04:23,60521,-1.4625549,-6.906357,-7.8652496
2019-04-08 17:04:23,60541,-2.396286,-4.1697845,-6.079178
2019-04-08 17:04:23,60562,-3.8950653,-0.13316345,-7.8281403
2019-04-08 17:04:23,60581,-1.2925568,-1.9563446,-7.7180176
2019-04-08 17:04:23,60601,1.5002747,-4.325409,-9.984116
2019-04-08 17:04:23,60622,1.7791901,-6.2216187,-9.019257
2019-04-08 17:04:23,60641,-0.466568,-5.4063873,-9.947006
2019-04-08 17:04:23,60662,0.45880127,-6.9123535,-9.949402
2019-04-08 17:04:23,60681,-0.76942444,-7.1709137,-9.736328
2019-04-08 17:04:23,60702,-2.7183075,-3.613144,-8.415924
2019-04-08 17:04:23,60721,-1.83844,-2.905655,-8.280655
2019-04-08 17:04:23,60742,0.9208832,-4.84256,-10.04039
2019-04-08 17:04:23,60761,1.1016388,-6.767502,-9.506485
2019-04-08 17:04:23,60782,-0.9394226,-6.3006287,-9.3472595
2019-04-08 17:04:23,60801,-0.87597656,-5.8493195,-8.175308
2019-04-08 17:04:23,60822,-1.6732483,-4.7228546,-10.106232
2019-04-08 17:04:23,60842,-0.58387756,-4.119507,-8.522461
2019-04-08 17:04:23,60861,0.35224915,-4.898819,-7.119461
2019-04-08 17:04:23,60882,-1.1560974,-3.084015,-7.8652496
2019-04-08 17:04:23,60901,-0.5180359,-4.235626,-7.756317
2019-04-08 17:04:23,60922,-1.1249695,-5.15979,-10.339661
2019-04-08 17:04:23,60941,0.026641846,-6.566391,-10.745483
2019-04-08 17:04:24,60961,-0.3803711,-6.8776245,-9.839279
2019-04-08 17:04:24,60982,-1.2015839,-4.435547,-10.840042
2019-04-08 17:04:24,61001,1.3913422,-6.665741,-8.450638
2019-04-08 17:04:24,61021,-1.2398834,-4.7815094,-8.372818
2019-04-08 17:04:24,61042,-3.1720123,-1.281189,-6.309021
2019-04-08 17:04:24,61061,-1.3895264,-2.1143646,-7.677307
2019-04-08 17:04:24,61081,0.58688354,-5.216049,-10.784988
2019-04-08 17:04:24,61102,0.75686646,-6.6992645,-10.164886
2019-04-08 17:04:24,61121,-0.30496216,-7.3863983,-10.716751
2019-04-08 17:04:24,61141,-0.19003296,-6.425125,-9.700409
2019-04-08 17:04:24,61162,-1.5559235,-5.4195557,-8.998901
2019-04-08 17:04:24,61181,-0.9178772,-3.6634216,-7.585129
2019-04-08 17:04:24,61201,-0.69281006,-3.3809052,-7.701248
2019-04-08 17:04:24,61222,-0.27742004,-4.0464935,-8.291428
2019-04-08 17:04:24,61241,-0.43902588,-4.3816833,-9.429871
2019-04-08 17:04:24,61261,0.48153687,-5.3321686,-9.079117
2019-04-08 17:04:24,61282,-0.3037567,-5.653,-9.318527
2019-04-08 17:04:24,61301,-0.29777527,-4.475052,-8.909119
2019-04-08 17:04:24,61321,-0.42585754,-5.6039124,-6.9674225
2019-04-08 17:04:24,61342,-1.5176239,-4.124298,-7.3732452
2019-04-08 17:04:24,61361,-2.217926,-2.8481903,-7.90596
2019-04-08 17:04:24,61381,-0.9693451,-3.455124,-9.96257
2019-04-08 17:04:24,61402,2.2951508,-6.471817,-10.23671
2019-04-08 17:04:24,61421,0.7293396,-8.729553,-10.246292
2019-04-08 17:04:24,61441,-1.7067566,-6.8896027,-10.115799
2019-04-08 17:04:24,61462,-1.4924774,-5.899597,-10.075104
2019-04-08 17:04:24,61481,-0.24629211,-5.7296143,-8.63858
2019-04-08 17:04:24,61502,-1.3021393,-3.4180145,-7.4845734
2019-04-08 17:04:24,61521,-0.6736603,-2.0150146,-5.7691345
2019-04-08 17:04:24,61542,-0.22953796,-3.3749084,-6.8477173
2019-04-08 17:04:24,61562,-0.51564026,-4.174576,-8.746323
2019-04-08 17:04:24,61581,-0.26904297,-5.7894745,-10.088272
2019-04-08 17:04:24,61602,-0.64971924,-6.5376587,-11.096222
2019-04-08 17:04:24,61621,0.47555542,-7.27507,-10.79216
2019-04-08 17:04:24,61642,-0.7730255,-6.399994,-11.123764
2019-04-08 17:04:24,61661,-0.07749939,-6.320984,-7.74794
2019-04-08 17:04:24,61682,-1.704361,-4.084793,-7.0272827
2019-04-08 17:04:24,61701,-2.82724,-1.2919617,-5.997772
2019-04-08 17:04:24,61722,-1.3943176,-1.4164581,-7.6797028
2019-04-08 17:04:24,61741,1.4212646,-5.726013,-10.533585
2019-04-08 17:04:24,61762,1.3937378,-8.781021,-10.891525
2019-04-08 17:04:24,61781,-0.81851196,-7.0835266,-10.334869
2019-04-08 17:04:24,61801,-0.629364,-6.607086,-10.31691
2019-04-08 17:04:24,61822,-0.16011047,-6.452667,-9.604645
2019-04-08 17:04:24,61841,-1.4793091,-4.3206177,-8.35965
2019-04-08 17:04:24,61861,-1.6433105,-2.3825226,-6.4873962
2019-04-08 17:04:24,61882,-0.21876526,-3.155838,-7.759903
2019-04-08 17:04:24,61901,-0.27981567,-3.6502533,-10.370789
2019-04-08 17:04:24,61921,1.3697815,-5.9594574,-10.095459
2019-04-08 17:04:24,61941,0.2708435,-7.9909363,-9.489716
2019-04-08 17:04:25,61962,-1.7366943,-5.606308,-9.992508
2019-04-08 17:04:25,61981,-1.0016632,-5.4111786,-8.600281
2019-04-08 17:04:25,62001,-0.006881714,-5.381256,-9.2108
2019-04-08 17:04:25,62022,-1.3667908,-4.2320404,-7.562393
2019-04-08 17:04:25,62041,-2.004837,-1.6882019,-7.5947113
2019-04-08 17:04:25,62061,0.6706848,-3.8214264,-8.843292
2019-04-08 17:04:25,62082,0.96157837,-7.040436,-10.221146
2019-04-08 17:04:25,62101,-1.1381378,-6.3987885,-10.20079
2019-04-08 17:04:25,62121,-0.65211487,-7.052414,-10.024826
2019-04-08 17:04:25,62142,-0.94181824,-5.8780518,-10.747879
2019-04-08 17:04:25,62161,-0.61260986,-5.2531586,-8.365646
2019-04-08 17:04:25,62181,-0.38276672,-4.582794,-7.8413086
2019-04-08 17:04:25,62202,-1.257843,-3.4778595,-7.470215
2019-04-08 17:04:25,62221,-1.2554474,-3.9626923,-9.004898
2019-04-08 17:04:25,62241,0.22416687,-5.8541107,-9.750687
2019-04-08 17:04:25,62262,-0.20559692,-5.772705,-9.945816
2019-04-08 17:04:25,62281,-0.68203735,-4.4786377,-10.291779
2019-04-08 17:04:25,62302,0.7042084,-5.1095123,-8.995316
2019-04-08 17:04:25,62321,-0.2893982,-5.269928,-8.336914
2019-04-08 17:04:25,62342,-1.1405334,-3.9124146,-6.5041504
2019-04-08 17:04:25,62361,-2.854782,-2.653061,-6.474228
2019-04-08 17:04:25,62381,-2.0215912,-2.45076,-11.220734
2019-04-08 17:04:25,62402,2.517807,-7.077545,-12.300507
2019-04-08 17:04:25,62422,1.8390503,-10.485687,-10.508453
2019-04-08 17:04:25,62441,-1.3200989,-6.507721,-11.395508
2019-04-08 17:04:25,62462,-0.42825317,-6.5208893,-10.370789
2019-04-08 17:04:25,62482,-0.6772461,-5.63385,-8.194458
2019-04-08 17:04:25,62501,-2.1520844,-2.7129211,-6.008545
2019-04-08 17:04:25,62522,-1.2267303,-1.6714325,-4.30867
2019-04-08 17:04:25,62541,-2.743454,0.89993286,-7.7934265
2019-04-08 17:04:25,62561,1.8641968,-2.7356567,-8.997711
2019-04-08 17:04:25,62582,3.6454773,-9.675262,-9.84166
2019-04-08 17:04:25,62601,-0.85920715,-7.0595856,-11.593033
2019-04-08 17:04:25,62622,-1.83844,-4.7659454,-9.574707
2019-04-08 17:04:25,62641,-0.10623169,-7.4019623,-10.440216
2019-04-08 17:04:25,62662,-1.8575897,-6.4861755,-9.94342
2019-04-08 17:04:25,62682,-2.0180054,-3.7543945,-7.455841
2019-04-08 17:04:25,62701,-2.4501648,-1.428421,-7.514496
2019-04-08 17:04:25,62722,1.8594055,-4.1757812,-8.0855255
2019-04-08 17:04:25,62741,0.43844604,-5.2364044,-8.710403
2019-04-08 17:04:25,62762,-1.6947937,-4.9598694,-9.463379
2019-04-08 17:04:25,62781,-0.37438965,-6.7232056,-9.8967285
2019-04-08 17:04:25,62801,-0.9884949,-5.5967407,-10.002075
2019-04-08 17:04:25,62822,-1.1716614,-3.9830475,-9.5998535
2019-04-08 17:04:25,62841,0.027832031,-4.0417023,-7.6713257
2019-04-08 17:04:25,62862,-0.7227478,-4.9323425,-7.605484
2019-04-08 17:04:25,62881,-0.89393616,-4.524124,-8.226776
2019-04-08 17:04:25,62901,-1.470932,-4.09317,-10.273819
2019-04-08 17:04:25,62921,-0.27981567,-5.1801453,-9.970947
2019-04-08 17:04:25,62942,1.0022736,-6.002548,-10.271423
2019-04-08 17:04:26,62961,0.94841003,-7.069168,-10.73111
2019-04-08 17:04:26,62981,-1.1082153,-6.310211,-9.937439
2019-04-08 17:04:26,63002,-1.5918427,-6.0588074,-6.549637
2019-04-08 17:04:26,63021,-2.2801666,-3.415619,-7.09671
2019-04-08 17:04:26,63041,-3.490448,0.5767212,-7.7742767
2019-04-08 17:04:26,63062,0.78201294,-0.83106995,-9.754272
2019-04-08 17:04:26,63081,5.4770355,-9.2682495,-8.765472
2019-04-08 17:04:26,63101,-1.0052643,-8.476959,-11.948563
2019-04-08 17:04:26,63122,-2.7290802,-4.9790344,-8.40036
2019-04-08 17:04:26,63142,-1.8540039,-7.8101807,-12.782944
2019-04-08 17:04:26,63161,0.16311646,-7.5923004,-12.160446
2019-04-08 17:04:26,63182,-1.4828949,-4.476242,-9.490921
2019-04-08 17:04:26,63201,0.49830627,-3.495819,-6.3389435
2019-04-08 17:04:26,63222,-0.26185608,-4.0632477,-6.5328827
2019-04-08 17:04:26,63242,-2.442978,-2.1562653,-7.4522552
2019-04-08 17:04:26,63261,-1.2674255,-2.9283905,-7.138611
2019-04-08 17:04:26,63282,0.05178833,-4.3936462,-7.9634094
2019-04-08 17:04:26,63302,0.21937561,-4.5408936,-10.682037
2019-04-08 17:04:26,63321,0.14755249,-4.4451294,-11.54155
2019-04-08 17:04:26,63342,3.0577087,-9.121002,-8.333313
2019-04-08 17:04:26,63361,-0.81492615,-8.146561,-8.547607
2019-04-08 17:04:26,63382,-4.553467,-2.9116364,-7.522888
2019-04-08 17:04:26,63401,-3.8471832,-2.1095734,-10.73111
2019-04-08 17:04:26,63422,2.888916,-6.737564,-10.749069
2019-04-08 17:04:26,63441,1.8905334,-8.83728,-10.717941
2019-04-08 17:04:26,63462,-1.1656647,-3.573639,-8.934265
2019-04-08 17:04:26,63481,0.079315186,-4.8964233,-8.011307
2019-04-08 17:04:26,63501,0.036224365,-5.2651367,-7.6390076
2019-04-08 17:04:26,63522,-2.5483246,-3.1570435,-5.29628
2019-04-08 17:04:26,63541,-4.791687,0.5874939,-6.0887604
2019-04-08 17:04:26,63562,0.29240417,-3.219284,-9.208405
2019-04-08 17:04:26,63581,1.9515839,-7.0105133,-13.468887
2019-04-08 17:04:26,63601,1.2416992,-9.241913,-12.131714
2019-04-08 17:04:26,63622,-0.65211487,-7.5659637,-11.276993
2019-04-08 17:04:26,63641,-0.37438965,-6.9171295,-9.477753
2019-04-08 17:04:26,63661,-2.3914948,-3.8956604,-8.87561
2019-04-08 17:04:26,63682,-1.2386932,-3.1223297,-5.900818
2019-04-08 17:04:26,63701,-1.541565,-2.3059082,-6.307831
2019-04-08 17:04:26,63721,-1.0543365,-1.2225342,-6.2754974
2019-04-08 17:04:26,63742,-0.17327881,-1.38414,-8.447052
2019-04-08 17:04:26,63761,3.3067017,-5.828964,-9.665695
2019-04-08 17:04:26,63781,0.8047638,-8.034027,-11.305725
2019-04-08 17:04:26,63802,-1.213562,-8.257889,-10.775406
2019-04-08 17:04:26,63821,-2.1664429,-7.388794,-11.098618
2019-04-08 17:04:26,63841,-1.0112457,-6.298233,-10.549149
2019-04-08 17:04:26,63861,-1.4350128,-4.8724823,-9.702805
2019-04-08 17:04:26,63881,-0.19122314,-3.423996,-7.5839386
2019-04-08 17:04:26,63901,0.30436707,-4.42717,-7.6581573
2019-04-08 17:04:26,63922,-0.53359985,-5.0352936,-8.8349
2019-04-08 17:04:26,63941,-1.233902,-3.7747498,-8.712799
2019-04-08 17:04:27,63961,-1.5822601,-3.1845703,-8.49971
2019-04-08 17:04:27,63982,1.0441742,-4.3469543,-8.2243805
2019-04-08 17:04:27,64001,0.13078308,-5.2292175,-9.423874
2019-04-08 17:04:27,64022,-0.44262695,-4.4965973,-9.180862
2019-04-08 17:04:27,64041,-0.2642517,-6.3509064,-8.24234
2019-04-08 17:04:27,64061,-1.5355682,-5.261551,-8.334518
2019-04-08 17:04:27,64082,-2.9038544,-1.6953888,-9.581894
2019-04-08 17:04:27,64102,0.5832977,-4.361328,-12.313675
2019-04-08 17:04:27,64121,4.3900757,-11.7079315,-10.513245
2019-04-08 17:04:27,64142,-1.1405334,-8.4817505,-10.543167
2019-04-08 17:04:27,64161,-3.2258759,-3.542511,-6.917145
2019-04-08 17:04:27,64182,-1.0782776,-3.7424316,-8.086716
2019-04-08 17:04:27,64201,-0.4701538,-3.0995789,-7.2559357
2019-04-08 17:04:27,64222,-0.34924316,-3.0110016,-5.747589
2019-04-08 17:04:27,64241,-1.0495453,-2.9870605,-5.797867
2019-04-08 17:04:27,64262,-0.9322357,-2.325058,-8.199249
2019-04-08 17:04:27,64281,1.2620544,-5.8421326,-10.234314
2019-04-08 17:04:27,64301,0.33428955,-8.99411,-13.254608
2019-04-08 17:04:27,64321,-0.26664734,-8.3476715,-12.375931
2019-04-08 17:04:27,64341,-0.8101349,-6.6274414,-10.743088
2019-04-08 17:04:27,64361,-0.2750244,-6.092331,-9.575912
2019-04-08 17:04:27,64381,-1.2518616,-3.7699585,-8.16333
2019-04-08 17:04:27,64401,-1.0603333,-3.039734,-4.873703
2019-04-08 17:04:27,64421,-2.7709808,-1.1004181,-5.0568542
2019-04-08 17:04:27,64442,-2.0347595,-1.1830292,-7.127838
2019-04-08 17:04:27,64461,0.4767456,-3.028946,-10.048767
2019-04-08 17:04:27,64481,2.5213928,-6.554413,-12.304108
2019-04-08 17:04:27,64501,2.2927551,-10.33606,-9.885956
2019-04-08 17:04:27,64522,-1.9785004,-9.086288,-11.99765
2019-04-08 17:04:27,64541,-2.8595734,-6.2635193,-10.519226
2019-04-08 17:04:27,64561,-0.94659424,-5.5811768,-9.087494
2019-04-08 17:04:27,64582,-1.3655853,-3.791504,-7.7922363
2019-04-08 17:04:27,64601,-0.8927307,-1.1147919,-6.8237762
2019-04-08 17:04:27,64621,1.1567078,-2.7344666,-7.2008667
2019-04-08 17:04:27,64642,0.8155365,-5.077194,-8.059189
2019-04-08 17:04:27,64661,-0.9142761,-4.4570923,-8.383591
2019-04-08 17:04:27,64681,-1.3739624,-4.5576477,-8.57753
2019-04-08 17:04:27,64702,-0.8017578,-5.1226807,-10.269028
2019-04-08 17:04:27,64721,0.26846313,-6.249161,-11.578659
2019-04-08 17:04:27,64741,0.24810791,-7.3468933,-10.750259
2019-04-08 17:04:27,64761,-0.009277344,-6.447876,-9.286209
2019-04-08 17:04:27,64781,-1.470932,-4.440338,-7.989746
2019-04-08 17:04:27,64801,-2.0610962,-2.2400665,-7.989746
2019-04-08 17:04:27,64822,-0.43185425,-3.950714,-9.164108
2019-04-08 17:04:27,64841,0.44802856,-5.666168,-9.384369
2019-04-08 17:04:27,64862,-0.30734253,-5.388443,-8.43866
2019-04-08 17:04:27,64881,-0.64971924,-4.0907745,-9.4418335
2019-04-08 17:04:27,64901,0.7293396,-6.332947,-9.7339325
2019-04-08 17:04:27,64922,-1.1034241,-5.688904,-10.193619
2019-04-08 17:04:27,64942,-0.97772217,-5.424347,-8.365646
2019-04-08 17:04:28,64961,-1.2075653,-4.7970734,-8.346481
2019-04-08 17:04:28,64982,-0.79696655,-3.2923126,-8.698441
2019-04-08 17:04:28,65001,0.12361145,-5.3860474,-8.820541
2019-04-08 17:04:28,65022,-0.76942444,-4.9395294,-10.136154
2019-04-08 17:04:28,65041,0.5018921,-5.444702,-9.623795
2019-04-08 17:04:28,65062,-0.43544006,-5.4351196,-8.487747
2019-04-08 17:04:28,65081,-0.83047485,-4.9012146,-7.486969
2019-04-08 17:04:28,65101,-2.2107391,-2.874527,-9.239532
2019-04-08 17:04:28,65122,0.7891998,-4.7503815,-7.988556
2019-04-08 17:04:28,65141,-0.6509247,-5.6517944,-8.210022
2019-04-08 17:04:28,65161,-1.0579376,-2.5752563,-7.909546
2019-04-08 17:04:28,65181,-0.6353607,-4.522934,-9.265854
2019-04-08 17:04:28,65202,0.47914124,-5.3190002,-10.429443
2019-04-08 17:04:28,65221,0.19422913,-6.70166,-10.028412
2019-04-08 17:04:28,65241,-0.40551758,-7.653351,-9.445419
2019-04-08 17:04:28,65261,-1.2901764,-5.8541107,-10.014053
2019-04-08 17:04:28,65281,-1.5379639,-4.82341,-11.227905
2019-04-08 17:04:28,65302,1.2704315,-5.5021667,-8.451828
2019-04-08 17:04:28,65321,0.31874084,-4.2595673,-6.349716
2019-04-08 17:04:28,65341,-2.23349,-0.53778076,-4.933548
2019-04-08 17:04:28,65362,-1.0292053,-3.1821747,-6.1761475
2019-04-08 17:04:28,65381,-1.6074066,-4.9000244,-10.099045
2019-04-08 17:04:28,65401,-0.090667725,-6.648987,-10.31572
2019-04-08 17:04:28,65422,-0.58387756,-5.839752,-11.831253
2019-04-08 17:04:28,65441,1.3087311,-6.3509064,-11.607391
2019-04-08 17:04:28,65461,0.70539856,-7.2403564,-12.428604
2019-04-08 17:04:28,65482,-0.04159546,-6.2683105,-8.330933
2019-04-08 17:04:28,65501,-1.2781982,-6.1976776,-6.173752
2019-04-08 17:04:28,65521,-3.0774384,-2.6746063,-5.0448914
2019-04-08 17:04:28,65541,-4.6276855,1.0459747,-6.6896973
2019-04-08 17:04:28,65562,-0.82928467,-0.70777893,-11.569077
2019-04-08 17:04:28,65581,6.276703,-7.4498444,-10.100235
2019-04-08 17:04:28,65601,2.8637695,-9.059952,-10.735901
2019-04-08 17:04:28,65622,-2.0551147,-5.820587,-10.29776
2019-04-08 17:04:28,65641,-2.1006012,-6.670532,-8.836105
2019-04-08 17:04:28,65662,-1.628952,-6.3987885,-8.960602
2019-04-08 17:04:28,65682,-2.5435333,-2.653061,-7.1637573
2019-04-08 17:04:28,65701,-2.5195923,0.7395172,-5.0388947
2019-04-08 17:04:28,65722,0.19422913,-1.3302612,-5.8014526
2019-04-08 17:04:28,65741,1.5433655,-5.171768,-12.342407
2019-04-08 17:04:28,65762,1.9300385,-9.952988,-11.463745
2019-04-08 17:04:28,65782,-1.2793884,-8.670883,-9.258682
2019-04-08 17:04:28,65801,-2.25383,-5.9510803,-9.561539
2019-04-08 17:04:28,65822,-1.6540833,-4.60553,-10.987289
2019-04-08 17:04:28,65841,-0.9334259,-4.0740204,-10.094254
2019-04-08 17:04:28,65862,-0.18405151,-2.7368622,-7.375641
2019-04-08 17:04:28,65881,2.1921997,-6.076767,-4.522949
2019-04-08 17:04:28,65902,-1.2123566,-3.6071472,-6.012146
2019-04-08 17:04:28,65921,-5.1053314,2.4465942,-3.2755737
2019-04-08 17:04:28,65941,-4.661209,1.7307281,-8.690063
2019-04-08 17:04:29,65961,4.305084,-7.27507,-13.793289
2019-04-08 17:04:29,65982,6.4131775,-16.532257,-13.333603
2019-04-08 17:04:29,66001,-1.9605408,-5.9762115,-12.901459
2019-04-08 17:04:29,66021,-1.0782776,-7.3349304,-11.197983
2019-04-08 17:04:29,66042,-0.6616974,-8.43985,-9.544785
2019-04-08 17:04:29,66061,-3.2258759,-4.989807,-8.089111
2019-04-08 17:04:29,66081,-2.8404083,0.9825287,-5.6697693
2019-04-08 17:04:29,66101,1.5876617,-3.641861,-4.4176025
2019-04-08 17:04:29,66122,-2.8080902,-0.06373596,-6.8932037
2019-04-08 17:04:29,66141,0.74609375,-0.49349976,-6.9901733
2019-04-08 17:04:29,66161,3.2205048,-7.9023438,-10.734711
2019-04-08 17:04:29,66181,0.6012573,-10.737091,-13.910614
2019-04-08 17:04:29,66202,-2.4968414,-7.6605377,-10.756256
2019-04-08 17:04:29,66221,-3.2641907,-4.800659,-10.303741
2019-04-08 17:04:29,66241,-1.4326172,-4.7886963,-12.053909
2019-04-08 17:04:29,66262,-0.19242859,-5.9091797,-9.23114
2019-04-08 17:04:29,66281,-0.30854797,-4.653412,-7.1853027
2019-04-08 17:04:29,66301,-0.7742157,-2.37294,-3.898056
2019-04-08 17:04:29,66322,-3.7693634,-0.48510742,-6.320999
2019-04-08 17:04:29,66341,0.5617523,-2.4184265,-9.23114
2019-04-08 17:04:29,66362,0.8801727,-7.3241577,-11.514023
2019-04-08 17:04:29,66381,2.078476,-7.017685,-10.016449
2019-04-08 17:04:29,66401,-0.33847046,-7.172119,-11.253052
2019-04-08 17:04:29,66422,-1.3512268,-6.075577,-12.061096
2019-04-08 17:04:29,66441,0.0493927,-7.091919,-7.66893
2019-04-08 17:04:29,66461,-2.88591,-5.144226,-8.119034
2019-04-08 17:04:29,66482,-0.589859,-3.056488,-5.8409576
2019-04-08 17:04:29,66501,-3.1887665,-3.0457153,-9.990112
2019-04-08 17:04:29,66522,-2.2071533,0.50608826,-12.323257
2019-04-08 17:04:29,66541,5.0424957,-6.6609497,-7.1015015
2019-04-08 17:04:29,66562,1.3638,-8.259079,-10.370789
2019-04-08 17:04:29,66581,-1.7881622,-4.598358,-9.116226
2019-04-08 17:04:29,66602,-3.0594788,-3.8130493,-7.7371674
2019-04-08 17:04:29,66622,-1.2602386,-5.6410217,-9.763855
2019-04-08 17:04:29,66642,0.1798706,-6.4742126,-6.7411804
2019-04-08 17:04:29,66661,-4.250595,0.6892395,-10.290573
2019-04-08 17:04:29,66682,2.0916443,-3.190567,-7.9466553
2019-04-08 17:04:29,66701,2.4184418,-7.120636,-13.677185
2019-04-08 17:04:29,66721,1.9635468,-8.224365,-8.244736
2019-04-08 17:04:29,66742,-3.2653809,-5.4806213,-8.245926
2019-04-08 17:04:29,66761,-3.3731232,-1.6869965,-6.158188
2019-04-08 17:04:29,66781,-1.5080414,-4.234436,-10.818497
2019-04-08 17:04:29,66802,0.66589355,-7.35408,-11.377548
2019-04-08 17:04:29,66821,-0.842453,-4.8102417,-10.290573
2019-04-08 17:04:29,66841,0.79997253,-4.7779236,-8.824127
2019-04-08 17:04:29,66862,1.0705109,-6.5963135,-6.388031
2019-04-08 17:04:29,66881,-3.1205292,-3.8573456,-10.166077
2019-04-08 17:04:29,66901,-0.97532654,-4.1135254,-6.7890625
2019-04-08 17:04:29,66921,-2.3663635,-4.436737,-9.90033
2019-04-08 17:04:29,66942,-0.33009338,-3.3437958,-6.9111633
2019-04-08 17:04:30,66961,-1.000473,-2.8362122,-8.760681
2019-04-08 17:04:30,66981,0.33668518,-4.5372925,-11.463745
2019-04-08 17:04:30,67001,1.5948486,-7.666519,-10.626968
2019-04-08 17:04:30,67022,-0.9071045,-6.8058014,-10.136154
2019-04-08 17:04:30,67041,-1.1932068,-5.017334,-6.415558
2019-04-08 17:04:30,67061,-3.5395203,-0.29837036,-7.7766724
2019-04-08 17:04:30,67082,-0.36720276,-1.6534882,-7.2954407
2019-04-08 17:04:30,67101,0.67666626,-4.290695,-9.573517
2019-04-08 17:04:30,67121,0.7832031,-5.472229,-8.273468
2019-04-08 17:04:30,67142,-0.32769775,-6.664551,-8.153748
2019-04-08 17:04:30,67161,-2.4609375,-5.071213,-11.599014
2019-04-08 17:04:30,67181,-0.5755005,-6.1067047,-11.452957
2019-04-08 17:04:30,67202,0.21458435,-7.120636,-10.462967
2019-04-08 17:04:30,67221,-0.88674927,-5.3237915,-9.465775
2019-04-08 17:04:30,67241,-1.055542,-4.1733856,-8.831314
2019-04-08 17:04:30,67262,-0.937027,-4.7539673,-8.093903
2019-04-08 17:04:30,67281,-0.6736603,-4.3110504,-7.7778625
2019-04-08 17:04:30,67301,-1.5906372,-3.4263916,-7.533661
2019-04-08 17:04:30,67322,-0.24749756,-2.6602478,-7.151779
2019-04-08 17:04:30,67342,-0.7143707,-3.8118591,-8.613434
2019-04-08 17:04:30,67362,-0.11820984,-3.9124146,-10.389938
2019-04-08 17:04:30,67381,1.4057007,-6.7507324,-10.2043915
2019-04-08 17:04:30,67402,-1.039978,-6.9003754,-10.45578
2019-04-08 17:04:30,67421,-1.2829895,-3.9567108,-8.953415
2019-04-08 17:04:30,67442,-0.5934601,-5.0113525,-8.928284
2019-04-08 17:04:30,67462,-1.1417236,-5.2292175,-8.97377
2019-04-08 17:04:30,67481,-1.4146729,-4.068039,-9.573517
2019-04-08 17:04:30,67502,0.1798706,-5.621872,-9.772232
2019-04-08 17:04:30,67521,-0.24151611,-6.5376587,-8.727173
2019-04-08 17:04:30,67542,-1.8839264,-2.8649445,-8.891174
2019-04-08 17:04:30,67561,-0.8831482,-3.957901,-6.6980743
2019-04-08 17:04:30,67582,-0.7227478,-4.8760834,-10.186432
2019-04-08 17:04:30,67601,-0.17926025,-6.191696,-9.726746
2019-04-08 17:04:30,67621,-1.0507507,-5.5021667,-8.962997
2019-04-08 17:04:30,67642,-0.56951904,-4.776718,-7.5947113
2019-04-08 17:04:30,67661,-1.2877808,-1.9371948,-8.660126
2019-04-08 17:04:30,67681,-0.7622528,-2.4818726,-9.714767
2019-04-08 17:04:30,67701,1.8582001,-7.507309,-10.23671
2019-04-08 17:04:30,67722,-1.1991882,-6.7076416,-10.599426
2019-04-08 17:04:30,67741,-1.0986328,-6.4275208,-8.010101
2019-04-08 17:04:30,67761,-2.2047577,-3.147461,-8.585907
2019-04-08 17:04:30,67781,-0.9226532,-2.8206635,-8.5954895
2019-04-08 17:04:30,67802,0.14634705,-2.9020538,-9.415497
2019-04-08 17:04:30,67821,2.1275482,-5.1023254,-7.562393
2019-04-08 17:04:30,67841,-1.6337433,-4.9239655,-7.3588867
2019-04-08 17:04:30,67861,-1.6516876,-3.3809052,-6.93869
2019-04-08 17:04:30,67882,-2.2502441,-4.550461,-10.144531
2019-04-08 17:04:30,67901,-0.11820984,-4.854538,-10.55275
2019-04-08 17:04:30,67921,1.2225494,-6.9470673,-10.102631
2019-04-08 17:04:30,67942,-0.07749939,-5.2519684,-11.049545
2019-04-08 17:04:31,67961,-0.117004395,-7.3600616,-12.295731
2019-04-08 17:04:31,67981,-1.1010284,-8.241135,-11.4661255
2019-04-08 17:04:31,68002,-1.8671722,-5.274719,-9.0503845
2019-04-08 17:04:31,68021,-1.66008,-2.5932007,-5.4842224
2019-04-08 17:04:31,68042,-1.0375824,-1.2344971,-4.446335
2019-04-08 17:04:31,68061,-2.1616516,0.36721802,-4.5923767
2019-04-08 17:04:31,68081,-0.510849,-2.4220276,-8.970184
2019-04-08 17:04:31,68102,1.5254059,-7.4103394,-13.035538
2019-04-08 17:04:31,68121,1.5122375,-9.342468,-12.648865
2019-04-08 17:04:31,68141,0.18345642,-5.97023,-8.945038
2019-04-08 17:04:31,68162,-3.1313171,-1.1123962,-10.922653
2019-04-08 17:04:31,68182,0.19422913,-5.3082275,-10.298965
2019-04-08 17:04:31,68201,0.23014832,-7.6641235,-10.407898
2019-04-08 17:04:31,68222,-0.45458984,-7.1505737,-6.2312164
2019-04-08 17:04:31,68241,-2.8715363,-3.064865,-4.088394
2019-04-08 17:04:31,68262,-4.3343964,0.50727844,-6.2982483
2019-04-08 17:04:31,68281,-1.3751678,1.5224304,-11.537964
2019-04-08 17:04:31,68302,5.0209503,-6.314987,-11.607391
2019-04-08 17:04:31,68321,4.6630096,-13.825607,-10.685623
2019-04-08 17:04:31,68342,-1.2949524,-9.202408,-9.941025
2019-04-08 17:04:31,68362,-4.238632,-4.739609,-6.079178
2019-04-08 17:04:31,68381,-5.1999054,-0.74368286,-8.346481
2019-04-08 17:04:31,68401,-3.249817,-1.4068756,-9.191635
2019-04-08 17:04:31,68422,2.7967377,-6.052826,-8.352478
2019-04-08 17:04:31,68441,0.83348083,-4.4894104,-10.486908
2019-04-08 17:04:31,68461,1.3985138,-4.131485,-7.7778625
2019-04-08 17:04:31,68481,-0.43304443,-4.9514923,-9.031235
2019-04-08 17:04:31,68502,-1.0507507,-7.2966156,-10.764633
2019-04-08 17:04:31,68521,-2.578247,-5.5572357,-11.350021
2019-04-08 17:04:31,68541,-1.0986328,-6.7196198,-10.400711
2019-04-08 17:04:31,68562,-0.29777527,-5.064026,-10.428253
2019-04-08 17:04:31,68581,0.9843292,-4.6354675,-7.6952667
2019-04-08 17:04:31,68601,-2.5411377,-2.491455,-9.525635
2019-04-08 17:04:31,68622,0.66470337,-2.1646423,-9.538803
2019-04-08 17:04:31,68641,0.117614746,-5.5859528,-8.374023
2019-04-08 17:04:31,68662,-0.63056946,-3.7687683,-6.2036743
2019-04-08 17:04:31,68681,-1.6504974,-2.1706238,-5.1406555
2019-04-08 17:04:31,68701,-3.0989838,0.1469574,-10.37558
2019-04-08 17:04:31,68722,1.4607697,-4.1302795,-10.131363
2019-04-08 17:04:31,68741,0.26486206,-8.825317,-13.082214
2019-04-08 17:04:31,68761,-0.65930176,-5.9079742,-12.646469
2019-04-08 17:04:31,68782,-0.38157654,-6.871643,-10.1888275
2019-04-08 17:04:31,68801,-2.1724396,-3.693344,-10.73111
2019-04-08 17:04:31,68821,-1.4015045,-2.8888855,-8.283035
2019-04-08 17:04:31,68842,-0.82688904,-3.5772247,-5.964264
2019-04-08 17:04:31,68861,-0.8316803,-2.826645,-4.5516815
2019-04-08 17:04:31,68881,-2.842804,-0.040985107,-5.8445435
2019-04-08 17:04:31,68902,-1.071106,-1.7336884,-7.6198425
2019-04-08 17:04:31,68921,0.0038909912,-4.8258057,-9.984116
2019-04-08 17:04:31,68941,0.064941406,-4.9562836,-12.585419
2019-04-08 17:04:32,68961,1.3709869,-5.939102,-10.508453
2019-04-08 17:04:32,68981,-0.83647156,-6.4933624,-11.44458
2019-04-08 17:04:32,69002,-1.4062805,-5.329773,-11.276993
2019-04-08 17:04:32,69021,-1.486496,-5.143036,-10.364807
2019-04-08 17:04:32,69042,-0.4378357,-6.2216187,-7.9310913
2019-04-08 17:04:32,69062,-1.5080414,-3.3593597,-7.0117188
2019-04-08 17:04:32,69082,-2.466919,0.16012573,-8.169312
2019-04-08 17:04:32,69101,0.70658875,-1.8749542,-8.791809
2019-04-08 17:04:32,69122,0.93045044,-5.992981,-9.475357
2019-04-08 17:04:32,69141,-0.16848755,-4.6115265,-9.729141
2019-04-08 17:04:32,69162,-0.07989502,-6.0635986,-8.855255
2019-04-08 17:04:32,69181,-3.2282715,-4.7898865,-11.713928
2019-04-08 17:04:32,69202,-1.0734863,-4.8461456,-11.148895
2019-04-08 17:04:32,69221,-0.6736603,-6.5927277,-11.5224
2019-04-08 17:04:32,69242,-0.10623169,-5.144226,-10.006866
2019-04-08 17:04:32,69261,-1.2051697,-3.7376404,-9.72316
2019-04-08 17:04:32,69282,-0.23791504,-4.4343414,-8.724777
2019-04-08 17:04:32,69301,-0.9071045,-4.8329773,-8.171707
2019-04-08 17:04:32,69322,-1.9928741,-2.5896149,-7.1410065
2019-04-08 17:04:32,69341,-1.3093262,-3.0516968,-7.1972656
2019-04-08 17:04:32,69362,-1.2566528,-3.1773987,-9.766251
2019-04-08 17:04:32,69381,0.7042084,-4.5684204,-9.96257
2019-04-08 17:04:32,69402,-0.20918274,-4.4570923,-10.666473
2019-04-08 17:04:32,69421,-0.3504486,-5.468643,-9.897934
2019-04-08 17:04:32,69441,-1.3392487,-5.4698334,-9.422684
2019-04-08 17:04:32,69461,-2.2837677,-4.017761,-8.7738495
2019-04-08 17:04:32,69481,-1.0375824,-3.039734,-8.888779
2019-04-08 17:04:32,69502,-0.25108337,-5.0388794,-9.317337
2019-04-08 17:04:32,69521,-0.629364,-4.2954865,-9.259872
2019-04-08 17:04:32,69541,-0.3037567,-4.4175873,-8.611053
2019-04-08 17:04:32,69562,-0.88435364,-3.8334045,-10.246292
2019-04-08 17:04:32,69581,0.24331665,-6.0624084,-10.145737
2019-04-08 17:04:32,69601,-0.77900696,-5.1334534,-9.009689
2019-04-08 17:04:32,69622,-2.0790558,-4.069229,-7.7622986
2019-04-08 17:04:32,69641,-1.2530518,-2.1371155,-8.563156
2019-04-08 17:04:32,69661,0.22177124,-3.542511,-7.7527313
2019-04-08 17:04:32,69681,-1.3236847,-4.6318665,-9.094681
2019-04-08 17:04:32,69701,-0.7909851,-4.2811127,-11.160873
2019-04-08 17:04:32,69722,-0.49409485,-6.8919983,-12.499237
2019-04-08 17:04:32,69741,-0.81851196,-6.8584747,-11.634918
2019-04-08 17:04:32,69761,-1.213562,-3.9806519,-9.72316
2019-04-08 17:04:32,69782,-0.30734253,-3.3557587,-8.158539
2019-04-08 17:04:32,69801,-1.2853851,-3.317459,-7.8089905
2019-04-08 17:04:32,69822,-0.7837982,-3.2671814,-7.024887
2019-04-08 17:04:32,69842,-2.1915894,-3.376114,-9.401138
2019-04-08 17:04:32,69861,1.4811249,-6.408371,-6.130661
2019-04-08 17:04:32,69882,-3.4545288,-1.8055115,-8.389587
2019-04-08 17:04:32,69901,-1.0639191,0.42707825,-8.771454
2019-04-08 17:04:32,69922,2.1227722,-5.614685,-11.268616
2019-04-08 17:04:32,69941,-0.08589172,-10.6640625,-17.159546
2019-04-08 17:04:33,69962,-0.10983276,-8.929459,-11.245865
2019-04-08 17:04:33,69981,-1.5511322,-6.218033,-7.502533
2019-04-08 17:04:33,70002,-3.5311432,-0.9364166,-8.374023
2019-04-08 17:04:33,70021,-1.1333466,-0.6227722,-8.054398
2019-04-08 17:04:33,70042,-0.624588,-4.0261383,-7.8891907
2019-04-08 17:04:33,70061,-0.021240234,-3.186966,-7.261917
2019-04-08 17:04:33,70082,0.56533813,-4.1805573,-6.975815
2019-04-08 17:04:33,70101,-0.19961548,-4.8569183,-7.7778625
2019-04-08 17:04:33,70122,-2.1652527,-3.1187286,-9.7435
2019-04-08 17:04:33,70141,-2.0060425,-4.387665,-11.961731
2019-04-08 17:04:33,70162,2.7991333,-9.76265,-11.420639
2019-04-08 17:04:33,70181,0.4432373,-9.663284,-9.118622
2019-04-08 17:04:33,70202,-4.4098206,1.4685516,-9.72435
2019-04-08 17:04:33,70221,-0.022445679,-4.3314056,-7.843704
2019-04-08 17:04:33,70241,-0.94898987,-5.0987396,-9.602249
2019-04-08 17:04:33,70262,-0.4988861,-3.4982147,-4.8318024
2019-04-08 17:04:33,70281,-3.313263,-0.69221497,-6.7651215
2019-04-08 17:04:33,70301,-1.7067566,-0.5329895,-11.881531
2019-04-08 17:04:33,70322,4.585205,-10.524002,-7.349304
2019-04-08 17:04:33,70341,-3.3659363,-6.222824,-13.085815
2019-04-08 17:04:33,70361,0.26965332,-3.7232666,-11.514023
2019-04-08 17:04:33,70382,0.15951538,-7.86644,-12.065887
2019-04-08 17:04:33,70401,-0.24389648,-6.0073395,-8.873215
2019-04-08 17:04:33,70421,-2.8499908,-3.1390839,-8.017288
2019-04-08 17:04:33,70441,-1.0411682,-0.032608032,-7.454651
2019-04-08 17:04:33,70461,1.1650848,-5.882843,-5.6183014
2019-04-08 17:04:33,70482,-3.0942078,-0.63235474,-7.222412
2019-04-08 17:04:33,70501,0.7089844,-4.9311523,-8.804977
2019-04-08 17:04:33,70521,-1.5295868,-4.0261383,-15.485992
2019-04-08 17:04:33,70542,3.3773346,-9.203598,-10.009262
2019-04-08 17:04:33,70561,-0.89871216,-5.4698334,-10.151718
2019-04-08 17:04:33,70581,-1.0938416,-3.0062103,-6.9662323
2019-04-08 17:04:33,70602,-1.9940643,-4.0823975,-5.463867
2019-04-08 17:04:33,70622,-3.4760742,-4.6151123,-9.603439
2019-04-08 17:04:33,70641,-1.8348541,-4.4032288,-11.654083
2019-04-08 17:04:33,70662,1.7025757,-5.031708,-10.498871
2019-04-08 17:04:33,70681,2.794342,-8.154938,-4.9826355
2019-04-08 17:04:33,70702,-5.2669373,1.5535431,-13.246216
2019-04-08 17:04:33,70722,2.644699,-2.0449371,-7.1996613
2019-04-08 17:04:33,70741,-0.5383911,-11.934189,-12.973282
2019-04-08 17:04:33,70762,-0.41508484,-8.353653,-10.8723755
2019-04-08 17:04:33,70781,-2.130539,-5.625458,-6.668152
2019-04-08 17:04:33,70802,-2.3783264,-1.3111115,-5.3812714
2019-04-08 17:04:33,70821,-5.0789948,3.3934937,-9.23114
2019-04-08 17:04:33,70842,1.9384155,-2.570465,-15.598526
2019-04-08 17:04:33,70861,5.3465576,-14.881454,-13.581406
2019-04-08 17:04:33,70882,-0.7454834,-6.85968,-8.872009
2019-04-08 17:04:33,70901,-6.369461,5.8714905,-9.024048
2019-04-08 17:04:33,70921,2.153885,-3.7292633,-1.825882
2019-04-08 17:04:33,70941,-5.6835327,-1.6127777,-10.151718
2019-04-08 17:04:34,70961,-1.194397,-1.6917877,-5.9666443
2019-04-08 17:04:34,70982,-1.079483,-8.893555,-17.135605
2019-04-08 17:04:34,71001,2.8434143,-13.411407,-5.0472717
2019-04-08 17:04:34,71022,-4.6276855,-0.7963562,-16.580154
2019-04-08 17:04:34,71041,2.3538055,-0.637146,-10.658096
2019-04-08 17:04:34,71062,1.142334,-8.324921,-13.786118
2019-04-08 17:04:34,71081,1.2644501,-9.239517,-7.680893
2019-04-08 17:04:34,71101,-2.8631592,-5.6230774,-3.7891235
2019-04-08 17:04:34,71122,-4.645645,1.2123718,-3.233673
2019-04-08 17:04:34,71141,-1.4529724,-1.2775879,-3.1091766
2019-04-08 17:04:34,71161,-7.0230865,4.054291,-8.741531
2019-04-08 17:04:34,71182,-2.1484833,4.624115,-16.628036
2019-04-08 17:04:34,71201,9.848862,-8.074738,-4.5373077
2019-04-08 17:04:34,71221,1.355423,-14.588165,-21.130325
2019-04-08 17:04:34,71242,-1.7055664,-5.985794,-12.427399
2019-04-08 17:04:34,71261,-3.1875763,-5.0616302,-7.443878
2019-04-08 17:04:34,71282,-3.8926697,-2.507019,-9.136581
2019-04-08 17:04:34,71301,-4.693527,0.7395172,-7.2714844
2019-04-08 17:04:34,71321,-0.9430084,-2.1383057,-8.826523
2019-04-08 17:04:34,71342,1.731308,-3.107956,-8.06517
2019-04-08 17:04:34,71361,-0.5383911,-3.2324524,-9.177277
2019-04-08 17:04:34,71381,0.71138,-2.6865845,-9.015671
2019-04-08 17:04:34,71402,-2.1317291,-2.2903442,-8.206421
2019-04-08 17:04:34,71421,-3.004425,-2.4651184,-9.525635
2019-04-08 17:04:34,71441,-0.7490845,-2.677002,-11.737869
2019-04-08 17:04:34,71462,-0.21755981,-7.922699,-11.46254
2019-04-08 17:04:34,71482,-0.65930176,-5.5644073,-10.524017
2019-04-08 17:04:34,71501,-1.9437866,-1.6618652,-10.416275
2019-04-08 17:04:34,71522,-1.0088501,-1.0333862,-12.4262085
2019-04-08 17:04:34,71541,0.2708435,-3.966278,-10.926239
2019-04-08 17:04:34,71562,-1.1489105,-4.874878,-10.887939
2019-04-08 17:04:34,71582,-0.36001587,-2.0892334,-12.057495
2019-04-08 17:04:34,71601,0.6862488,-7.9442444,-6.037277
2019-04-08 17:04:34,71622,-4.6121216,-2.3705444,-10.565918
2019-04-08 17:04:34,71641,-1.4745178,1.2171631,-9.372406
2019-04-08 17:04:34,71662,-1.4900818,-1.3482208,-10.354019
2019-04-08 17:04:34,71681,0.8777771,-5.0831757,-9.719559
2019-04-08 17:04:34,71702,0.2672577,-2.566864,-12.047928
2019-04-08 17:04:34,71721,-1.6516876,-2.5644836,-10.901108
2019-04-08 17:04:34,71742,-2.439392,-2.2436523,-11.28656
2019-04-08 17:04:34,71761,-1.5619049,-3.3868866,-9.279022
2019-04-08 17:04:34,71782,-2.0407562,-0.57369995,-11.0303955
2019-04-08 17:04:34,71801,-1.3847351,0.38757324,-10.079895
2019-04-08 17:04:34,71821,-1.5152283,-1.4176483,-10.676041
2019-04-08 17:04:34,71842,-0.34565735,0.7730408,-7.9083557
2019-04-08 17:04:34,71861,-1.3248901,-2.6877747,-7.2990265
2019-04-08 17:04:34,71882,-2.0156097,-1.9647369,-7.664139
2019-04-08 17:04:34,71901,-2.091034,2.8404388,-7.4295044
2019-04-08 17:04:34,71921,-2.5399475,2.237091,-8.281845
2019-04-08 17:04:34,71942,1.0070648,-0.6407318,-6.1462097
2019-04-08 17:04:35,71961,-1.4996643,-0.7532654,-8.310577
2019-04-08 17:04:35,71981,-1.8946991,1.4769287,-8.439865
2019-04-08 17:04:35,72002,-1.5128326,-0.3235016,-7.4366913
2019-04-08 17:04:35,72021,-0.67126465,-2.0341644,-7.088333
2019-04-08 17:04:35,72041,-0.7263336,-2.29393,-6.834549
2019-04-08 17:04:35,72062,-0.18045044,-1.5960236,-5.241211
2019-04-08 17:04:35,72081,-1.3931274,-0.2756195,-7.4522552
2019-04-08 17:04:35,72101,-1.5714874,-0.16429138,-7.419937
2019-04-08 17:04:35,72122,-1.4002991,-2.724884,-7.2523346
2019-04-08 17:04:35,72141,-0.6557007,-4.879669,-9.146149
2019-04-08 17:04:35,72161,0.36062622,-6.7986298,-8.5954895
2019-04-08 17:04:35,72182,-0.55155945,-7.472595,-12.33284
2019-04-08 17:04:35,72201,-0.08708191,-8.158524,-8.4769745
2019-04-08 17:04:35,72222,0.36302185,-9.244293,-11.123764
2019-04-08 17:04:35,72241,0.3474579,-8.672089,-10.425858
2019-04-08 17:04:35,72262,0.5820923,-7.7622833,-7.9131317
2019-04-08 17:04:35,72281,0.3929596,-7.716797,-7.7216034
2019-04-08 17:04:35,72301,-1.8743591,-4.7503815,-7.980179
2019-04-08 17:04:35,72322,-0.81970215,-5.597931,-7.720398
2019-04-08 17:04:35,72341,-0.3803711,-9.286194,-11.589432
2019-04-08 17:04:35,72362,1.0489655,-11.663635,-12.615356
2019-04-08 17:04:35,72381,1.2165527,-12.495621,-11.633728
2019-04-08 17:04:35,72402,0.7042084,-11.249451,-9.431061
2019-04-08 17:04:35,72421,-0.9035034,-8.415909,-7.92511
2019-04-08 17:04:35,72442,0.033828735,-7.7191925,-5.8768616
2019-04-08 17:04:35,72461,-0.59465027,-6.9805756,-6.807022
2019-04-08 17:04:35,72482,-2.229889,-5.364502,-7.1062927
2019-04-08 17:04:35,72501,0.0027008057,-6.80101,-6.68013
2019-04-08 17:04:35,72521,-0.083496094,-6.9482574,-7.1457977
2019-04-08 17:04:35,72542,-0.605423,-6.8656616,-7.660553
2019-04-08 17:04:35,72561,-0.11581421,-8.217194,-8.468597
2019-04-08 17:04:35,72582,0.23254395,-9.316132,-9.62738
2019-04-08 17:04:35,72601,1.5170288,-11.322464,-10.35762
2019-04-08 17:04:35,72621,-0.0032806396,-9.889542,-10.720337
2019-04-08 17:04:35,72642,-0.5431824,-8.919891,-10.482117
2019-04-08 17:04:35,72661,0.2205658,-8.881577,-9.530426
2019-04-08 17:04:35,72682,0.20501709,-8.084305,-7.581543
2019-04-08 17:04:35,72701,-0.16490173,-5.6362305,-6.9398956
2019-04-08 17:04:35,72721,-0.4019165,-4.5289154,-6.4179535
2019-04-08 17:04:35,72742,-0.3612213,-3.5149689,-8.518875
2019-04-08 17:04:35,72761,0.31274414,-4.962265,-10.860397
2019-04-08 17:04:35,72781,1.2285309,-8.463791,-12.290939
2019-04-08 17:04:35,72802,0.7257538,-9.539978,-11.771393
2019-04-08 17:04:35,72821,-1.2674255,-5.7667236,-11.083054
2019-04-08 17:04:35,72841,-3.313263,-1.4356079,-10.067917
2019-04-08 17:04:35,72862,-1.7642212,-3.566452,-7.723999
2019-04-08 17:04:35,72881,-1.1357422,-3.574829,-5.918762
2019-04-08 17:04:35,72901,-2.3615723,-0.14872742,-5.2388153
2019-04-08 17:04:35,72922,-1.3655853,0.46777344,-3.6107635
2019-04-08 17:04:35,72941,-1.3596039,1.1225891,-4.842575
2019-04-08 17:04:36,72961,-0.9262543,-0.35821533,-4.0105896
2019-04-08 17:04:36,72982,-3.63768,4.473282,-8.514084
2019-04-08 17:04:36,73001,0.24810791,2.6955872,-4.3924713
2019-04-08 17:04:36,73021,-2.3795319,-1.0226135,-6.1450195
2019-04-08 17:04:36,73043,-1.3009491,-0.43603516,-7.1182556
2019-04-08 17:04:36,73061,-1.728302,0.7000122,-8.615829
2019-04-08 17:04:36,73081,-1.3787537,-0.021835327,-6.482605
2019-04-08 17:04:36,73102,0.13557434,-2.3597717,-4.48703
2019-04-08 17:04:36,73121,-1.376358,-2.756012,-9.082703
2019-04-08 17:04:36,73142,-0.624588,-2.479477,-8.316559
2019-04-08 17:04:36,73161,-2.0563202,-3.6047516,-9.319733
2019-04-08 17:04:36,73182,-1.7378845,-3.3461914,-9.001297
2019-04-08 17:04:36,73201,-0.0056762695,-4.4391327,-11.796539
2019-04-08 17:04:36,73222,-0.74668884,-7.077545,-9.097076
2019-04-08 17:04:36,73241,-1.644516,-8.943832,-9.342468
2019-04-08 17:04:36,73262,-0.9585724,-7.2247925,-11.04715
2019-04-08 17:04:36,73281,-0.18763733,-5.23999,-9.354446
2019-04-08 17:04:36,73302,1.7480774,-6.5687866,-4.9359436
2019-04-08 17:04:36,73321,2.2927551,-7.9801636,-7.6437836
2019-04-08 17:04:36,73341,-3.755005,-0.34146118,-10.004471
2019-04-08 17:04:36,73362,-0.9884949,-2.6638336,-4.222473
2019-04-08 17:04:36,73381,3.6059723,-15.649994,-9.6549225
2019-04-08 17:04:36,73401,-1.2865753,-16.310791,-16.891388
2019-04-08 17:04:36,73421,-3.1384888,-10.188812,-11.70076
2019-04-08 17:04:36,73441,-0.10983276,-11.460129,-6.428726
2019-04-08 17:04:36,73461,1.6355438,-10.544357,-10.089462
2019-04-08 17:04:36,73482,-0.7622528,-6.365265,-8.296204
2019-04-08 17:04:36,73501,-1.9773102,-5.0783844,-5.031723
2019-04-08 17:04:36,73522,-1.6421204,-5.5165253,-4.9981995
2019-04-08 17:04:36,73541,-0.8137207,-5.5380707,-5.9199677
2019-04-08 17:04:36,73561,0.55696106,-4.5133514,-5.79068
2019-04-08 17:04:36,73582,0.18824768,-4.1661987,-6.380844
2019-04-08 17:04:36,73601,-2.8392181,-3.4096375,-8.711609
2019-04-08 17:04:36,73621,-1.2722168,-6.1749268,-12.993637
2019-04-08 17:04:36,73642,3.5485077,-17.02066,-12.611755
2019-04-08 17:04:36,73661,1.3266907,-20.621552,-15.132858
2019-04-08 17:04:36,73681,-2.7542267,-11.201553,-8.858841
2019-04-08 17:04:36,73702,-2.1891937,-6.073181,-6.336563
2019-04-08 17:04:36,73721,-0.33847046,-4.897629,-11.722305
2019-04-08 17:04:36,73741,1.8629913,-4.737213,-7.6904755
2019-04-08 17:04:36,73762,-0.14694214,-7.029663,-3.5784302
2019-04-08 17:04:36,73781,-2.6620483,-7.704834,-5.380066
2019-04-08 17:04:36,73801,-1.6971893,-3.6622162,-7.4103546
2019-04-08 17:04:36,73821,-0.69281006,-1.5505371,-9.299377
2019-04-08 17:04:36,73841,-0.74668884,-1.7612152,-11.776184
2019-04-08 17:04:36,73861,1.003479,-3.2564087,-14.964066
2019-04-08 17:04:36,73881,0.33309937,-6.2563324,-12.002441
2019-04-08 17:04:36,73902,-1.91745,-8.602661,-8.221985
2019-04-08 17:04:36,73922,-3.1025848,-5.83136,-9.459793
2019-04-08 17:04:36,73941,-1.7211304,-1.5984192,-3.89328
2019-04-08 17:04:37,73961,-3.1995392,-3.135498,-3.810669
2019-04-08 17:04:37,73982,-4.463684,9.915298,-6.0073547
2019-04-08 17:04:37,74002,2.126358,8.409348,-3.961502
2019-04-08 17:04:37,74022,1.2464905,-0.4492035,-7.7132263
2019-04-08 17:04:37,74041,0.47434998,-6.688492,-8.606262
2019-04-08 17:04:37,74062,-5.2322235,2.3807526,-10.726318
2019-04-08 17:04:37,74081,-2.004837,-0.68144226,-6.6705475
2019-04-08 17:04:37,74102,-4.3475647,-2.2472382,-8.545212
2019-04-08 17:04:37,74121,-2.0575104,-0.98550415,-6.446686
2019-04-08 17:04:37,74142,-2.2921448,9.373016,-16.984772
2019-04-08 17:04:37,74161,3.6466675,-3.0229645,-0.39175415
2019-04-08 17:04:37,74181,-1.0303955,-7.251129,-7.1206512
2019-04-08 17:04:37,74202,-0.629364,-1.1997833,-6.2324066
2019-04-08 17:04:37,74222,-4.3260193,3.6808014,-8.518875
2019-04-08 17:04:37,74241,-4.0111847,0.20681763,-7.630615
2019-04-08 17:04:37,74261,-2.3101044,-3.0912018,-8.109467
2019-04-08 17:04:37,74282,1.2656403,-6.0695953,-6.5364685
2019-04-08 17:04:37,74301,1.0992432,-5.882843,-10.079895
2019-04-08 17:04:37,74321,0.26486206,-5.8565063,-8.848068
2019-04-08 17:04:37,74341,-0.66049194,-6.4107666,-8.848068
2019-04-08 17:04:37,74361,-0.39234924,-7.3672485,-11.241074
2019-04-08 17:04:37,74381,0.7365265,-8.593079,-7.6593475
2019-04-08 17:04:37,74402,1.2644501,-8.217194,-8.6792755
2019-04-08 17:04:37,74421,-0.16369629,-4.859314,-6.83934
2019-04-08 17:04:37,74441,-2.5758514,-5.597931,-8.71759
2019-04-08 17:04:37,74462,-0.92744446,-13.072632,-14.412201
2019-04-08 17:04:37,74481,0.0206604,-14.959259,-12.810471
2019-04-08 17:04:37,74502,1.6211853,-11.5056305,-11.768997
2019-04-08 17:04:37,74521,-1.5475464,-8.017273,-8.818146
2019-04-08 17:04:37,74541,-0.921463,-8.558365,-7.167343
2019-04-08 17:04:37,74562,-0.7442932,-6.085144,-7.424713
2019-04-08 17:04:37,74581,-1.2111664,-4.9359283,-7.1003113
2019-04-08 17:04:37,74601,-0.5683136,-6.6825104,-6.1246643
2019-04-08 17:04:37,74621,-0.16609192,-6.559204,-5.992981
2019-04-08 17:04:37,74641,-1.7139435,-5.913971,-6.5711823
2019-04-08 17:04:37,74662,-2.6392975,-4.2176666,-9.082703
2019-04-08 17:04:37,74681,3.1582642,-16.034256,-12.3867035
2019-04-08 17:04:37,74701,2.150299,-15.06221,-12.047928
2019-04-08 17:04:37,74722,-0.35882568,-7.13501,-8.360855
2019-04-08 17:04:37,74741,-3.2426453,-3.8298187,-3.8202515
2019-04-08 17:04:37,74762,-0.7119751,-7.9681854,-5.2447968
2019-04-08 17:04:37,74781,0.16191101,-8.746307,-11.52359
2019-04-08 17:04:37,74802,-0.066726685,-7.899948,-10.965744
2019-04-08 17:04:37,74822,-0.4186859,-6.5448303,-8.541611
2019-04-08 17:04:37,74841,0.79637146,-5.384842,-7.644989
2019-04-08 17:04:37,74862,1.042984,-5.2759094,-8.273468
2019-04-08 17:04:37,74882,-0.117004395,-5.166977,-12.668015
2019-04-08 17:04:37,74901,-0.30256653,-7.100296,-12.879913
2019-04-08 17:04:37,74922,0.2086029,-10.197189,-9.567535
2019-04-08 17:04:37,74941,-1.376358,-5.5931396,-9.511261
2019-04-08 17:04:38,74962,-1.668457,-2.728485,-8.427887
2019-04-08 17:04:38,74981,-1.3332672,-2.783554,-8.317764
2019-04-08 17:04:38,75002,-1.150116,-4.5372925,-6.431122
2019-04-08 17:04:38,75021,-2.9948425,0.89634705,-9.729141
2019-04-08 17:04:38,75042,-0.13616943,2.553131,-3.5760345
2019-04-08 17:04:38,75061,-1.1920013,-4.84256,-4.8365936
2019-04-08 17:04:38,75082,-4.5678253,2.6788177,-8.314163
2019-04-08 17:04:38,75101,-2.9278107,6.924942,-10.694
2019-04-08 17:04:38,75122,-3.0654755,-1.2835846,-6.6777344
2019-04-08 17:04:38,75141,-0.29656982,-4.689331,-7.1338196
2019-04-08 17:04:38,75162,-1.9042816,1.8348694,-9.512466
2019-04-08 17:04:38,75181,-1.2506714,3.6365051,-8.828918
2019-04-08 17:04:38,75202,-0.60183716,-0.5904541,-6.8249664
2019-04-08 17:04:38,75221,-3.6161346,0.90830994,-9.287415
2019-04-08 17:04:38,75241,-0.11222839,-1.6666565,-10.922653
2019-04-08 17:04:38,75262,-3.2749634,-3.5125885,-12.399872
2019-04-08 17:04:38,75281,-4.2290497,-2.3597717,-12.499237
2019-04-08 17:04:38,75301,-1.7714081,4.3727264,-15.847519
2019-04-08 17:04:38,75322,1.5445709,-0.018249512,-8.139389
2019-04-08 17:04:38,75341,-1.0627136,-4.6306763,-8.620621
2019-04-08 17:04:38,75362,-1.9737091,-1.7013702,-6.1964874
2019-04-08 17:04:38,75381,-3.198349,1.8204956,-6.62146
2019-04-08 17:04:38,75401,-2.7566223,-0.43363953,-6.463455
2019-04-08 17:04:38,75422,-2.3436127,-1.7133331,-6.783081
2019-04-08 17:04:38,75441,0.35824585,-0.929245,-5.8804626
2019-04-08 17:04:38,75461,-2.190384,3.8507843,-10.770615
2019-04-08 17:04:38,75482,-0.31932068,4.4996185,-15.811615
2019-04-08 17:04:38,75501,1.2632446,-9.087479,-13.990814
2019-04-08 17:04:38,75521,-2.0479279,-7.977768,-13.631683
2019-04-08 17:04:38,75542,-2.8835144,-3.4694824,-9.806946
2019-04-08 17:04:38,75561,-2.2430573,-3.4383545,-6.980591
2019-04-08 17:04:38,75582,-2.72789,-2.6817932,-7.9921417
2019-04-08 17:04:38,75601,-5.2872925,5.6153107,-15.1987
2019-04-08 17:04:38,75622,1.8713684,-2.8446045,-8.496124
2019-04-08 17:04:38,75642,1.6750488,-10.55632,-12.754211
2019-04-08 17:04:38,75661,0.069732666,-5.3118286,-9.675262
2019-04-08 17:04:38,75682,-2.4106598,-1.1411285,-5.248398
2019-04-08 17:04:38,75702,-5.9325256,-0.08647156,-11.1297455
2019-04-08 17:04:38,75721,-2.1820068,-0.46954346,-16.64598
2019-04-08 17:04:38,75742,1.9827118,-11.5056305,-10.229523
2019-04-08 17:04:38,75761,-0.46177673,-5.491394,-12.539932
2019-04-08 17:04:38,75782,-1.178833,2.0383759,-13.298889
2019-04-08 17:04:38,75801,1.221344,-3.6562347,-8.201645
2019-04-08 17:04:38,75822,-2.5710602,-7.5025177,-8.613434
2019-04-08 17:04:38,75841,-5.2908783,0.14097595,-12.720688
2019-04-08 17:04:38,75862,-1.4912872,-0.33547974,-9.981735
2019-04-08 17:04:38,75881,0.057769775,-7.0117035,-8.414719
2019-04-08 17:04:38,75902,0.006286621,-5.0281067,-7.2212067
2019-04-08 17:04:38,75921,-2.842804,0.73114014,-8.368042
2019-04-08 17:04:38,75941,-1.2219391,1.4482117,-10.550354
2019-04-08 17:04:39,75962,-0.9789276,-6.471817,-8.827728
2019-04-08 17:04:39,75981,-2.2705994,-3.274353,-11.426636
2019-04-08 17:04:39,76002,0.12121582,-2.020996,-8.551193
2019-04-08 17:04:39,76021,-1.2051697,-5.535675,-5.7176514
2019-04-08 17:04:39,76042,-4.470871,-0.41567993,-8.7547
2019-04-08 17:04:39,76061,-2.9505463,5.304062,-13.30368
2019-04-08 17:04:39,76081,0.23373413,-3.2360535,-8.063965
2019-04-08 17:04:39,76102,-0.21038818,-5.9355164,-10.719147
2019-04-08 17:04:39,76121,0.04220581,-1.3326569,-9.948212
2019-04-08 17:04:39,76141,-1.4218445,-3.6286926,-7.819763
2019-04-08 17:04:39,76162,-3.8890686,-2.1969604,-8.828918
2019-04-08 17:04:39,76181,-2.530365,-0.44680786,-8.26149
2019-04-08 17:04:39,76202,-1.0507507,-0.8454437,-9.350861
2019-04-08 17:04:39,76221,-0.80773926,-1.8833313,-9.867996
2019-04-08 17:04:39,76241,0.4049225,-3.2468262,-10.077499
2019-04-08 17:04:39,76262,-1.6217651,-2.9882507,-11.575073
2019-04-08 17:04:39,76281,-1.8851318,-1.5924377,-12.286148
2019-04-08 17:04:39,76301,-0.7119751,-2.2867432,-10.052353
2019-04-08 17:04:39,76322,-1.1118011,-3.8286133,-9.038406
2019-04-08 17:04:39,76341,-1.3596039,-2.017395,-8.792999
2019-04-08 17:04:39,76361,-1.7414703,-2.2125244,-7.8245544
2019-04-08 17:04:39,76382,-1.4206543,-1.9838867,-9.666885
2019-04-08 17:04:39,76401,-0.095458984,-3.0612793,-10.106232
2019-04-08 17:04:39,76422,-1.0722961,-3.5999756,-11.215942
2019-04-08 17:04:39,76441,-0.48571777,-3.5592651,-11.686401
2019-04-08 17:04:39,76462,-1.728302,-4.5911713,-11.263824
2019-04-08 17:04:39,76481,-2.4693146,-3.3126678,-11.622955
2019-04-08 17:04:39,76501,-1.1297607,-2.8625488,-9.550766
2019-04-08 17:04:39,76522,-1.3643951,-3.416809,-8.731949
2019-04-08 17:04:39,76542,-1.3560028,-2.9343872,-7.0380554
2019-04-08 17:04:39,76561,-2.442978,-1.1770325,-7.653366
2019-04-08 17:04:39,76582,-1.5607147,-0.9519806,-8.445847
2019-04-08 17:04:39,76601,-0.91308594,-2.8637543,-8.846878
2019-04-08 17:04:39,76622,-1.1800385,-2.2137299,-11.549927
2019-04-08 17:04:39,76641,-1.0591278,-2.348999,-11.553528
2019-04-08 17:04:39,76662,-1.5511322,-3.3198547,-11.87793
2019-04-08 17:04:39,76681,-0.921463,-4.8700867,-11.176437
2019-04-08 17:04:39,76702,-2.099411,-3.6251068,-11.0351715
2019-04-08 17:04:39,76721,-2.1173706,-3.5688477,-9.1449585
2019-04-08 17:04:39,76742,-1.66008,-1.8162842,-8.441055
2019-04-08 17:04:39,76761,-0.9477997,-1.6786194,-7.9634094
2019-04-08 17:04:39,76782,-1.0615234,-1.5732727,-8.193253
2019-04-08 17:04:39,76801,-1.3188934,-1.3338623,-8.510498
2019-04-08 17:04:39,76822,-1.1752472,-3.3880768,-8.91391
2019-04-08 17:04:39,76841,-2.277771,-2.3920898,-11.174042
2019-04-08 17:04:39,76861,-0.05355835,-4.2547913,-11.512817
2019-04-08 17:04:39,76882,-1.407486,-5.310623,-10.264236
2019-04-08 17:04:39,76901,-1.8480225,-2.0868378,-10.606613
2019-04-08 17:04:39,76922,-0.81492615,-2.1443024,-9.860825
2019-04-08 17:04:39,76941,-1.3224945,-3.4922333,-9.772232
2019-04-08 17:04:40,76961,-0.9597626,-3.0026093,-9.575912
2019-04-08 17:04:40,76982,-1.1572876,-1.7696075,-9.040802
2019-04-08 17:04:40,77001,-1.4278412,-2.37294,-9.346069
2019-04-08 17:04:40,77021,-0.5084686,-2.7907257,-9.712387
2019-04-08 17:04:40,77042,-1.4936829,-4.0967712,-9.787796
2019-04-08 17:04:40,77061,-1.625351,-2.6518707,-10.132568
2019-04-08 17:04:40,77081,-1.4876862,-1.4403992,-9.926666
2019-04-08 17:04:40,77102,-0.5790863,-3.095993,-10.737091
2019-04-08 17:04:40,77121,-0.5096588,-4.9802246,-10.265442
2019-04-08 17:04:40,77141,-2.8344269,-2.78714,-11.201569
2019-04-08 17:04:40,77162,-0.46536255,-2.4304047,-10.533585
2019-04-08 17:04:40,77181,-1.5032501,-3.5760345,-11.767807
2019-04-08 17:04:40,77202,-0.82688904,-3.0792236,-10.762238
2019-04-08 17:04:40,77221,-1.2123566,-2.86734,-9.58429
2019-04-08 17:04:40,77242,-1.8551941,-2.340622,-9.70639
2019-04-08 17:04:40,77261,-1.8911133,-2.4328003,-9.860825
2019-04-08 17:04:40,77281,-1.8827362,-1.9599457,-10.251068
2019-04-08 17:04:40,77302,-0.6353607,-2.5848236,-9.593872
2019-04-08 17:04:40,77322,-0.8209076,-3.637085,-8.460205
2019-04-08 17:04:40,77342,-2.439392,-1.1052094,-10.962158
2019-04-08 17:04:40,77361,-2.170044,0.6569214,-11.451767
2019-04-08 17:04:40,77382,-0.94540405,-4.004593,-10.626968
2019-04-08 17:04:40,77401,-0.94659424,-3.4383545,-11.7426605
2019-04-08 17:04:40,77422,-1.549942,-0.80233765,-10.831665
2019-04-08 17:04:40,77441,-1.5631104,-1.2799835,-9.534012
2019-04-08 17:04:40,77462,-1.7330933,-1.9084625,-8.680481
2019-04-08 17:04:40,77481,-1.5523376,0.7359314,-9.178467
2019-04-08 17:04:40,77502,-1.6504974,0.29299927,-10.168472
2019-04-08 17:04:40,77521,-1.5044556,-2.5357513,-9.721954
2019-04-08 17:04:40,77542,-1.1728516,-2.6829834,-8.781036
2019-04-08 17:04:40,77561,-2.4525604,0.501297,-10.096649
2019-04-08 17:04:40,77582,-1.297348,2.1640778,-7.782654
2019-04-08 17:04:40,77601,-1.2327118,0.40074158,-8.295013
2019-04-08 17:04:40,77622,-1.288971,-0.27082825,-9.494507
2019-04-08 17:04:40,77641,-0.88435364,0.011688232,-8.306976
2019-04-08 17:04:40,77661,-1.4876862,-0.52342224,-6.9626465
2019-04-08 17:04:40,77682,-0.9801178,-0.300766,-5.902008
2019-04-08 17:04:40,77701,-0.16130066,0.44143677,-4.677368
2019-04-08 17:04:40,77722,-0.6473236,0.3636322,-5.0257263
2019-04-08 17:04:40,77741,-2.336441,2.1748505,-8.150162
2019-04-08 17:04:40,77761,-1.0447693,-0.48033142,-8.553589
2019-04-08 17:04:40,77782,-1.8037262,-5.9666443,-10.867584
2019-04-08 17:04:40,77801,-1.4793091,-6.2563324,-9.873993
2019-04-08 17:04:40,77821,-1.3057251,-5.424347,-9.391556
2019-04-08 17:04:40,77842,-0.7849884,-5.020935,-9.54837
2019-04-08 17:04:40,77861,-0.9501953,-3.3521729,-12.501617
2019-04-08 17:04:40,77881,-1.2303162,-3.4622955,-9.287415
2019-04-08 17:04:40,77902,-0.4186859,-6.9518585,-8.227982
2019-04-08 17:04:40,77921,0.52822876,-8.457809,-8.364441
2019-04-08 17:04:40,77941,0.43486023,-7.915512,-8.298599
2019-04-08 17:04:41,77962,-0.1672821,-6.314987,-6.7842712
2019-04-08 17:04:41,77981,-0.28819275,-5.589554,-7.3792267
2019-04-08 17:04:41,78001,-0.45100403,-6.648987,-9.808151
2019-04-08 17:04:41,78022,-0.8532257,-7.816162,-10.96814
2019-04-08 17:04:41,78041,-0.39593506,-11.144104,-10.2043915
2019-04-08 17:04:41,78062,-0.44502258,-13.429367,-10.648514
2019-04-08 17:04:41,78081,0.04460144,-11.820465,-11.078278
2019-04-08 17:04:41,78102,-1.4110718,-7.556381,-8.724777
2019-04-08 17:04:41,78122,-1.2925568,-6.713623,-5.6661835
2019-04-08 17:04:41,78141,-0.73950195,-7.148178,-5.210083
2019-04-08 17:04:41,78162,-0.40312195,-7.721588,-7.0739746
2019-04-08 17:04:41,78181,-0.84724426,-8.080719,-9.893143
2019-04-08 17:04:41,78202,-0.9226532,-8.310562,-10.95018
2019-04-08 17:04:41,78222,-0.73231506,-7.8772125,-10.028412
2019-04-08 17:04:41,78241,-0.44740295,-6.653778,-6.7986298
2019-04-08 17:04:41,78261,0.44203186,-6.7339783,-5.202896
2019-04-08 17:04:41,78282,1.0070648,-8.704407,-7.6581573
2019-04-08 17:04:41,78301,1.300354,-10.357605,-9.884766
2019-04-08 17:04:41,78322,-8.8500977E-4,-9.468155,-10.913071
2019-04-08 17:04:41,78341,-0.21157837,-8.140579,-9.511261
2019-04-08 17:04:41,78362,-1.1441193,-6.7267914,-6.7567444
2019-04-08 17:04:41,78381,-0.17207336,-7.004532,-6.7986298
2019-04-08 17:04:41,78402,0.25408936,-6.4227295,-8.207626
2019-04-08 17:04:41,78421,-0.6736603,-5.4267426,-8.041229
2019-04-08 17:04:41,78442,-0.2606659,-3.8573456,-8.534439
2019-04-08 17:04:41,78461,1.647522,-5.7703094,-10.37558
2019-04-08 17:04:41,78481,0.076919556,-7.1469727,-8.33931
2019-04-08 17:04:41,78502,-0.65330505,-5.2651367,-6.297058
2019-04-08 17:04:41,78521,-0.9573822,-1.9719086,-10.099045
2019-04-08 17:04:41,78541,-0.9789276,-3.317459,-14.200317
2019-04-08 17:04:41,78562,-0.81611633,-6.3748474,-11.102219
2019-04-08 17:04:41,78581,0.24450684,-7.182892,-9.8919525
2019-04-08 17:04:41,78601,-0.42227173,-4.206894,-9.772232
2019-04-08 17:04:41,78622,-2.4094543,-2.5572968,-10.181641
2019-04-08 17:04:41,78641,-2.9074554,-0.75445557,-10.06073
2019-04-08 17:04:41,78662,-1.2793884,-2.7584076,-6.6956787
2019-04-08 17:04:41,78681,-0.2427063,-2.6363068,-5.1837463
2019-04-08 17:04:41,78701,-2.444168,1.5547485,-5.550064
2019-04-08 17:04:41,78722,-1.7845764,2.359192,-4.716873
2019-04-08 17:04:41,78741,-2.3268585,0.59706116,-5.1011505
2019-04-08 17:04:41,78761,-2.051529,1.6181946,-7.123047
2019-04-08 17:04:41,78782,-2.4741058,0.057174683,-7.9705963
2019-04-08 17:04:41,78801,-1.763031,0.32054138,-8.171707
2019-04-08 17:04:41,78821,-1.2171478,0.28701782,-8.801392
2019-04-08 17:04:41,78842,-3.112152,-0.35343933,-8.007706
2019-04-08 17:04:41,78861,-2.719513,-1.0609131,-8.091507
2019-04-08 17:04:41,78882,-1.2614441,-2.3908997,-7.478592
2019-04-08 17:04:41,78902,-1.7450714,-1.9000854,-7.6832886
2019-04-08 17:04:41,78921,-1.3703766,-0.24449158,-9.781815
2019-04-08 17:04:41,78942,1.0441742,-1.8079071,-6.60112
2019-04-08 17:04:42,78961,0.2205658,-2.3992767,-6.070801
2019-04-08 17:04:42,78982,-1.9138641,-1.7504425,-9.476547
2019-04-08 17:04:42,79001,-0.8508301,-1.3817444,-9.759064
2019-04-08 17:04:42,79022,2.0114288,-3.2276764,-9.578308
2019-04-08 17:04:42,79042,0.513855,-6.0312805,-10.032013
2019-04-08 17:04:42,79061,-0.5826874,-8.071136,-9.800964
2019-04-08 17:04:42,79082,-0.13856506,-7.807785,-8.306976
2019-04-08 17:04:42,79101,0.09967041,-5.424347,-7.8688507
2019-04-08 17:04:42,79122,0.592865,-6.5532227,-11.140518
2019-04-08 17:04:42,79141,0.19662476,-9.66568,-10.282196
2019-04-08 17:04:42,79162,-0.17686462,-9.426254,-8.986938
2019-04-08 17:04:42,79181,-0.41149902,-9.555542,-9.007294
2019-04-08 17:04:42,79202,-0.6509247,-8.91629,-8.505707
2019-04-08 17:04:42,79221,-1.4002991,-6.523285,-7.53006
2019-04-08 17:04:42,79242,-0.011672974,-8.215988,-7.8880005
2019-04-08 17:04:42,79261,-0.17327881,-8.688843,-8.89357
2019-04-08 17:04:42,79282,-1.3500214,-8.079514,-10.545563
2019-04-08 17:04:42,79301,-0.6569061,-9.265854,-10.798157
2019-04-08 17:04:42,79321,-0.41389465,-9.064728,-9.6944275
2019-04-08 17:04:42,79342,-1.4194489,-6.3712616,-8.923492
2019-04-08 17:04:42,79361,-0.7993622,-6.6956787,-6.7351837
2019-04-08 17:04:42,79382,0.25408936,-9.403519,-7.6390076
2019-04-08 17:04:42,79401,1.0561523,-9.954178,-10.734711
2019-04-08 17:04:42,79421,0.6347656,-8.473373,-10.583862
2019-04-08 17:04:42,79442,-0.22953796,-6.6406097,-5.910385
2019-04-08 17:04:42,79461,-0.030822754,-5.868469,-3.7424316
2019-04-08 17:04:42,79481,-0.6221924,-6.648987,-5.5368958
2019-04-08 17:04:42,79502,-1.016037,-7.850876,-9.1689
2019-04-08 17:04:42,79521,-0.07511902,-8.648148,-10.636536
2019-04-08 17:04:42,79541,0.01586914,-7.5575867,-10.057144
2019-04-08 17:04:42,79562,-0.33847046,-5.7463684,-9.246704
2019-04-08 17:04:42,79581,1.4332428,-7.330139,-9.811737
2019-04-08 17:04:42,79601,0.375,-8.480545,-11.163269
2019-04-08 17:04:42,79622,0.19064331,-7.3038025,-9.759064
2019-04-08 17:04:42,79641,0.036224365,-5.7858734,-8.957016
2019-04-08 17:04:42,79661,-0.6664734,-5.073593,-7.6785126
2019-04-08 17:04:42,79681,-1.8456268,-4.075226,-8.346481
2019-04-08 17:04:42,79701,-1.526001,-3.293518,-8.924683
2019-04-08 17:04:42,79722,-0.8508301,-3.8980408,-10.307343
2019-04-08 17:04:42,79741,0.24810791,-6.1497955,-9.941025
2019-04-08 17:04:42,79762,-0.3109436,-5.8170013,-9.557953
2019-04-08 17:04:42,79781,-1.6959839,-3.5927887,-8.989334
2019-04-08 17:04:42,79802,-2.7422485,-1.5924377,-8.775055
2019-04-08 17:04:42,79822,-1.3871307,-2.5477142,-7.922714
2019-04-08 17:04:42,79841,-2.3579865,0.19125366,-7.5013275
2019-04-08 17:04:42,79862,-1.352417,0.23553467,-7.546829
2019-04-08 17:04:42,79882,-0.94659424,-0.8574066,-8.269867
2019-04-08 17:04:42,79901,-1.5511322,-0.23970032,-6.249161
2019-04-08 17:04:42,79922,-2.013214,0.35525513,-3.3031006
2019-04-08 17:04:42,79941,-2.8488007,0.9454193,-4.712097
2019-04-08 17:04:43,79962,-4.0937805,2.951767,-6.992569
2019-04-08 17:04:43,79981,-1.0303955,1.7163544,-9.110245
2019-04-08 17:04:43,80002,-0.7945709,-0.19421387,-8.204041
2019-04-08 17:04:43,80021,-1.099823,-1.8893127,-9.055176
2019-04-08 17:04:43,80042,-1.5236053,-2.0892334,-8.667313
2019-04-08 17:04:43,80061,-1.2925568,-0.6227722,-10.090668
2019-04-08 17:04:43,80082,-0.23551941,-1.0848541,-6.329376
2019-04-08 17:04:43,80101,-0.87597656,-1.6798248,-7.5839386
2019-04-08 17:04:43,80122,-1.1273651,-2.498642,-8.053192
2019-04-08 17:04:43,80141,-0.6329651,-3.6945343,-6.905182
2019-04-08 17:04:43,80162,-0.19122314,-3.5089874,-8.863632
2019-04-08 17:04:43,80181,0.19303894,-4.115921,-9.008484
2019-04-08 17:04:43,80201,0.2888031,-4.044098,-9.367615
2019-04-08 17:04:43,80222,0.54977417,-4.8964233,-9.793777
2019-04-08 17:04:43,80241,0.20739746,-6.753128,-8.48056
2019-04-08 17:04:43,80261,-0.25827026,-7.435486,-8.959396
2019-04-08 17:04:43,80282,-0.24868774,-7.76947,-9.781815
2019-04-08 17:04:43,80301,0.2600708,-8.271057,-9.349655
2019-04-08 17:04:43,80321,0.66470337,-8.797775,-9.305359
2019-04-08 17:04:43,80342,-0.16130066,-7.962204,-8.332123
2019-04-08 17:04:43,80361,-0.39474487,-7.6090546,-8.4374695
2019-04-08 17:04:43,80382,0.5545654,-9.256271,-9.288605
2019-04-08 17:04:43,80401,0.36302185,-9.217957,-10.012848
2019-04-08 17:04:43,80421,-1.4266357,-6.590332,-9.093475
2019-04-08 17:04:43,80442,-1.7330933,-6.567581,-8.505707
2019-04-08 17:04:43,80461,-0.4019165,-8.7786255,-8.448242
2019-04-08 17:04:43,80481,0.20381165,-10.054733,-8.937851
2019-04-08 17:04:43,80502,-0.34326172,-9.008469,-8.978561
2019-04-08 17:04:43,80521,0.23254395,-8.4817505,-8.338104
2019-04-08 17:04:43,80541,0.14634705,-8.459,-8.158539
2019-04-08 17:04:43,80562,-0.31452942,-9.009674,-8.618225
2019-04-08 17:04:43,80582,0.588089,-10.641312,-10.35762
2019-04-08 17:04:43,80601,0.94721985,-11.024384,-11.664856
2019-04-08 17:04:43,80622,0.14515686,-8.249512,-8.988129
2019-04-08 17:04:43,80642,0.5030823,-5.661377,-3.6382904
2019-04-08 17:04:43,80661,-1.1177826,-5.4255524,-4.0812225
2019-04-08 17:04:43,80682,-1.8994904,-6.820175,-5.874481
2019-04-08 17:04:43,80701,-1.6277466,-6.2611237,-7.8018036
2019-04-08 17:04:43,80722,0.26246643,-6.028885,-9.98053
2019-04-08 17:04:43,80741,0.5150604,-6.4861755,-9.569931
2019-04-08 17:04:43,80762,0.66230774,-6.7746735,-8.529648
2019-04-08 17:04:43,80781,1.3027496,-6.9710083,-9.122208
2019-04-08 17:04:43,80802,0.15592957,-6.1114807,-10.2438965
2019-04-08 17:04:43,80821,-0.8687897,-6.2048645,-11.578659
2019-04-08 17:04:43,80842,-0.18045044,-6.2599335,-9.633377
2019-04-08 17:04:43,80861,0.4252777,-4.3708954,-9.398743
2019-04-08 17:04:43,80882,0.079315186,-5.5368805,-7.605484
2019-04-08 17:04:43,80901,-0.88674927,-4.66539,-7.071579
2019-04-08 17:04:43,80921,-1.9581451,-3.392868,-10.053558
2019-04-08 17:04:43,80942,-2.0503235,-1.6247559,-11.181229
2019-04-08 17:04:44,80961,-0.03919983,-4.3625183,-8.946228
2019-04-08 17:04:44,80982,0.17747498,-4.7647552,-9.1844635
2019-04-08 17:04:44,81001,-1.752243,-0.52700806,-8.946228
2019-04-08 17:04:44,81021,-2.6069794,-0.7353058,-8.409927
2019-04-08 17:04:44,81041,-1.8013306,-1.5744781,-7.916733
2019-04-08 17:04:44,81061,-1.2063751,-1.40448,-6.890808
2019-04-08 17:04:44,81082,-1.605011,0.34448242,-6.8536987
2019-04-08 17:04:44,81101,-1.1321564,1.4948883,-6.0588226
2019-04-08 17:04:44,81121,-1.2398834,1.2255402,-4.1686096
2019-04-08 17:04:44,81142,-2.7961273,3.2785645,-5.1262817
2019-04-08 17:04:44,81161,-2.5112152,2.1449127,-5.5596313
2019-04-08 17:04:44,81181,-1.7845764,-0.5317993,-6.838135
2019-04-08 17:04:44,81202,-1.8563995,-0.33547974,-8.964188
2019-04-08 17:04:44,81221,-1.8587952,-1.704956,-9.171295
2019-04-08 17:04:44,81241,-1.2674255,-3.0935974,-10.838852
2019-04-08 17:04:44,81262,-0.3001709,-2.238861,-9.703995
2019-04-08 17:04:44,81281,-0.292984,-1.4547577,-7.494156
2019-04-08 17:04:44,81302,-1.870758,-0.99746704,-9.214386
2019-04-08 17:04:44,81322,-1.158493,-2.0616913,-7.158966
2019-04-08 17:04:44,81341,0.42767334,-3.2647858,-6.0217133
2019-04-08 17:04:44,81361,-0.13496399,-3.957901,-6.155792
2019-04-08 17:04:44,81382,-0.083496094,-4.4307556,-7.980179
2019-04-08 17:04:44,81402,-0.026031494,-5.693695,-10.194809
2019-04-08 17:04:44,81421,0.9603729,-6.107895,-10.562317
2019-04-08 17:04:44,81441,0.71736145,-6.4263306,-9.319733
2019-04-08 17:04:44,81462,-0.99687195,-7.349289,-9.128189
2019-04-08 17:04:44,81482,-1.4505768,-10.79454,-12.877518
2019-04-08 17:04:44,81501,-0.105041504,-13.839966,-13.036728
2019-04-08 17:04:44,81522,0.9783325,-12.347183,-9.282623
2019-04-08 17:04:44,81541,1.1555023,-8.460205,-6.771103
2019-04-08 17:04:44,81562,-0.028427124,-5.6949005,-5.4614716
2019-04-08 17:04:44,81581,-0.5563507,-4.9874115,-7.064392
2019-04-08 17:04:44,81602,-1.3033447,-3.526947,-6.4813995
2019-04-08 17:04:44,81621,-2.1556702,-3.9842377,-7.4259186
2019-04-08 17:04:44,81642,0.17868042,-6.5532227,-9.261078
2019-04-08 17:04:44,81661,3.0050354,-12.7673645,-11.7031555
2019-04-08 17:04:44,81681,-0.8220978,-11.509216,-11.794144
2019-04-08 17:04:44,81702,-2.281372,-7.9131165,-11.618164
2019-04-08 17:04:44,81721,-0.7766113,-10.920242,-7.467819
2019-04-08 17:04:44,81742,1.6199799,-14.442108,-5.5476685
2019-04-08 17:04:44,81761,1.4523926,-10.87236,-8.965393
2019-04-08 17:04:44,81782,-1.6983795,-5.222046,-7.989746
2019-04-08 17:04:44,81801,-2.9110413,-3.9758606,-5.1131134
2019-04-08 17:04:44,81821,-1.6145782,-5.7188416,-5.5548553
2019-04-08 17:04:44,81842,-0.017654419,-5.922348,-7.0105286
2019-04-08 17:04:44,81861,-0.114608765,-5.985794,-8.933075
2019-04-08 17:04:44,81881,0.048187256,-5.7068634,-9.346069
2019-04-08 17:04:44,81902,1.7373047,-8.511673,-8.986938
2019-04-08 17:04:44,81921,0.5892792,-6.8728485,-10.561127
2019-04-08 17:04:44,81941,0.3055725,-7.3516846,-12.583023
2019-04-08 17:04:45,81961,-0.8017578,-13.012772,-13.1887665
2019-04-08 17:04:45,81981,-1.6038055,-12.465698,-12.266998
2019-04-08 17:04:45,82002,-0.668869,-7.6844788,-8.917511
2019-04-08 17:04:45,82021,-0.5539551,-4.103943,-9.027634
2019-04-08 17:04:45,82041,-0.18884277,-3.3665314,-6.917145
2019-04-08 17:04:45,82062,-0.92385864,-2.3322449,-6.0648193
2019-04-08 17:04:45,82081,-0.9585724,-0.67544556,-6.1222687
2019-04-08 17:04:45,82101,-0.80773926,-1.7528381,-6.9662323
2019-04-08 17:04:45,82122,-1.2662201,-2.3466034,-9.391556
2019-04-08 17:04:45,82141,-0.49050903,-3.2863312,-7.8461
2019-04-08 17:04:45,82161,-1.6241608,-5.154999,-7.8089905
2019-04-08 17:04:45,82182,-2.9397736,0.73353577,-8.467392
2019-04-08 17:04:45,82201,-3.4377747,6.004364,-9.780609
2019-04-08 17:04:45,82221,-0.46775818,0.2774353,-9.172485
2019-04-08 17:04:45,82242,0.3678131,-3.9746552,-10.831665
2019-04-08 17:04:45,82261,-1.9054718,-1.2740021,-7.9550323
2019-04-08 17:04:45,82282,-2.6919708,-1.2033691,-5.352539
2019-04-08 17:04:45,82302,-3.620926,1.8540192,-3.8633423
2019-04-08 17:04:45,82322,-1.4481812,2.793747,-3.1786041
2019-04-08 17:04:45,82341,-1.3703766,1.5870667,-3.4659119
2019-04-08 17:04:45,82362,-4.036316,4.1835785,-6.300644
2019-04-08 17:04:45,82381,-0.79815674,2.513626,-7.878418
2019-04-08 17:04:45,82402,0.22895813,-2.419632,-8.020874
2019-04-08 17:04:45,82421,-1.000473,-4.34816,-10.786179
2019-04-08 17:04:45,82442,-0.9118805,-4.701309,-8.818146
2019-04-08 17:04:45,82461,-1.1560974,-2.3298492,-8.333313
2019-04-08 17:04:45,82481,-1.9832916,-0.92445374,-11.219528
2019-04-08 17:04:45,82502,-0.06793213,-4.2176666,-11.402679
2019-04-08 17:04:45,82521,1.8246918,-7.239151,-7.837723
2019-04-08 17:04:45,82542,0.2780304,-6.1067047,-5.732025
2019-04-08 17:04:45,82561,-0.76823425,-5.1370544,-6.8237762
2019-04-08 17:04:45,82582,-1.6014099,-5.2005005,-9.367615
2019-04-08 17:04:45,82601,-1.4960632,-7.1230316,-10.334869
2019-04-08 17:04:45,82622,0.12361145,-7.76828,-9.937439
2019-04-08 17:04:45,82641,1.1686707,-6.6370087,-6.969818
2019-04-08 17:04:45,82662,0.548584,-6.0193176,-6.415558
2019-04-08 17:04:45,82681,-1.9497681,-7.7742615,-8.649353
2019-04-08 17:04:45,82701,-0.16490173,-11.681595,-10.370789
2019-04-08 17:04:45,82722,0.42048645,-9.522034,-10.31691
2019-04-08 17:04:45,82741,-1.1082153,-4.835373,-8.798996
2019-04-08 17:04:45,82761,1.6355438,-10.954956,-8.335709
2019-04-08 17:04:45,82782,-0.3612213,-10.266617,-9.403534
2019-04-08 17:04:45,82801,-2.743454,-4.4846344,-5.842148
2019-04-08 17:04:45,82822,-1.7211304,-2.9104462,-4.2344513
2019-04-08 17:04:45,82841,0.19184875,-6.7399597,-7.1529846
2019-04-08 17:04:45,82861,3.7783508,-13.988403,-14.998779
2019-04-08 17:04:45,82882,1.5349884,-14.433731,-16.240173
2019-04-08 17:04:45,82901,-2.6752167,-9.381973,-8.430283
2019-04-08 17:04:45,82921,-6.9392853,-5.2926636,-0.04220581
2019-04-08 17:04:45,82942,-0.41748047,-10.986084,2.9685059
2019-04-08 17:04:46,82961,4.269165,-12.010803,-9.336487
2019-04-08 17:04:46,82982,-0.8747711,-4.40921,-9.866806
2019-04-08 17:04:46,83001,-4.241028,-2.89917E-4,-8.202835
2019-04-08 17:04:46,83022,-1.783371,-5.8026276,-10.647308
2019-04-08 17:04:46,83041,0.7472992,-10.741867,-16.159958
2019-04-08 17:04:46,83062,2.6686401,-13.38028,-11.942581
2019-04-08 17:04:46,83082,1.6451263,-7.9729767,-7.909546
2019-04-08 17:04:46,83101,-1.901886,-3.186966,-1.652298
2019-04-08 17:04:46,83122,-2.3472137,-3.526947,-3.8789062
2019-04-08 17:04:46,83141,-0.68922424,-3.5951843,-9.865616
2019-04-08 17:04:46,83162,-0.25468445,-4.0225525,-19.770416
2019-04-08 17:04:46,83181,3.7065277,-8.736725,-11.796539
2019-04-08 17:04:46,83202,6.316208,-15.195084,-7.3540955
2019-04-08 17:04:46,83221,-1.2482758,-5.662567,-8.549988
2019-04-08 17:04:46,83242,-3.6951447,0.4893341,-8.878006
2019-04-08 17:04:46,83261,-2.779358,-0.07211304,-12.496841
2019-04-08 17:04:46,83282,-1.5367737,-4.3206177,-9.271851
2019-04-08 17:04:46,83301,1.9348145,-7.6365967,-7.107483
2019-04-08 17:04:46,83322,-1.5427551,0.67967224,-7.964615
2019-04-08 17:04:46,83341,-2.9517517,0.44503784,-5.8289795
2019-04-08 17:04:46,83362,-1.5822601,-3.3246307,-7.028473
2019-04-08 17:04:46,83381,-1.526001,-1.681015,-4.827011
2019-04-08 17:04:46,83401,-4.830002,5.8152313,-7.17572
2019-04-08 17:04:46,83422,0.56773376,0.540802,-7.712021
2019-04-08 17:04:46,83441,1.2500763,0.322937,-5.8876495
2019-04-08 17:04:46,83461,-4.195526,-0.46116638,-5.830185
2019-04-08 17:04:46,83481,-4.54628,0.28581238,-6.91835
2019-04-08 17:04:46,83502,-3.2354584,0.25949097,-8.487747
2019-04-08 17:04:46,83521,-1.2410889,-1.1111908,-6.8884125
2019-04-08 17:04:46,83541,-0.4378357,-0.051757812,-6.5723877
2019-04-08 17:04:46,83562,-0.49409485,0.33610535,-7.9191284
2019-04-08 17:04:46,83581,-1.3607941,-1.997055,-8.8349
2019-04-08 17:04:46,83601,-1.0256042,-3.542511,-8.886383
2019-04-08 17:04:46,83622,-0.3121338,-3.1402893,-8.160934
2019-04-08 17:04:46,83641,0.21458435,-3.2851257,-7.9586334
2019-04-08 17:04:46,83661,-0.43185425,-4.32901,-8.904343
2019-04-08 17:04:46,83682,-0.29058838,-5.684128,-9.495712
2019-04-08 17:04:46,83701,0.6862488,-7.246338,-7.957428
2019-04-08 17:04:46,83721,-0.08468628,-7.472595,-7.961029
2019-04-08 17:04:46,83741,-0.4234619,-5.3621063,-8.939056
2019-04-08 17:04:46,83762,0.6934204,-3.621521,-9.325714
2019-04-08 17:04:46,83781,2.1766357,-8.092682,-9.636963
2019-04-08 17:04:46,83801,-1.139328,-10.81131,-9.908707
2019-04-08 17:04:46,83822,-1.8695679,-9.787781,-9.043198
2019-04-08 17:04:46,83841,1.2189484,-10.915451,-9.4813385
2019-04-08 17:04:46,83862,2.4950562,-8.365631,-9.366425
2019-04-08 17:04:46,83882,-2.1724396,-6.2766876,-10.128967
2019-04-08 17:04:46,83901,-3.5634613,-8.14296,-9.234741
2019-04-08 17:04:46,83922,-0.708374,-10.576675,-8.156143
2019-04-08 17:04:46,83941,0.1403656,-9.140152,-8.729553
2019-04-08 17:04:47,83962,0.73413086,-8.700821,-9.542389
2019-04-08 17:04:47,83982,0.54737854,-9.100647,-9.191635
2019-04-08 17:04:47,84002,-0.99209595,-6.107895,-8.444656
2019-04-08 17:04:47,84021,-0.82569885,-7.03804,-6.4335175
2019-04-08 17:04:47,84042,-1.4039001,-8.571533,-8.727173
2019-04-08 17:04:47,84061,0.8083496,-12.748215,-9.848846
2019-04-08 17:04:47,84081,2.5237885,-11.12854,-7.5803375
2019-04-08 17:04:47,84102,-3.8866882,-4.4187927,-6.580765
2019-04-08 17:04:47,84121,-4.62529,0.047592163,-1.8079224
2019-04-08 17:04:47,84141,1.5780792,-7.246338,-5.364517
2019-04-08 17:04:47,84162,3.6777954,-13.661606,-17.109268
2019-04-08 17:04:47,84181,-0.1517334,-9.044388,-14.638443
2019-04-08 17:04:47,84201,0.25767517,-3.61792,-4.2547913
2019-04-08 17:04:47,84221,-0.90231323,-6.1749268,-5.364517
2019-04-08 17:04:47,84242,0.20501709,-9.238312,-12.711121
2019-04-08 17:04:47,84261,0.6215973,-9.712372,-13.787308
2019-04-08 17:04:47,84281,-0.466568,-5.923538,-10.518036
2019-04-08 17:04:47,84301,0.46357727,-4.3278046,-9.332901
2019-04-08 17:04:47,84321,0.34028625,-7.3828125,-10.7382965
2019-04-08 17:04:47,84342,-0.5683136,-5.875656,-9.4813385
2019-04-08 17:04:47,84361,-1.6241608,-4.7072906,-8.3428955
2019-04-08 17:04:47,84381,-1.6074066,-3.337799,-7.9191284
2019-04-08 17:04:47,84402,-1.3009491,-2.3238525,-7.052429
2019-04-08 17:04:47,84421,-1.0064545,-2.2412567,-4.4894257
2019-04-08 17:04:47,84441,-4.808441,2.7219238,-10.808929
2019-04-08 17:04:47,84462,-0.39593506,1.0088654,-4.5433044
2019-04-08 17:04:47,84481,-1.9832916,-3.6023712,-10.877167
2019-04-08 17:04:47,84501,-0.6329651,-0.9615631,-9.098267
2019-04-08 17:04:47,84521,-1.534378,0.20082092,-6.300644
2019-04-08 17:04:47,84541,-1.8875275,1.9509888,-6.2743073
2019-04-08 17:04:47,84561,-1.8611908,1.363205,-4.707306
2019-04-08 17:04:47,84581,-1.9246368,1.2039948,-5.1083374
2019-04-08 17:04:47,84602,-2.7602081,1.3656006,-4.477463
2019-04-08 17:04:47,84622,-2.6285248,0.14935303,-6.6825104
2019-04-08 17:04:47,84641,-2.8679504,-0.043380737,-5.4291534
2019-04-08 17:04:47,84662,-1.6397247,-0.37857056,-7.646179
2019-04-08 17:04:47,84681,-0.90948486,-0.6575012,-9.692032
2019-04-08 17:04:47,84702,0.55815125,-0.5868683,-9.805756
2019-04-08 17:04:47,84721,0.5018921,-3.8753052,-7.8640594
2019-04-08 17:04:47,84741,-1.7618256,-5.1418304,-10.85321
2019-04-08 17:04:47,84762,-0.708374,-5.6003265,-7.5875244
2019-04-08 17:04:47,84782,-0.1230011,-4.957489,-9.257477
2019-04-08 17:04:47,84801,-0.27742004,-6.1414185,-9.992508
2019-04-08 17:04:47,84822,0.25767517,-6.631027,-9.359238
2019-04-08 17:04:47,84841,1.6798401,-6.468216,-8.194458
2019-04-08 17:04:47,84862,0.37260437,-5.5225067,-7.0069275
2019-04-08 17:04:47,84881,-0.52163696,-5.195709,-7.6186523
2019-04-08 17:04:47,84902,-0.3695984,-6.8919983,-9.416702
2019-04-08 17:04:47,84921,0.2205658,-10.264236,-10.387543
2019-04-08 17:04:47,84941,0.24571228,-10.962143,-8.697235
2019-04-08 17:04:48,84962,0.46357727,-9.750671,-8.098694
2019-04-08 17:04:48,84981,-0.86997986,-8.430267,-10.192413
2019-04-08 17:04:48,85001,-0.747879,-9.049179,-11.194397
2019-04-08 17:04:48,85022,-2.8523865,-7.6150513,-11.438599
2019-04-08 17:04:48,85041,-1.3895264,-10.3324585,-11.223114
2019-04-08 17:04:48,85061,0.93045044,-13.001999,-9.427475
2019-04-08 17:04:48,85081,-1.3416443,-6.816574,-8.742722
2019-04-08 17:04:48,85102,-1.1357422,-4.0261383,-4.078827
2019-04-08 17:04:48,85121,-0.9693451,-5.8720703,-5.0891724
2019-04-08 17:04:48,85141,-0.13256836,-9.434647,-6.525696
2019-04-08 17:04:48,85162,0.096069336,-10.984879,-11.826462
2019-04-08 17:04:48,85181,-1.5571289,-7.855667,-12.553101
2019-04-08 17:04:48,85201,-0.6161957,-8.866013,-6.8477173
2019-04-08 17:04:48,85221,-0.25468445,-8.769058,-6.238388
2019-04-08 17:04:48,85242,-0.54078674,-7.8784027,-9.207199
2019-04-08 17:04:48,85261,0.41690063,-9.4095,-11.400299
2019-04-08 17:04:48,85281,-0.16369629,-8.291412,-10.435425
2019-04-08 17:04:48,85302,-0.5467682,-5.6122894,-8.192062
2019-04-08 17:04:48,85321,1.0501556,-5.2495728,-7.4965515
2019-04-08 17:04:48,85341,1.1722717,-7.179306,-8.711609
2019-04-08 17:04:48,85362,-0.7143707,-6.741165,-9.82132
2019-04-08 17:04:48,85381,-0.93104553,-4.352951,-11.238678
2019-04-08 17:04:48,85401,0.30795288,-5.5859528,-10.592255
2019-04-08 17:04:48,85421,0.43844604,-6.1450043,-9.908707
2019-04-08 17:04:48,85441,0.6060333,-4.795868,-8.376419
2019-04-08 17:04:48,85461,-0.51924133,-4.01178,-9.365219
2019-04-08 17:04:48,85482,-1.649292,-2.238861,-9.463379
2019-04-08 17:04:48,85501,-1.2853851,-3.226471,-6.676529
2019-04-08 17:04:48,85521,-1.6911926,-1.5014496,-6.70047
2019-04-08 17:04:48,85542,-1.0423737,-0.72213745,-5.2124786
2019-04-08 17:04:48,85561,-1.8755493,1.6888275,-7.356491
2019-04-08 17:04:48,85582,-2.1796112,2.4920807,-8.352478
2019-04-08 17:04:48,85602,-1.5990143,-0.2361145,-7.783844
2019-04-08 17:04:48,85621,-0.39234924,-2.1478882,-6.7351837
2019-04-08 17:04:48,85642,-3.5694427,-0.050567627,-8.352478
2019-04-08 17:04:48,85661,-3.1157532,0.6892395,-7.0907288
2019-04-08 17:04:48,85682,-2.3376312,1.95578,-7.5168915
2019-04-08 17:04:48,85701,-2.0922241,1.6732635,-6.1725464
2019-04-08 17:04:48,85722,-1.2410889,-0.57011414,-3.7615967
2019-04-08 17:04:48,85741,-0.67007446,-2.223297,-3.8597565
2019-04-08 17:04:48,85761,-1.9593506,-1.5577087,-5.600342
2019-04-08 17:04:48,85782,-2.5483246,1.8348694,-11.087845
2019-04-08 17:04:48,85801,1.6032257,-1.0261993,-7.7263947
2019-04-08 17:04:48,85821,0.12121582,-4.555252,-9.121017
2019-04-08 17:04:48,85841,-0.921463,-4.2835083,-12.277771
2019-04-08 17:04:48,85861,-0.42108154,-4.7539673,-9.924271
2019-04-08 17:04:48,85881,-0.23551941,-5.2447815,-9.684845
2019-04-08 17:04:48,85902,-0.44979858,-6.2754974,-7.901169
2019-04-08 17:04:48,85921,-0.53001404,-6.5208893,-8.3428955
2019-04-08 17:04:48,85941,1.4356232,-7.5731506,-8.729553
2019-04-08 17:04:49,85961,0.076919556,-7.6006775,-7.1015015
2019-04-08 17:04:49,85982,-1.5583191,-6.2766876,-7.625839
2019-04-08 17:04:49,86001,-2.3747406,-5.49498,-9.353256
2019-04-08 17:04:49,86021,0.32951355,-9.283798,-8.698441
2019-04-08 17:04:49,86042,0.5042877,-11.442184,-10.258255
2019-04-08 17:04:49,86061,-0.18284607,-12.6332855,-13.313263
2019-04-08 17:04:49,86081,-1.0471649,-12.068268,-12.283752
2019-04-08 17:04:49,86102,-0.8795624,-10.399506,-10.260651
2019-04-08 17:04:49,86121,0.024246216,-8.571533,-9.037216
2019-04-08 17:04:49,86141,0.85025024,-7.261902,-7.368454
2019-04-08 17:04:49,86162,-0.43663025,-5.594345,-6.404785
2019-04-08 17:04:49,86181,-1.7881622,-5.077194,-6.6753387
2019-04-08 17:04:49,86201,-1.3631897,-6.626236,-7.2918396
2019-04-08 17:04:49,86222,-0.4893036,-8.12262,-8.089111
2019-04-08 17:04:49,86241,-0.5276184,-8.6445465,-9.214386
2019-04-08 17:04:49,86261,0.829895,-8.182465,-9.923065
2019-04-08 17:04:49,86282,1.9108734,-10.16008,-10.529999
2019-04-08 17:04:49,86301,-0.95617676,-9.978119,-9.690826
2019-04-08 17:04:49,86321,-1.3967133,-8.097473,-9.550766
2019-04-08 17:04:49,86342,0.627594,-8.374008,-8.1848755
2019-04-08 17:04:49,86362,-0.19721985,-6.78067,-6.817795
2019-04-08 17:04:49,86381,-0.5575409,-5.1454315,-6.609497
2019-04-08 17:04:49,86402,-0.71076965,-4.2440033,-7.7742767
2019-04-08 17:04:49,86421,-0.6940155,-4.5420837,-9.908707
2019-04-08 17:04:49,86442,-0.38755798,-5.4351196,-12.295731
2019-04-08 17:04:49,86462,0.7496948,-6.294647,-13.332413
2019-04-08 17:04:49,86481,1.2955627,-8.3081665,-9.455002
2019-04-08 17:04:49,86502,0.24571228,-8.019669,-7.2559357
2019-04-08 17:04:49,86521,-1.5966339,-3.175003,-10.340851
2019-04-08 17:04:49,86542,-4.1919403,-2.5393372,-11.754639
2019-04-08 17:04:49,86561,-2.6548615,-4.5684204,-9.499298
2019-04-08 17:04:49,86582,-0.41029358,-3.7340393,-8.549988
2019-04-08 17:04:49,86601,-0.13496399,-1.1746368,-6.118683
2019-04-08 17:04:49,86622,-1.8324585,-0.80233765,-5.186142
2019-04-08 17:04:49,86641,-2.616562,0.7862091,-5.8960266
2019-04-08 17:04:49,86661,-2.0263824,1.421875,-5.435135
2019-04-08 17:04:49,86682,-2.5710602,1.0160522,-5.404007
2019-04-08 17:04:49,86701,-0.99687195,1.9629517,-5.182556
2019-04-08 17:04:49,86721,-0.14334106,-0.71136475,-6.367676
2019-04-08 17:04:49,86741,-1.4805145,1.1369629,-7.440277
2019-04-08 17:04:49,86762,-1.5511322,0.39595032,-7.703644
2019-04-08 17:04:49,86781,-0.66049194,-0.24809265,-7.8173676
2019-04-08 17:04:49,86801,-2.1257477,-0.72932434,-7.1960754
2019-04-08 17:04:49,86822,-1.6433105,-1.7109375,-7.3421173
2019-04-08 17:04:49,86841,-0.21157837,-2.645874,-6.4383087
2019-04-08 17:04:49,86861,-0.74308777,-1.9455719,-7.246353
2019-04-08 17:04:49,86882,-1.6026154,-0.9591675,-8.807373
2019-04-08 17:04:49,86901,-0.2941742,-0.637146,-10.722733
2019-04-08 17:04:49,86921,1.7145538,-4.452301,-7.464218
2019-04-08 17:04:49,86941,-0.7562561,-6.504135,-9.143753
2019-04-08 17:04:50,86962,-1.5367737,-6.681305,-10.770615
2019-04-08 17:04:50,86981,0.19902039,-7.041641,-10.215164
2019-04-08 17:04:50,87001,-0.052368164,-7.366043,-9.355637
2019-04-08 17:04:50,87021,-1.079483,-6.6274414,-8.731949
2019-04-08 17:04:50,87041,-0.9406128,-7.356476,-8.116638
2019-04-08 17:04:50,87062,-0.92744446,-7.7024384,-7.656952
2019-04-08 17:04:50,87081,-1.6109924,-7.919113,-9.085098
2019-04-08 17:04:50,87101,-0.1672821,-9.9170685,-9.201218
2019-04-08 17:04:50,87122,0.750885,-10.2929535,-9.159317
2019-04-08 17:04:50,87141,0.19184875,-9.98291,-10.96933
2019-04-08 17:04:50,87161,-0.23432922,-9.972137,-11.801315
2019-04-08 17:04:50,87182,-0.7993622,-8.540405,-10.836456
2019-04-08 17:04:50,87202,-0.3911438,-8.157333,-9.409515
2019-04-08 17:04:50,87221,-0.20559692,-7.9837494,-8.882782
2019-04-08 17:04:50,87242,-0.51924133,-7.6054688,-7.5791473
2019-04-08 17:04:50,87261,0.34147644,-8.303375,-8.073547
2019-04-08 17:04:50,87282,-0.91548157,-7.617447,-8.921097
2019-04-08 17:04:50,87302,0.014663696,-6.6956787,-7.2272034
2019-04-08 17:04:50,87321,1.6044159,-7.919113,-8.091507
2019-04-08 17:04:50,87342,0.97714233,-8.571533,-8.740341
2019-04-08 17:04:50,87361,-0.030822754,-8.476959,-8.972565
2019-04-08 17:04:50,87382,-0.8460388,-8.716385,-8.406342
2019-04-08 17:04:50,87401,-1.3667908,-7.8891754,-7.9873505
2019-04-08 17:04:50,87422,-1.1261597,-6.6394043,-7.7347717
2019-04-08 17:04:50,87441,-0.24389648,-6.2323914,-8.104675
2019-04-08 17:04:50,87462,-0.0655365,-6.273102,-9.427475
2019-04-08 17:04:50,87481,0.6108246,-6.210846,-10.024826
2019-04-08 17:04:50,87502,0.32591248,-5.594345,-10.182846
2019-04-08 17:04:50,87521,0.30078125,-5.3357697,-9.190445
2019-04-08 17:04:50,87541,-0.006881714,-4.467865,-9.379593
2019-04-08 17:04:50,87562,-0.91548157,-5.2411957,-9.693222
2019-04-08 17:04:50,87581,-1.4984589,-5.8720703,-9.721954
2019-04-08 17:04:50,87601,-1.846817,-5.508148,-9.472961
2019-04-08 17:04:50,87621,-1.5774689,-5.0041656,-10.276215
2019-04-08 17:04:50,87642,-1.257843,-2.8852997,-10.049957
2019-04-08 17:04:50,87661,-1.3967133,-0.22773743,-8.570343
2019-04-08 17:04:50,87681,-1.2614441,-1.7779846,-7.58992
2019-04-08 17:04:50,87701,-0.47254944,-3.080429,-5.8984222
2019-04-08 17:04:50,87722,-1.7558441,-0.8574066,-6.2204437
2019-04-08 17:04:50,87741,-2.4346008,2.0060577,-4.534912
2019-04-08 17:04:50,87761,-2.352005,2.5626984,-4.372116
2019-04-08 17:04:50,87782,-1.5511322,2.9733124,-4.2990875
2019-04-08 17:04:50,87801,-2.600998,1.1333618,-7.2427673
2019-04-08 17:04:50,87821,-1.5559235,1.0100708,-8.274658
2019-04-08 17:04:50,87842,-1.7797852,-1.1985779,-8.881592
2019-04-08 17:04:50,87861,-2.1891937,-0.6000366,-11.123764
2019-04-08 17:04:50,87881,-1.6852112,-1.2704163,-8.9318695
2019-04-08 17:04:50,87902,-1.2554474,-1.4799042,-6.5017548
2019-04-08 17:04:50,87921,-1.5487366,-1.1578827,-5.273529
2019-04-08 17:04:50,87941,-2.3125,-0.776001,-7.708435
2019-04-08 17:04:51,87962,-1.0076599,-2.0700684,-6.3784485
2019-04-08 17:04:51,87982,0.24331665,-3.3904724,-6.1450195
2019-04-08 17:04:51,88001,-1.0172272,-4.3780823,-9.885956
2019-04-08 17:04:51,88022,0.16311646,-4.803055,-11.812088
2019-04-08 17:04:51,88042,0.96876526,-7.1900787,-9.233536
2019-04-08 17:04:51,88061,-0.7155609,-6.9554443,-9.013275
2019-04-08 17:04:51,88082,-1.5798645,-6.6202545,-11.142914
2019-04-08 17:04:51,88101,0.34147644,-8.83728,-9.300583
2019-04-08 17:04:51,88122,1.2955627,-8.624207,-7.727585
2019-04-08 17:04:51,88141,0.15951538,-8.128601,-8.154953
2019-04-08 17:04:51,88162,-1.4410095,-6.46344,-8.220795
2019-04-08 17:04:51,88181,-0.81492615,-5.486603,-8.207626
2019-04-08 17:04:51,88202,0.6922302,-8.144165,-10.705978
2019-04-08 17:04:51,88221,0.22416687,-11.670822,-12.833221
2019-04-08 17:04:51,88242,-0.4605713,-12.693146,-11.300934
2019-04-08 17:04:51,88261,-0.6161957,-10.879547,-9.982925
2019-04-08 17:04:51,88281,-0.23551941,-8.371613,-8.360855
2019-04-08 17:04:51,88302,0.7580719,-7.7395477,-6.1689606
2019-04-08 17:04:51,88321,1.260849,-9.069519,-6.731598
2019-04-08 17:04:51,88341,-0.85801697,-6.903961,-8.560776
2019-04-08 17:04:51,88362,-3.004425,-5.4650574,-8.002914
2019-04-08 17:04:51,88381,-0.8891449,-8.048401,-7.143402
2019-04-08 17:04:51,88401,-0.057159424,-9.191635,-7.90596
2019-04-08 17:04:51,88422,-0.40551758,-8.296204,-8.336914
2019-04-08 17:04:51,88441,-0.26664734,-7.9813538,-8.650558
2019-04-08 17:04:51,88461,0.40252686,-9.420273,-9.845261
2019-04-08 17:04:51,88481,0.8993225,-10.617371,-11.065109
2019-04-08 17:04:51,88502,-0.7143707,-7.19487,-10.081085
2019-04-08 17:04:51,88521,0.24092102,-6.376053,-8.147766
2019-04-08 17:04:51,88541,0.45161438,-6.4849854,-7.316986
2019-04-08 17:04:51,88562,-0.38276672,-5.684128,-7.27269
2019-04-08 17:04:51,88581,-0.8520355,-4.241623,-7.58992
2019-04-08 17:04:51,88601,-0.36361694,-4.618698,-9.371201
2019-04-08 17:04:51,88622,-0.69999695,-4.90242,-10.433029
2019-04-08 17:04:51,88641,-0.8412628,-3.455124,-11.553528
2019-04-08 17:04:51,88661,0.16789246,-4.246399,-10.844833
2019-04-08 17:04:51,88682,0.04699707,-6.428726,-9.0659485
2019-04-08 17:04:51,88701,-0.55274963,-5.9355164,-9.537598
2019-04-08 17:04:51,88721,-1.6876068,-3.7256622,-10.174454
2019-04-08 17:04:51,88742,-3.1803894,-0.8466339,-9.126999
2019-04-08 17:04:51,88761,-2.8021088,-0.9124756,-7.5324554
2019-04-08 17:04:51,88781,-0.6185913,-2.3813171,-6.6358337
2019-04-08 17:04:51,88802,-1.3344574,-0.11520386,-7.261917
2019-04-08 17:04:51,88822,-1.8827362,1.536789,-5.0496674
2019-04-08 17:04:51,88842,-2.399887,1.2854004,-3.3497925
2019-04-08 17:04:51,88862,-2.305313,1.5475616,-4.23085
2019-04-08 17:04:51,88881,-2.3747406,2.1054077,-5.529709
2019-04-08 17:04:51,88903,-1.3416443,0.97654724,-4.8832703
2019-04-08 17:04:51,88921,-1.3811493,-0.11880493,-7.2834625
2019-04-08 17:04:51,88942,-1.7558441,0.6964264,-9.413101
2019-04-08 17:04:52,88961,0.100860596,-2.151474,-8.625412
2019-04-08 17:04:52,88982,-0.8352661,-3.945938,-7.893982
2019-04-08 17:04:52,89001,-2.3927002,-1.7145386,-10.442612
2019-04-08 17:04:52,89022,-0.23312378,-1.7779846,-6.5568237
2019-04-08 17:04:52,89041,-0.96336365,-2.6506653,-7.191284
2019-04-08 17:04:52,89061,-1.1776428,-3.0612793,-8.809769
2019-04-08 17:04:52,89082,-0.19961548,-3.8226318,-8.51767
2019-04-08 17:04:52,89102,0.83348083,-4.8521423,-9.866806
2019-04-08 17:04:52,89121,1.3542328,-7.96579,-8.594284
2019-04-08 17:04:52,89142,-0.20439148,-9.186844,-9.56514
2019-04-08 17:04:52,89161,-0.9537811,-7.2798615,-10.270233
2019-04-08 17:04:52,89182,0.56533813,-7.3049927,-9.245514
2019-04-08 17:04:52,89201,0.40731812,-8.196838,-8.749908
2019-04-08 17:04:52,89221,-0.63775635,-9.223953,-8.022079
2019-04-08 17:04:52,89241,-0.96694946,-8.888763,-7.630615
2019-04-08 17:04:52,89261,-0.41389465,-7.7108154,-7.617447
2019-04-08 17:04:52,89282,0.4875183,-8.79538,-9.620209
2019-04-08 17:04:52,89301,0.51026917,-10.697586,-12.232285
2019-04-08 17:04:52,89322,-0.99328613,-9.810532,-12.458527
2019-04-08 17:04:52,89341,-1.4457855,-8.7786255,-10.978912
2019-04-08 17:04:52,89361,-0.44502258,-9.701599,-10.158905
2019-04-08 17:04:52,89382,-0.30256653,-10.095444,-9.792587
2019-04-08 17:04:52,89401,0.033828735,-9.499283,-8.384796
2019-04-08 17:04:52,89421,0.63716125,-8.687653,-7.7730713
2019-04-08 17:04:52,89442,1.9862976,-7.0583954,-7.419937
2019-04-08 17:04:52,89461,1.6271667,-6.990158,-7.727585
2019-04-08 17:04:52,89481,-1.7127533,-5.8576965,-4.9874268
2019-04-08 17:04:52,89502,-2.822464,-5.965439,-5.193329
2019-04-08 17:04:52,89521,-0.9142761,-6.212036,-7.43071
2019-04-08 17:04:52,89541,0.2313385,-6.79982,-10.036789
2019-04-08 17:04:52,89562,0.25888062,-7.70961,-10.671265
2019-04-08 17:04:52,89581,0.09248352,-6.0899353,-8.168121
2019-04-08 17:04:52,89602,0.96876526,-6.009735,-8.1058655
2019-04-08 17:04:52,89621,0.8765869,-7.828125,-12.526764
2019-04-08 17:04:52,89641,-0.41629028,-9.034805,-15.401001
2019-04-08 17:04:52,89662,-1.5212097,-8.642151,-10.556335
2019-04-08 17:04:52,89682,0.54737854,-6.013321,-6.5173187
2019-04-08 17:04:52,89701,0.49591064,-2.8841095,-6.4574585
2019-04-08 17:04:52,89722,-0.81970215,-2.5764465,-7.4606323
2019-04-08 17:04:52,89741,-2.8248596,-2.9726868,-9.305359
2019-04-08 17:04:52,89762,-3.1887665,-4.8258057,-10.154114
2019-04-08 17:04:52,89782,0.46957397,-4.8413696,-9.988907
2019-04-08 17:04:52,89801,0.21697998,-2.9643097,-9.482544
2019-04-08 17:04:52,89822,-1.573883,-0.7604523,-9.143753
2019-04-08 17:04:52,89841,-1.7163391,-0.37857056,-8.524857
2019-04-08 17:04:52,89862,-1.8755493,-0.7197418,-7.554001
2019-04-08 17:04:52,89881,-1.8025208,-0.1966095,-7.3876038
2019-04-08 17:04:52,89902,-1.6433105,-0.23731995,-5.593155
2019-04-08 17:04:52,89921,-0.73950195,0.322937,-2.9930573
2019-04-08 17:04:52,89942,-2.992447,1.947403,-4.14946
2019-04-08 17:04:53,89961,-3.404251,2.7877655,-3.8920746
2019-04-08 17:04:53,89982,-1.565506,3.0810547,-7.424713
2019-04-08 17:04:53,90002,-0.016448975,-1.5888367,-5.617096
2019-04-08 17:04:53,90021,-2.9361877,-2.9092407,-9.1892395
2019-04-08 17:04:53,90042,-1.7929535,-0.51623535,-9.98053
2019-04-08 17:04:53,90061,-0.3612213,-0.22653198,-7.593506
2019-04-08 17:04:53,90082,-1.0651093,-1.997055,-7.969406
2019-04-08 17:04:53,90101,-1.549942,-3.1845703,-8.32254
2019-04-08 17:04:53,90121,-1.4146729,-3.5616608,-9.717163
2019-04-08 17:04:53,90142,-0.08708191,-3.9088287,-9.119812
2019-04-08 17:04:53,90161,0.7436981,-4.855728,-7.296631
2019-04-08 17:04:53,90182,-0.2941742,-5.0975494,-7.735962
2019-04-08 17:04:53,90201,-1.154892,-5.992981,-9.020462
2019-04-08 17:04:53,90221,-0.7598572,-6.1342316,-9.652527
2019-04-08 17:04:53,90242,1.0932617,-6.943466,-8.800186
2019-04-08 17:04:53,90261,0.9962921,-6.8931885,-8.00531
2019-04-08 17:04:53,90281,-0.44262695,-6.846512,-9.013275
2019-04-08 17:04:53,90302,-0.3839569,-8.973755,-9.668091
2019-04-08 17:04:53,90321,-0.54437256,-10.470139,-10.064331
2019-04-08 17:04:53,90341,0.5162506,-11.345215,-9.990112
2019-04-08 17:04:53,90362,0.4731598,-9.680038,-9.879974
2019-04-08 17:04:53,90381,0.18585205,-8.182465,-9.542389
2019-04-08 17:04:53,90402,-1.5834656,-6.38443,-8.838501
2019-04-08 17:04:53,90421,-2.111374,-5.7511597,-8.147766
2019-04-08 17:04:53,90441,-0.08589172,-7.994522,-7.9358826
2019-04-08 17:04:53,90462,-0.033218384,-9.307739,-8.819336
2019-04-08 17:04:53,90481,-0.53240967,-10.096634,-10.699982
2019-04-08 17:04:53,90502,-0.93821716,-9.624985,-10.447403
2019-04-08 17:04:53,90521,0.48872375,-8.6445465,-7.995743
2019-04-08 17:04:53,90542,1.8905334,-8.687653,-6.921936
2019-04-08 17:04:53,90561,0.71258545,-8.662506,-7.90596
2019-04-08 17:04:53,90582,-1.8300629,-6.816574,-7.4845734
2019-04-08 17:04:53,90602,-1.5307922,-5.5213165,-6.380844
2019-04-08 17:04:53,90621,-0.5084686,-7.079941,-8.380005
2019-04-08 17:04:53,90642,0.24212646,-8.171692,-10.097839
2019-04-08 17:04:53,90661,0.0541687,-8.6445465,-11.642105
2019-04-08 17:04:53,90682,0.036224365,-7.19606,-10.2798
2019-04-08 17:04:53,90701,0.6060333,-6.550827,-8.55838
2019-04-08 17:04:53,90722,0.2768402,-6.704056,-9.062347
2019-04-08 17:04:53,90741,0.20620728,-7.2882385,-9.523239
2019-04-08 17:04:53,90762,-0.0655365,-6.3556976,-8.710403
2019-04-08 17:04:53,90781,-0.624588,-4.811432,-8.510498
2019-04-08 17:04:53,90802,-1.2997437,-4.5049744,-8.454224
2019-04-08 17:04:53,90821,-1.7953491,-3.8729095,-8.994125
2019-04-08 17:04:53,90842,-1.3979034,-2.5094147,-8.721176
2019-04-08 17:04:53,90861,-1.0256042,-3.4096375,-10.292969
2019-04-08 17:04:53,90881,-0.65330505,-3.2276764,-10.27861
2019-04-08 17:04:53,90902,-2.1808167,-2.0461273,-9.44902
2019-04-08 17:04:53,90921,-0.8604126,-3.032547,-8.067566
2019-04-08 17:04:53,90942,-1.277008,-1.581665,-8.563156
2019-04-08 17:04:54,90961,-1.5954285,0.21040344,-8.561966
2019-04-08 17:04:54,90981,-3.182785,0.44622803,-7.372055
2019-04-08 17:04:54,91002,-1.0411682,0.7969818,-2.7524414
2019-04-08 17:04:54,91021,-1.4924774,0.32054138,-4.047699
2019-04-08 17:04:54,91041,-3.1935577,1.8025513,-3.6275177
2019-04-08 17:04:54,91062,-3.5491028,2.659668,-5.3178253
2019-04-08 17:04:54,91081,-2.0012512,1.9725342,-7.5408325
2019-04-08 17:04:54,91101,-2.209549,0.7646637,-8.535629
2019-04-08 17:04:54,91122,-0.29179382,-1.5122223,-7.1996613
2019-04-08 17:04:54,91141,-1.4673462,-1.9443817,-7.1170654
2019-04-08 17:04:54,91161,-2.363968,-2.1933746,-7.542038
2019-04-08 17:04:54,91182,-2.6476746,-0.63116455,-8.33931
2019-04-08 17:04:54,91201,-1.1273651,-0.3223114,-7.8963776
2019-04-08 17:04:54,91221,0.15711975,-2.2161255,-9.343674
2019-04-08 17:04:54,91242,1.1950073,-5.2519684,-6.851303
2019-04-08 17:04:54,91262,-0.7371063,-6.3904114,-6.5328827
2019-04-08 17:04:54,91281,-1.9820862,-5.029312,-10.292969
2019-04-08 17:04:54,91302,-0.3516388,-4.776718,-10.646118
2019-04-08 17:04:54,91322,1.5038605,-6.3185883,-9.647736
2019-04-08 17:04:54,91341,1.2357178,-8.93306,-9.470566
2019-04-08 17:04:54,91362,-0.3336792,-10.227127,-10.53598
2019-04-08 17:04:54,91381,-0.21157837,-9.492096,-11.01004
2019-04-08 17:04:54,91402,0.5054779,-8.971359,-10.933426
2019-04-08 17:04:54,91422,0.6994171,-8.724762,-8.682877
2019-04-08 17:04:54,91441,-0.5647278,-7.8544617,-6.9087677
2019-04-08 17:04:54,91462,-0.37557983,-7.6677246,-7.2834625
2019-04-08 17:04:54,91481,0.52583313,-7.646164,-8.510498
2019-04-08 17:04:54,91502,0.54618835,-7.218811,-10.365997
2019-04-08 17:04:54,91521,0.12121582,-8.510483,-11.607391
2019-04-08 17:04:54,91542,-1.000473,-9.670471,-11.4062805
2019-04-08 17:04:54,91561,-0.61260986,-9.361618,-10.343246
2019-04-08 17:04:54,91582,0.18466187,-9.639343,-9.568726
2019-04-08 17:04:54,91602,0.031433105,-9.803345,-8.115448
2019-04-08 17:04:54,91621,-0.015258789,-8.056778,-6.9327087
2019-04-08 17:04:54,91641,-0.17567444,-7.3073883,-6.7806854
2019-04-08 17:04:54,91661,-0.6856384,-8.107056,-7.648575
2019-04-08 17:04:54,91682,-0.4306488,-8.834885,-8.962997
2019-04-08 17:04:54,91701,-0.76942444,-7.474991,-9.042007
2019-04-08 17:04:54,91721,-0.4486084,-5.6517944,-7.921524
2019-04-08 17:04:54,91742,-0.82928467,-5.2639465,-8.10228
2019-04-08 17:04:54,91761,0.16311646,-6.420334,-9.753082
2019-04-08 17:04:54,91781,0.5665283,-9.292191,-13.211502
2019-04-08 17:04:54,91802,0.17149353,-8.833694,-10.996872
2019-04-08 17:04:54,91821,0.4827423,-5.6170807,-8.293808
2019-04-08 17:04:54,91842,1.0513611,-6.176132,-9.827301
2019-04-08 17:04:54,91861,-0.5766907,-6.5376587,-11.093842
2019-04-08 17:04:54,91881,-1.174057,-5.1777496,-8.57872
2019-04-08 17:04:54,91902,-1.0292053,-3.2324524,-9.056366
2019-04-08 17:04:54,91921,-0.6437378,-3.661026,-7.5552063
2019-04-08 17:04:54,91941,-0.5288086,-3.9519196,-7.443878
2019-04-08 17:04:55,91961,-1.4194489,-2.8996582,-8.256699
2019-04-08 17:04:55,91982,-3.1025848,1.0771027,-8.723572
2019-04-08 17:04:55,92001,-2.933792,-0.45159912,-8.552383
2019-04-08 17:04:55,92022,-0.4988861,-3.886078,-6.960251
2019-04-08 17:04:55,92041,-1.7354889,-0.5174408,-10.156509
2019-04-08 17:04:55,92061,-1.178833,0.9885254,-8.148972
2019-04-08 17:04:55,92082,-1.9449768,-0.83706665,-6.1450195
2019-04-08 17:04:55,92101,-1.1034241,1.0375977,-3.7137146
2019-04-08 17:04:55,92122,-2.2478485,1.129776,-4.099167
2019-04-08 17:04:55,92142,-2.1018066,0.48214722,-4.7264557
2019-04-08 17:04:55,92161,-3.2414398,1.4254608,-5.3668976
2019-04-08 17:04:55,92182,-3.3192596,2.9074707,-6.0863647
2019-04-08 17:04:55,92201,-0.18045044,2.0754852,-8.907928
2019-04-08 17:04:55,92222,1.5194244,-2.0664825,-6.909973
2019-04-08 17:04:55,92242,-1.3931274,-2.7703857,-9.419098
2019-04-08 17:04:55,92261,-2.6716309,-1.1938019,-9.360428
2019-04-08 17:04:55,92282,-1.1141968,-0.9795227,-10.012848
2019-04-08 17:04:55,92301,0.28163147,-2.906845,-7.6162567
2019-04-08 17:04:55,92322,-0.47853088,-4.2236633,-7.25473
2019-04-08 17:04:55,92341,-1.6349335,-4.8210144,-9.7734375
2019-04-08 17:04:55,92362,-0.45458984,-6.4299164,-8.283035
2019-04-08 17:04:55,92381,-0.27981567,-7.3397064,-8.459015
2019-04-08 17:04:55,92402,-0.39593506,-6.1067047,-9.201218
2019-04-08 17:04:55,92421,0.1978302,-6.099518,-8.749908
2019-04-08 17:04:55,92441,0.1978302,-6.631027,-8.858841
2019-04-08 17:04:55,92462,0.7772217,-8.053192,-9.549576
2019-04-08 17:04:55,92481,0.14276123,-8.715179,-8.32254
2019-04-08 17:04:55,92502,-0.4091034,-8.657715,-8.376419
2019-04-08 17:04:55,92521,-0.30256653,-9.050369,-9.270645
2019-04-08 17:04:55,92542,0.036224365,-9.477737,-10.065521
2019-04-08 17:04:55,92561,-0.5204315,-9.052765,-10.447403
2019-04-08 17:04:55,92582,-0.33607483,-9.751877,-10.167282
2019-04-08 17:04:55,92601,-1.2506714,-7.389984,-9.356842
2019-04-08 17:04:55,92621,-1.3583984,-6.425125,-9.401138
2019-04-08 17:04:55,92642,-0.1565094,-8.412308,-9.574707
2019-04-08 17:04:55,92661,0.038619995,-10.468933,-9.372406
2019-04-08 17:04:55,92681,-0.8328705,-8.405136,-8.601471
2019-04-08 17:04:55,92702,-0.02961731,-7.143387,-7.0739746
2019-04-08 17:04:55,92721,-0.028427124,-8.5811,-7.265503
2019-04-08 17:04:55,92741,0.055374146,-10.118179,-7.7383575
2019-04-08 17:04:55,92761,0.59407043,-10.363586,-9.921875
2019-04-08 17:04:55,92781,-0.46417236,-8.339294,-10.863998
2019-04-08 17:04:55,92802,-0.6832428,-6.528076,-9.373596
2019-04-08 17:04:55,92821,-0.47973633,-5.9079742,-7.507324
2019-04-08 17:04:55,92841,-0.5934601,-6.3880157,-7.755127
2019-04-08 17:04:55,92862,-0.6664734,-6.423935,-8.504501
2019-04-08 17:04:55,92881,-0.4809265,-6.298233,-9.437042
2019-04-08 17:04:55,92901,-0.24989319,-6.20726,-9.725555
2019-04-08 17:04:55,92922,0.030227661,-7.0236816,-9.875183
2019-04-08 17:04:55,92941,0.1583252,-6.097122,-10.929825
2019-04-08 17:04:56,92962,0.36662292,-4.8222046,-9.954193
2019-04-08 17:04:56,92981,-1.139328,-3.9016418,-10.622177
2019-04-08 17:04:56,93002,-1.3356628,-3.5054016,-9.207199
2019-04-08 17:04:56,93021,-0.6976013,-5.582367,-7.6557617
2019-04-08 17:04:56,93042,-1.5056458,-5.716446,-8.767868
2019-04-08 17:04:56,93061,-0.5886688,-3.0313416,-7.8089905
2019-04-08 17:04:56,93082,-3.668808,2.747055,-7.972992
2019-04-08 17:04:56,93101,-2.1580658,0.036819458,-6.9315186
2019-04-08 17:04:56,93122,-0.27742004,-2.3537903,-7.9478607
2019-04-08 17:04:56,93141,-1.5822601,0.3815918,-8.990524
2019-04-08 17:04:56,93162,-1.9952545,0.8915558,-9.180862
2019-04-08 17:04:56,93181,-0.85801697,-1.076477,-7.1326294
2019-04-08 17:04:56,93201,-0.5743103,0.15414429,-4.495407
2019-04-08 17:04:56,93222,-2.9421692,0.7478943,-2.5441437
2019-04-08 17:04:56,93241,-3.826828,2.9110565,-3.6730042
2019-04-08 17:04:56,93262,-2.269394,2.7829742,-6.431122
2019-04-08 17:04:56,93281,-0.1565094,-0.08409119,-5.4566803
2019-04-08 17:04:56,93301,-1.9210358,-2.3274536,-9.613022
2019-04-08 17:04:56,93322,-1.8970947,-1.791153,-10.739487
2019-04-08 17:04:56,93341,-0.6868286,-1.2835846,-9.159317
2019-04-08 17:04:56,93361,-1.0076599,-1.7827759,-7.9825745
2019-04-08 17:04:56,93382,-1.8635864,-3.1965485,-9.135376
2019-04-08 17:04:56,93401,-0.23312378,-4.332596,-7.1398163
2019-04-08 17:04:56,93421,-0.13496399,-4.6677856,-7.4426727
2019-04-08 17:04:56,93442,0.09967041,-4.0069885,-9.2491
2019-04-08 17:04:56,93461,0.77363586,-5.1466217,-7.143402
2019-04-08 17:04:56,93481,-1.0699005,-5.4746246,-7.5001373
2019-04-08 17:04:56,93502,-1.0890503,-4.5720215,-9.754272
2019-04-08 17:04:56,93521,0.08769226,-5.4662476,-8.816956
2019-04-08 17:04:56,93541,0.99868774,-8.377594,-10.635345
2019-04-08 17:04:56,93562,0.97953796,-11.518799,-11.456558
2019-04-08 17:04:56,93581,0.6215973,-11.587021,-9.642944
2019-04-08 17:04:56,93601,-0.17327881,-10.188812,-9.917084
2019-04-08 17:04:56,93622,0.43605042,-11.281769,-10.13974
2019-04-08 17:04:56,93641,0.1798706,-11.330841,-10.507248
2019-04-08 17:04:56,93661,-0.79815674,-9.021637,-9.013275
2019-04-08 17:04:56,93682,-1.6373291,-6.807007,-8.001724
2019-04-08 17:04:56,93701,-1.1070099,-6.499344,-7.916733
2019-04-08 17:04:56,93721,-0.8209076,-6.3006287,-8.502106
2019-04-08 17:04:56,93742,-0.093063354,-7.752716,-9.375992
2019-04-08 17:04:56,93761,-0.32051086,-8.940231,-10.433029
2019-04-08 17:04:56,93782,-1.0591278,-9.043182,-9.159317
2019-04-08 17:04:56,93801,0.45401,-7.5695496,-7.1601562
2019-04-08 17:04:56,93822,0.9998779,-7.816162,-7.9346924
2019-04-08 17:04:56,93841,-0.023635864,-9.635757,-8.345291
2019-04-08 17:04:56,93862,-0.8400574,-8.9953,-8.570343
2019-04-08 17:04:56,93882,-0.68922424,-7.492935,-9.031235
2019-04-08 17:04:56,93901,0.14755249,-7.2642975,-9.018066
2019-04-08 17:04:56,93922,-0.19482422,-6.3317566,-8.423096
2019-04-08 17:04:56,93941,-0.6760559,-5.216049,-8.24115
2019-04-08 17:04:57,93961,-0.5084686,-4.9084015,-8.128616
2019-04-08 17:04:57,93982,0.024246216,-5.657791,-9.494507
2019-04-08 17:04:57,94001,0.40133667,-7.024872,-11.124954
2019-04-08 17:04:57,94022,0.90171814,-7.574341,-9.301773
2019-04-08 17:04:57,94041,0.18945312,-6.025299,-9.725555
2019-04-08 17:04:57,94061,-0.042785645,-4.4187927,-9.949402
2019-04-08 17:04:57,94082,-1.0112457,-5.668564,-11.52359
2019-04-08 17:04:57,94101,-0.74668884,-5.3273926,-11.067505
2019-04-08 17:04:57,94122,-0.40431213,-4.186554,-8.605057
2019-04-08 17:04:57,94141,-0.60302734,-4.672577,-8.526047
2019-04-08 17:04:57,94162,-0.19482422,-3.2923126,-7.8963776
2019-04-08 17:04:57,94181,-2.1820068,1.2770233,-6.862076
2019-04-08 17:04:57,94201,-2.2011566,-0.17745972,-7.138611
2019-04-08 17:04:57,94222,-1.8456268,-0.34864807,-8.958206
2019-04-08 17:04:57,94241,-1.846817,0.06913757,-8.468597
2019-04-08 17:04:57,94261,-1.1333466,-0.4922943,-4.7144775
2019-04-08 17:04:57,94282,-1.1860199,0.82092285,-6.372467
2019-04-08 17:04:57,94301,-2.4741058,1.5008698,-4.9862213
2019-04-08 17:04:57,94321,-2.688385,1.2434998,-6.5747833
2019-04-08 17:04:57,94342,-3.7777405,1.1429443,-5.8206024
2019-04-08 17:04:57,94361,-3.230667,0.3815918,-7.5959015
2019-04-08 17:04:57,94381,-1.163269,-1.0106354,-7.464218
2019-04-08 17:04:57,94402,-1.5942383,-0.39292908,-7.7144165
2019-04-08 17:04:57,94421,-1.1261597,-0.11880493,-7.6713257
2019-04-08 17:04:57,94441,-1.9102631,0.37321472,-9.748291
2019-04-08 17:04:57,94462,-1.3835449,0.14935303,-9.013275
2019-04-08 17:04:57,94481,-0.0368042,-3.2552032,-8.324936
2019-04-08 17:04:57,94501,-0.70358276,-5.0855713,-9.09108
2019-04-08 17:04:57,94522,-0.028427124,-5.7355957,-8.866028
2019-04-08 17:04:57,94541,0.16191101,-4.0704346,-9.967361
2019-04-08 17:04:57,94561,0.82870483,-3.645462,-8.213608
2019-04-08 17:04:57,94582,-0.4019165,-4.419983,-7.455841
2019-04-08 17:04:57,94601,-1.3835449,-5.8337555,-9.135376
2019-04-08 17:04:57,94622,0.6287842,-7.8053894,-9.209595
2019-04-08 17:04:57,94641,1.1878357,-8.267471,-8.970184
2019-04-08 17:04:57,94662,0.43963623,-8.18367,-10.122986
2019-04-08 17:04:57,94681,-0.37557983,-9.294571,-10.576691
2019-04-08 17:04:57,94702,-0.010467529,-8.887558,-8.151367
2019-04-08 17:04:57,94721,0.2708435,-8.918686,-8.195648
2019-04-08 17:04:57,94742,0.2995758,-9.186844,-8.825333
2019-04-08 17:04:57,94761,-0.11581421,-9.279022,-9.384369
2019-04-08 17:04:57,94782,-0.506073,-9.334076,-9.925461
2019-04-08 17:04:57,94801,-0.70957947,-8.293808,-9.194031
2019-04-08 17:04:57,94822,-0.629364,-7.3828125,-8.951019
2019-04-08 17:04:57,94841,-0.14215088,-7.9095306,-9.186859
2019-04-08 17:04:57,94862,-0.12658691,-8.188461,-9.465775
2019-04-08 17:04:57,94881,-1.2051697,-8.290207,-9.0503845
2019-04-08 17:04:57,94901,-1.2470703,-6.5615997,-8.728363
2019-04-08 17:04:57,94921,1.8869324,-9.581879,-9.123413
2019-04-08 17:04:57,94941,2.2376862,-13.101364,-11.008835
2019-04-08 17:04:58,94962,0.66708374,-9.204788,-8.794205
2019-04-08 17:04:58,94981,-0.1672821,-7.002136,-6.9674225
2019-04-08 17:04:58,95001,-1.3033447,-6.393997,-5.9822083
2019-04-08 17:04:58,95021,-1.9425964,-6.7938385,-7.8413086
2019-04-08 17:04:58,95042,-2.0419464,-5.8565063,-8.686462
2019-04-08 17:04:58,95061,-1.0938416,-5.626663,-8.693649
2019-04-08 17:04:58,95081,-0.2032013,-5.4806213,-8.071152
2019-04-08 17:04:58,95102,0.45280457,-4.92276,-7.7766724
2019-04-08 17:04:58,95121,0.20262146,-5.0747986,-9.176086
2019-04-08 17:04:58,95141,-0.03919983,-5.293869,-9.7052
2019-04-08 17:04:58,95162,0.48034668,-6.2850647,-11.326065
2019-04-08 17:04:58,95181,-0.06314087,-6.183319,-12.141296
2019-04-08 17:04:58,95201,-0.022445679,-5.2411957,-10.000885
2019-04-08 17:04:58,95222,-0.54078674,-4.5732117,-9.42627
2019-04-08 17:04:58,95241,-0.97055054,-3.5844116,-9.186859
2019-04-08 17:04:58,95261,-0.98132324,-4.6510315,-9.250305
2019-04-08 17:04:58,95282,-0.14933777,-5.044876,-8.901947
2019-04-08 17:04:58,95301,-1.0675049,-1.6989746,-7.5168915
2019-04-08 17:04:58,95321,-2.0958252,-0.3809662,-8.077133
2019-04-08 17:04:58,95342,-1.0375824,0.26786804,-7.6593475
2019-04-08 17:04:58,95361,-1.1165924,-0.44322205,-8.40155
2019-04-08 17:04:58,95382,-2.1377106,0.024856567,-9.379593
2019-04-08 17:04:58,95401,-1.4230499,-0.6551056,-7.0105286
2019-04-08 17:04:58,95421,-1.5379639,-1.0082397,-7.1805115
2019-04-08 17:04:58,95441,-3.3072815,-0.26963806,-5.739197
2019-04-08 17:04:58,95461,-3.4641113,0.27026367,-8.235153
2019-04-08 17:04:58,95482,-4.731827,0.753891,-7.8880005
2019-04-08 17:04:58,95502,-3.2977142,0.67607117,-7.0272827
2019-04-08 17:04:58,95522,-1.2255249,0.14337158,-7.0308685
2019-04-08 17:04:58,95541,-1.8109131,-0.26245117,-6.6909027
2019-04-08 17:04:58,95562,-2.2322845,-0.009857178,-7.7144165
2019-04-08 17:04:58,95581,-0.90948486,-0.49588013,-7.182907
2019-04-08 17:04:58,95602,-0.15771484,-1.4667358,-7.1613617
2019-04-08 17:04:58,95621,-0.5886688,-0.59524536,-9.159317
2019-04-08 17:04:58,95641,-0.332489,-1.1614685,-9.668091
2019-04-08 17:04:58,95662,0.2708435,-3.1378937,-10.412689
2019-04-08 17:04:58,95681,0.12600708,-5.4937897,-7.8975677
2019-04-08 17:04:58,95701,-1.0303955,-4.682144,-7.720398
2019-04-08 17:04:58,95722,-0.88435364,-3.542511,-9.690826
2019-04-08 17:04:58,95741,-0.093063354,-5.250778,-8.441055
2019-04-08 17:04:58,95762,-0.427063,-6.233597,-8.71759
2019-04-08 17:04:58,95781,0.0493927,-7.938263,-11.559509
2019-04-08 17:04:58,95801,0.3761902,-9.07312,-10.528809
2019-04-08 17:04:58,95822,0.5018921,-4.818619,-7.0153046
2019-04-08 17:04:58,95841,0.9603729,-4.060852,-7.3792267
2019-04-08 17:04:58,95862,1.1243896,-7.1050873,-8.318954
2019-04-08 17:04:58,95881,1.3925323,-9.422668,-8.515274
2019-04-08 17:04:58,95901,0.32112122,-10.23909,-8.996521
2019-04-08 17:04:58,95921,-0.105041504,-9.215576,-8.757095
2019-04-08 17:04:58,95942,0.081710815,-8.44104,-9.206009
2019-04-08 17:04:59,95961,-0.095458984,-7.9957275,-9.1892395
2019-04-08 17:04:59,95982,-0.07749939,-9.607025,-9.761459
2019-04-08 17:04:59,96001,-0.4881134,-11.053116,-11.511627
2019-04-08 17:04:59,96021,-1.5619049,-9.970947,-11.265015
2019-04-08 17:04:59,96042,-0.39474487,-10.604202,-8.475769
2019-04-08 17:04:59,96061,0.36541748,-9.978119,-7.349304
2019-04-08 17:04:59,96081,0.30915833,-7.8377075,-7.8101807
2019-04-08 17:04:59,96102,-0.27742004,-6.914749,-7.545624
2019-04-08 17:04:59,96121,-0.04638672,-6.7710876,-6.1414337
2019-04-08 17:04:59,96141,-0.83047485,-6.4670258,-6.0013733
2019-04-08 17:04:59,96162,-0.4414215,-6.4897766,-7.7539215
2019-04-08 17:04:59,96181,0.24810791,-7.167328,-8.502106
2019-04-08 17:04:59,96201,0.22416687,-6.768692,-8.828918
2019-04-08 17:04:59,96222,-0.9262543,-7.041641,-8.97496
2019-04-08 17:04:59,96241,-1.8001404,-5.032898,-9.358032
2019-04-08 17:04:59,96262,1.2153625,-6.807007,-8.293808
2019-04-08 17:04:59,96281,-0.35882568,-8.390762,-9.300583
2019-04-08 17:04:59,96302,-1.2698212,-6.451462,-10.476135
2019-04-08 17:04:59,96321,0.2086029,-5.08078,-9.059967
2019-04-08 17:04:59,96342,0.75209045,-6.2611237,-8.588303
2019-04-08 17:04:59,96362,-0.3217163,-7.0548096,-10.100235
2019-04-08 17:04:59,96381,-0.45458984,-5.2759094,-9.701599
2019-04-08 17:04:59,96402,0.5557556,-3.005005,-8.056793
2019-04-08 17:04:59,96421,-0.5539551,-3.2516174,-9.23114
2019-04-08 17:04:59,96442,-0.60302734,-3.7735443,-10.002075
2019-04-08 17:04:59,96461,-0.34924316,-4.622299,-10.880753
2019-04-08 17:04:59,96482,-0.9657593,-4.108734,-9.7435
2019-04-08 17:04:59,96501,-0.6916199,-4.3433685,-8.133408
2019-04-08 17:04:59,96522,-0.14813232,-5.9367065,-8.71759
2019-04-08 17:04:59,96541,-2.901474,2.103012,-7.8329315
2019-04-08 17:04:59,96561,-2.9313965,0.30377197,-7.8245544
2019-04-08 17:04:59,96582,-1.8456268,-1.9599457,-8.533234
2019-04-08 17:04:59,96601,-2.2945404,-0.13316345,-9.859619
2019-04-08 17:04:59,96622,-2.3304443,-0.92684937,-8.576324
2019-04-08 17:04:59,96641,-0.6353607,-2.5549011,-8.280655
2019-04-08 17:04:59,96661,-3.7430267,0.2989807,-7.9310913
2019-04-08 17:04:59,96682,-3.2282715,-0.3151245,-6.9243317
2019-04-08 17:04:59,96701,-2.7614136,0.8520508,-8.365646
2019-04-08 17:04:59,96721,-4.317642,0.45820618,-6.930313
2019-04-08 17:04:59,96742,0.7257538,-2.9044495,-6.506546
2019-04-08 17:04:59,96761,-2.4693146,0.7550812,-7.6665344
2019-04-08 17:04:59,96781,-1.6397247,3.070282,-6.489792
2019-04-08 17:04:59,96802,0.76286316,0.38876343,-4.4295807
2019-04-08 17:04:59,96821,-1.312912,-1.3554077,-7.479782
2019-04-08 17:04:59,96841,-1.9880829,-1.0872498,-7.7048492
2019-04-08 17:04:59,96862,-0.466568,0.7945862,-6.6513977
2019-04-08 17:04:59,96881,-0.3444519,1.4362335,-13.356354
2019-04-08 17:04:59,96902,-0.035614014,-1.6510925,-11.900681
2019-04-08 17:04:59,96921,-1.9940643,-7.78743,-9.720764
2019-04-08 17:04:59,96941,-0.50367737,-6.356888,-9.993698
2019-04-08 17:05:00,96961,-0.76104736,-4.3421783,-7.6797028
2019-04-08 17:05:00,96982,1.3709869,-7.587509,-11.148895
2019-04-08 17:05:00,97001,-1.1932068,-8.448227,-10.207977
2019-04-08 17:05:00,97021,-0.73831177,-6.930298,-9.789001
2019-04-08 17:05:00,97042,-0.44023132,-6.6214447,-6.7902527
2019-04-08 17:05:00,97061,-0.32530212,-5.9355164,-6.5484467
2019-04-08 17:05:00,97081,0.10684204,-4.9562836,-7.7347717
2019-04-08 17:05:00,97101,1.4308472,-7.641388,-8.547607
2019-04-08 17:05:00,97122,0.064941406,-8.227966,-7.84729
2019-04-08 17:05:00,97141,-0.3899536,-7.1529694,-9.246704
2019-04-08 17:05:00,97162,0.15472412,-7.8688354,-8.563156
2019-04-08 17:05:00,97181,0.19543457,-8.366821,-8.449432
2019-04-08 17:05:00,97202,-0.23912048,-9.465759,-9.860825
2019-04-08 17:05:00,97221,-0.332489,-10.325287,-10.261856
2019-04-08 17:05:00,97242,-0.28819275,-9.142548,-8.864838
2019-04-08 17:05:00,97261,-0.14933777,-9.156906,-8.097488
2019-04-08 17:05:00,97282,-0.100250244,-9.289795,-8.158539
2019-04-08 17:05:00,97301,-0.7837982,-9.010864,-8.709213
2019-04-08 17:05:00,97321,-0.99568176,-7.586319,-8.275864
2019-04-08 17:05:00,97342,0.2086029,-7.7742615,-7.395996
2019-04-08 17:05:00,97361,-0.5886688,-7.206833,-8.352478
2019-04-08 17:05:00,97382,-1.0507507,-6.2886505,-6.896805
2019-04-08 17:05:00,97401,0.7891998,-7.8221436,-6.182129
2019-04-08 17:05:00,97421,0.2768402,-7.680893,-7.8556824
2019-04-08 17:05:00,97441,-0.071517944,-6.6561737,-9.287415
2019-04-08 17:05:00,97462,0.14994812,-7.961014,-9.719559
2019-04-08 17:05:00,97481,0.06375122,-7.745529,-9.651321
2019-04-08 17:05:00,97501,-1.3141174,-7.70842,-10.072708
2019-04-08 17:05:00,97521,0.9100952,-7.1769104,-9.317337
2019-04-08 17:05:00,97542,1.4547882,-6.6477814,-9.135376
2019-04-08 17:05:00,97561,-0.19242859,-6.0073395,-7.9275055
2019-04-08 17:05:00,97581,-0.7490845,-5.547653,-8.391983
2019-04-08 17:05:00,97601,0.61561584,-6.209656,-10.290573
2019-04-08 17:05:00,97622,-0.13496399,-5.7595367,-8.87561
2019-04-08 17:05:00,97641,-1.4206543,-3.9878235,-7.7383575
2019-04-08 17:05:00,97661,-0.06793213,-4.017761,-7.9119415
2019-04-08 17:05:00,97681,0.61680603,-5.5129395,-9.097076
2019-04-08 17:05:00,97702,-0.82928467,-5.4650574,-9.598648
2019-04-08 17:05:00,97721,-1.2530518,-4.3864594,-9.409515
2019-04-08 17:05:00,97741,-1.6564789,-3.0313416,-10.683228
2019-04-08 17:05:00,97762,-0.9621582,-3.455124,-12.03595
2019-04-08 17:05:00,97781,0.3761902,-6.155777,-8.761887
2019-04-08 17:05:00,97801,-0.7371063,-6.5891266,-9.888351
2019-04-08 17:05:00,97822,-0.56233215,-4.1099396,-6.9351044
2019-04-08 17:05:00,97841,-3.7897186,1.074707,-9.215576
2019-04-08 17:05:00,97862,-3.3013,1.2518768,-8.89357
2019-04-08 17:05:00,97881,-2.521988,-2.515396,-10.476135
2019-04-08 17:05:00,97902,-0.2822113,-4.361328,-6.094742
2019-04-08 17:05:00,97921,-3.3312225,0.29779053,-7.854477
2019-04-08 17:05:00,97942,-3.1600342,0.27145386,-7.138611
2019-04-08 17:05:01,97961,-2.3496094,0.3241272,-7.162552
2019-04-08 17:05:01,97981,-1.6900024,2.1556854,-8.455429
2019-04-08 17:05:01,98001,-1.7091522,0.79219055,-8.600281
2019-04-08 17:05:01,98022,-2.523178,-1.8557892,-8.485352
2019-04-08 17:05:01,98041,-2.6776123,-1.5648956,-8.255508
2019-04-08 17:05:01,98062,-5.5243073,0.7897949,-10.866379
2019-04-08 17:05:01,98081,-1.6708527,1.5834808,-9.957779
2019-04-08 17:05:01,98102,0.7006073,-1.5457458,-7.4606323
2019-04-08 17:05:01,98121,-1.0926514,-3.1378937,-7.949051
2019-04-08 17:05:01,98142,-3.387497,-0.87657166,-9.020462
2019-04-08 17:05:01,98161,-2.7135162,0.9346466,-8.028061
2019-04-08 17:05:01,98181,-0.8436432,0.46658325,-7.921524
2019-04-08 17:05:01,98202,0.29240417,-1.0585175,-8.213608
2019-04-08 17:05:01,98221,-0.14933777,-2.700943,-7.8365173
2019-04-08 17:05:01,98241,-0.60302734,-3.5844116,-9.099457
2019-04-08 17:05:01,98261,-1.0040588,-3.305481,-8.160934
2019-04-08 17:05:01,98282,-2.2753906,-3.5676422,-8.860046
2019-04-08 17:05:01,98301,-1.4015045,-3.7938995,-10.036789
2019-04-08 17:05:01,98321,-0.4845276,-5.132263,-8.832504
2019-04-08 17:05:01,98341,0.084106445,-5.8936157,-10.842438
2019-04-08 17:05:01,98361,0.0541687,-5.9678345,-9.973343
2019-04-08 17:05:01,98382,-0.69999695,-6.9721985,-9.516052
2019-04-08 17:05:01,98401,0.28640747,-6.9051666,-9.596268
2019-04-08 17:05:01,98421,0.65512085,-6.822571,-8.025665
2019-04-08 17:05:01,98442,1.3494415,-6.756729,-8.742722
2019-04-08 17:05:01,98461,1.2033844,-7.7970123,-8.183685
2019-04-08 17:05:01,98481,-0.36480713,-7.5180817,-6.6118927
2019-04-08 17:05:01,98501,-0.50367737,-6.353302,-7.4127502
2019-04-08 17:05:01,98522,-0.42945862,-7.314575,-8.965393
2019-04-08 17:05:01,98541,-0.44740295,-8.7235565,-9.4813385
2019-04-08 17:05:01,98561,-0.30615234,-9.471756,-8.952225
2019-04-08 17:05:01,98582,-0.3289032,-9.553146,-9.111435
2019-04-08 17:05:01,98601,-0.6580963,-8.979736,-8.941452
2019-04-08 17:05:01,98621,-0.081100464,-9.196411,-8.491333
2019-04-08 17:05:01,98642,-0.21038818,-8.790604,-7.265503
2019-04-08 17:05:01,98661,-1.3703766,-8.239929,-7.19368
2019-04-08 17:05:01,98681,-1.2003937,-7.785034,-6.957855
2019-04-08 17:05:01,98702,-0.08229065,-7.9753723,-7.440277
2019-04-08 17:05:01,98721,0.4767456,-8.491318,-8.618225
2019-04-08 17:05:01,98742,-0.16369629,-8.794189,-9.683655
2019-04-08 17:05:01,98761,-0.64971924,-8.225571,-9.4418335
2019-04-08 17:05:01,98782,0.57969666,-7.393585,-7.977783
2019-04-08 17:05:01,98801,1.6594849,-7.077545,-6.8082123
2019-04-08 17:05:01,98822,1.2596588,-6.8261566,-6.5831604
2019-04-08 17:05:01,98841,0.07572937,-6.559204,-7.170929
2019-04-08 17:05:01,98862,-0.49769592,-6.988968,-7.8724365
2019-04-08 17:05:01,98881,-0.38516235,-6.546036,-7.92511
2019-04-08 17:05:01,98902,-0.9897003,-5.526108,-8.41832
2019-04-08 17:05:01,98921,-1.5032501,-6.408371,-8.798996
2019-04-08 17:05:01,98942,-0.03201294,-7.2367554,-8.840897
2019-04-08 17:05:02,98961,-0.26904297,-6.1821136,-8.7140045
2019-04-08 17:05:02,98982,-1.5750732,-5.614685,-8.364441
2019-04-08 17:05:02,99001,-0.59225464,-6.78067,-8.968979
2019-04-08 17:05:02,99021,-0.8328705,-6.9961395,-11.224319
2019-04-08 17:05:02,99042,-1.1213837,-5.174164,-9.614212
2019-04-08 17:05:02,99061,0.13557434,-4.8042603,-8.087921
2019-04-08 17:05:02,99082,0.18585205,-5.0041656,-7.7216034
2019-04-08 17:05:02,99101,-0.41508484,-3.981842,-7.7539215
2019-04-08 17:05:02,99121,-0.6904144,-4.266754,-7.8532867
2019-04-08 17:05:02,99142,-1.1297607,-4.238022,-8.542816
2019-04-08 17:05:02,99161,-1.2829895,-3.8453827,-10.326492
2019-04-08 17:05:02,99181,0.124801636,-4.2152863,-10.725128
2019-04-08 17:05:02,99202,0.924469,-5.2196503,-10.421066
2019-04-08 17:05:02,99222,0.39535522,-3.7711487,-9.853638
2019-04-08 17:05:02,99241,-0.84484863,-1.894104,-9.725555
2019-04-08 17:05:02,99261,-2.0239868,-2.5441284,-11.554718
2019-04-08 17:05:02,99282,-2.1592712,-3.0816193,-10.026016
2019-04-08 17:05:02,99301,-2.7159119,-0.6658783,-9.937439
2019-04-08 17:05:02,99321,-1.541565,-2.4926453,-8.581116
2019-04-08 17:05:02,99342,-1.7306976,-2.9906464,-8.63858
2019-04-08 17:05:02,99361,-1.9976501,-2.1407013,-7.3457184
2019-04-08 17:05:02,99381,-2.545929,-0.44799805,-7.020096
2019-04-08 17:05:02,99402,-1.7319031,-0.020645142,-7.033264
2019-04-08 17:05:02,99421,-1.9449768,0.94662476,-6.9590454
2019-04-08 17:05:02,99442,-3.3384094,1.6469269,-6.0300903
2019-04-08 17:05:02,99461,-3.9070282,2.5184174,-8.642166
2019-04-08 17:05:02,99481,-3.1049805,0.6557312,-8.691254
2019-04-08 17:05:02,99502,-0.9825134,-1.0621185,-9.798569
2019-04-08 17:05:02,99521,-2.7314758,-0.038589478,-10.197205
2019-04-08 17:05:02,99541,-1.4098816,-1.997055,-9.245514
2019-04-08 17:05:02,99562,-2.6081848,-0.8226929,-8.658936
2019-04-08 17:05:02,99581,-1.3488312,0.20202637,-8.06517
2019-04-08 17:05:02,99602,-0.9011078,-0.38575745,-7.6581573
2019-04-08 17:05:02,99622,-1.1752472,-1.4799042,-8.541611
2019-04-08 17:05:02,99641,-1.8671722,-1.2512512,-9.316147
2019-04-08 17:05:02,99662,-1.2913666,-0.86698914,-9.17009
2019-04-08 17:05:02,99682,-0.7407074,-0.5246124,-8.733154
2019-04-08 17:05:02,99701,-1.3440399,-0.77001953,-8.463806
2019-04-08 17:05:02,99722,-1.1644745,-2.538147,-8.357269
2019-04-08 17:05:02,99741,-0.3121338,-3.7903137,-8.863632
2019-04-08 17:05:02,99762,0.060165405,-4.004593,-9.410706
2019-04-08 17:05:02,99781,-0.24151611,-3.293518,-7.8125763
2019-04-08 17:05:02,99802,-0.60902405,-2.8553772,-9.352051
2019-04-08 17:05:02,99821,-0.1625061,-4.005783,-9.092285
2019-04-08 17:05:02,99841,-0.020050049,-6.0707855,-8.6792755
2019-04-08 17:05:02,99862,-0.46896362,-6.6130676,-10.434235
2019-04-08 17:05:02,99881,-0.34684753,-7.1709137,-10.017639
2019-04-08 17:05:02,99902,-0.31452942,-6.633423,-8.436264
2019-04-08 17:05:02,99921,-1.0196228,-4.799469,-6.5209045
2019-04-08 17:05:02,99941,-0.008071899,-4.803055,-7.293045
2019-04-08 17:05:03,99961,0.45040894,-8.038818,-10.93222
2019-04-08 17:05:03,99982,-0.28460693,-9.541183,-10.722733
2019-04-08 17:05:03,100001,-0.253479,-7.7395477,-7.0775604
2019-04-08 17:05:03,100021,-1.0639191,-5.977417,-7.6114655
2019-04-08 17:05:03,100042,1.5709076,-7.479767,-7.9071503
2019-04-08 17:05:03,100061,0.766449,-7.3552704,-6.925522
2019-04-08 17:05:03,100081,-0.75027466,-8.093887,-8.244736
2019-04-08 17:05:03,100102,-1.0447693,-9.5651245,-9.429871
2019-04-08 17:05:03,100121,-0.23072815,-9.96376,-8.791809
2019-04-08 17:05:03,100141,-0.8101349,-7.871231,-7.58873
2019-04-08 17:05:03,100161,-0.8244934,-7.277466,-6.8573
2019-04-08 17:05:03,100181,-1.2674255,-7.1026917,-7.288254
2019-04-08 17:05:03,100201,0.5318146,-9.117401,-8.369232
2019-04-08 17:05:03,100222,-0.20080566,-11.269791,-9.443039
2019-04-08 17:05:03,100241,-1.5942383,-8.151352,-7.696457
2019-04-08 17:05:03,100261,-0.1230011,-5.9247437,-7.3038177
2019-04-08 17:05:03,100282,0.845459,-7.325348,-7.45105
2019-04-08 17:05:03,100301,0.096069336,-8.208801,-7.76709
2019-04-08 17:05:03,100321,-0.49169922,-8.286621,-8.937851
2019-04-08 17:05:03,100341,-0.5683136,-7.424713,-8.669708
2019-04-08 17:05:03,100361,0.03501892,-6.274292,-7.032074
2019-04-08 17:05:03,100382,0.8694,-7.7898254,-6.4215546
2019-04-08 17:05:03,100401,-0.08589172,-7.5647736,-6.427536
2019-04-08 17:05:03,100422,-1.6720428,-6.1809235,-8.299805
2019-04-08 17:05:03,100441,-1.0279999,-5.4782257,-9.707596
2019-04-08 17:05:03,100462,-8.8500977E-4,-6.871643,-9.605835
2019-04-08 17:05:03,100482,-0.55874634,-6.803406,-8.994125
2019-04-08 17:05:03,100501,-0.035614014,-6.4454803,-8.38121
2019-04-08 17:05:03,100522,0.15234375,-6.1569824,-7.8413086
2019-04-08 17:05:03,100541,-1.150116,-5.9726257,-8.017288
2019-04-08 17:05:03,100562,-1.5535278,-6.164154,-9.672882
2019-04-08 17:05:03,100581,-0.668869,-6.457443,-10.253464
2019-04-08 17:05:03,100602,-0.14694214,-6.0276947,-9.446625
2019-04-08 17:05:03,100621,-0.7778168,-5.388443,-9.047989
2019-04-08 17:05:03,100641,-0.14334106,-5.6122894,-8.7187805
2019-04-08 17:05:03,100661,-1.4517822,-5.424347,-10.011658
2019-04-08 17:05:03,100681,-1.4194489,-4.277527,-9.395142
2019-04-08 17:05:03,100702,-1.4481812,-3.511383,-8.929474
2019-04-08 17:05:03,100721,-0.6976013,-3.3988495,-8.053192
2019-04-08 17:05:03,100741,0.20739746,-4.550461,-8.845673
2019-04-08 17:05:03,100762,-1.6792297,-3.3306274,-9.761459
2019-04-08 17:05:03,100781,-2.2406616,-2.37294,-9.1054535
2019-04-08 17:05:03,100802,-1.6265564,-2.7141113,-9.634567
2019-04-08 17:05:03,100821,-0.91667175,-3.1438751,-9.173691
2019-04-08 17:05:03,100842,-0.73591614,-3.5137787,-9.48732
2019-04-08 17:05:03,100861,-3.577835,-3.863327,-10.275024
2019-04-08 17:05:03,100881,-1.9198456,0.8448639,-8.848068
2019-04-08 17:05:03,100902,-1.5786743,-2.0844421,-8.870819
2019-04-08 17:05:03,100921,-1.1405334,-0.8394623,-9.457397
2019-04-08 17:05:03,100941,-2.657257,0.43545532,-8.857651
2019-04-08 17:05:04,100962,-2.7925262,-0.19900513,-8.169312
2019-04-08 17:05:04,100981,-1.6469116,-0.9196625,-6.945877
2019-04-08 17:05:04,101001,-2.1820068,-0.57369995,-6.2359924
2019-04-08 17:05:04,101022,-2.0886383,-0.84783936,-4.774338
2019-04-08 17:05:04,101041,-4.4098206,2.6369324,-9.128189
2019-04-08 17:05:04,101062,-3.182785,2.683609,-10.492889
2019-04-08 17:05:04,101081,0.5437927,-1.2931519,-8.385986
2019-04-08 17:05:04,101101,-2.3783264,-1.894104,-9.13298
2019-04-08 17:05:04,101122,-3.004425,-0.7676239,-7.7814636
2019-04-08 17:05:04,101141,-2.0000458,0.42468262,-6.975815
2019-04-08 17:05:04,101161,-2.6548615,1.8564148,-9.885956
2019-04-08 17:05:04,101182,-0.960968,-0.06732178,-10.4066925
2019-04-08 17:05:04,101201,0.30436707,-2.7811584,-9.459793
2019-04-08 17:05:04,101222,-0.06314087,-3.4982147,-9.107849
2019-04-08 17:05:04,101242,-1.8599854,-2.5130005,-11.4457855
2019-04-08 17:05:04,101261,-2.341217,-2.5106049,-8.690063
2019-04-08 17:05:04,101282,-1.8647766,-1.171051,-6.419159
2019-04-08 17:05:04,101301,-1.5200195,-0.54615784,-5.861313
2019-04-08 17:05:04,101322,-1.5846558,-1.5529327,-9.044403
2019-04-08 17:05:04,101341,1.0094604,-4.622299,-6.9087677
2019-04-08 17:05:04,101362,-0.012863159,-5.772705,-7.665344
2019-04-08 17:05:04,101381,-1.3416443,-3.0074005,-11.086655
2019-04-08 17:05:04,101402,-0.94540405,-3.3030853,-10.2379
2019-04-08 17:05:04,101421,-1.1249695,-5.915161,-7.9909515
2019-04-08 17:05:04,101442,-1.0148315,-5.242386,-9.800964
2019-04-08 17:05:04,101461,1.5840759,-7.2367554,-8.777451
2019-04-08 17:05:04,101482,0.42288208,-8.311752,-8.254318
2019-04-08 17:05:04,101501,-0.55874634,-8.346481,-12.527954
2019-04-08 17:05:04,101521,0.2852173,-9.119797,-8.808563
2019-04-08 17:05:04,101542,-2.4812775,-6.2922516,-5.743988
2019-04-08 17:05:04,101561,-2.3843231,-5.868469,-9.079117
2019-04-08 17:05:04,101581,2.4352112,-12.184387,-10.248688
2019-04-08 17:05:04,101602,-0.80892944,-9.283798,-6.079178
2019-04-08 17:05:04,101621,-2.6895752,-5.092758,-4.755188
2019-04-08 17:05:04,101641,0.16072083,-5.2675323,-6.9590454
2019-04-08 17:05:04,101662,0.29599,-6.9003754,-7.17453
2019-04-08 17:05:04,101681,-0.30615234,-6.973404,-7.380432
2019-04-08 17:05:04,101701,-1.0423737,-8.130997,-8.600281
2019-04-08 17:05:04,101722,-0.36001587,-8.551178,-9.371201
2019-04-08 17:05:04,101741,0.57492065,-11.452957,-10.507248
2019-04-08 17:05:04,101761,-1.6085968,-8.752289,-8.186081
2019-04-08 17:05:04,101782,-1.3775635,-6.1067047,-6.771103
2019-04-08 17:05:04,101801,-0.46536255,-8.717575,-8.606262
2019-04-08 17:05:04,101821,0.68385315,-12.37233,-9.375992
2019-04-08 17:05:04,101842,-2.1401062,-10.465347,-9.879974
2019-04-08 17:05:04,101861,-1.4936829,-7.472595,-8.041229
2019-04-08 17:05:04,101881,-0.20080566,-5.958252,-5.5955505
2019-04-08 17:05:04,101902,0.8598175,-7.943054,-5.241211
2019-04-08 17:05:04,101921,-0.66767883,-7.8388977,-7.0895386
2019-04-08 17:05:04,101941,-1.6133881,-6.550827,-7.782654
2019-04-08 17:05:05,101962,-1.1070099,-5.6314545,-7.854477
2019-04-08 17:05:05,101981,0.23254395,-7.5061035,-8.606262
2019-04-08 17:05:05,102001,-0.65930176,-7.5180817,-10.066727
2019-04-08 17:05:05,102021,-1.8492126,-6.2395782,-10.334869
2019-04-08 17:05:05,102041,-1.237503,-4.6210938,-10.467758
2019-04-08 17:05:05,102062,-0.52163696,-5.7774963,-8.742722
2019-04-08 17:05:05,102082,-0.5000763,-7.7862244,-7.4917603
2019-04-08 17:05:05,102101,-0.5707092,-6.9051666,-8.493729
2019-04-08 17:05:05,102122,-0.8831482,-4.6127167,-8.475769
2019-04-08 17:05:05,102141,-0.41508484,-4.890442,-9.022842
2019-04-08 17:05:05,102162,-0.9837189,-5.681732,-9.6393585
2019-04-08 17:05:05,102181,-0.8628082,-5.796646,-9.62738
2019-04-08 17:05:05,102202,0.13438416,-5.9438934,-8.567947
2019-04-08 17:05:05,102221,-1.1381378,-3.9040375,-8.630203
2019-04-08 17:05:05,102242,-1.2566528,-2.4687042,-9.532822
2019-04-08 17:05:05,102261,-0.213974,-3.5257568,-9.158127
2019-04-08 17:05:05,102282,-0.79815674,-3.589203,-9.233536
2019-04-08 17:05:05,102301,-1.3631897,-1.839035,-9.938629
2019-04-08 17:05:05,102321,-0.72991943,-2.522583,-10.405502
2019-04-08 17:05:05,102342,-0.7119751,-4.732422,-9.270645
2019-04-08 17:05:05,102361,-1.0567322,-2.8852997,-10.486908
2019-04-08 17:05:05,102382,-2.0168152,-0.19181824,-9.511261
2019-04-08 17:05:05,102401,-3.1612396,-1.6247559,-8.876801
2019-04-08 17:05:05,102422,-1.158493,-3.0026093,-8.154953
2019-04-08 17:05:05,102442,-2.4657288,-1.8450165,-9.192841
2019-04-08 17:05:05,102461,-3.7095032,0.86161804,-8.468597
2019-04-08 17:05:05,102481,-1.8827362,1.3464508,-6.4646454
2019-04-08 17:05:05,102501,-2.245453,-0.81073,-7.605484
2019-04-08 17:05:05,102522,-2.838028,-1.1016235,-5.3273926
2019-04-08 17:05:05,102541,-2.2801666,-0.8322754,-8.488937
2019-04-08 17:05:05,102561,-4.5367126,0.60305786,-8.399155
2019-04-08 17:05:05,102582,-1.4493866,0.12301636,-7.8496857
2019-04-08 17:05:05,102601,-1.2518616,-1.1997833,-7.8293457
2019-04-08 17:05:05,102621,-2.822464,-0.011062622,-9.477753
2019-04-08 17:05:05,102642,-1.3967133,-0.04219055,-8.312973
2019-04-08 17:05:05,102661,-2.162857,0.25230408,-9.141357
2019-04-08 17:05:05,102681,-1.1896057,-0.015853882,-8.238754
2019-04-08 17:05:05,102702,-0.5970459,-1.9743042,-8.451828
2019-04-08 17:05:05,102721,-1.6325378,-1.7109375,-10.209183
2019-04-08 17:05:05,102741,-0.7418976,-2.8086853,-7.3469086
2019-04-08 17:05:05,102762,-0.99568176,-4.293091,-8.249527
2019-04-08 17:05:05,102781,-2.2167206,-2.2089386,-9.993698
2019-04-08 17:05:05,102802,-0.33847046,-1.6786194,-6.716034
2019-04-08 17:05:05,102821,-0.37797546,-3.5676422,-8.589493
2019-04-08 17:05:05,102841,-0.48213196,-4.202118,-9.298187
2019-04-08 17:05:05,102862,-0.29896545,-5.0975494,-9.275436
2019-04-08 17:05:05,102881,-0.069122314,-5.9163666,-9.460983
2019-04-08 17:05:05,102902,-0.9729309,-4.8138275,-9.82251
2019-04-08 17:05:05,102922,0.9316559,-5.7786865,-11.019608
2019-04-08 17:05:05,102941,1.0202332,-8.317749,-9.069534
2019-04-08 17:05:06,102961,0.548584,-9.247894,-9.847656
2019-04-08 17:05:06,102982,0.32591248,-7.826935,-7.8413086
2019-04-08 17:05:06,103002,0.7257538,-7.926285,-8.552383
2019-04-08 17:05:06,103021,0.038619995,-7.538437,-7.2714844
2019-04-08 17:05:06,103042,-0.43304443,-7.574341,-7.372055
2019-04-08 17:05:06,103061,0.024246216,-8.552368,-8.532043
2019-04-08 17:05:06,103082,-0.17088318,-8.034027,-7.169739
2019-04-08 17:05:06,103101,-0.8280945,-6.0396576,-6.7136383
2019-04-08 17:05:06,103122,0.48034668,-7.021286,-7.2319946
2019-04-08 17:05:06,103141,0.064941406,-9.800949,-8.670898
2019-04-08 17:05:06,103161,-0.99568176,-10.331268,-9.414307
2019-04-08 17:05:06,103182,-1.9078674,-8.174088,-8.645767
2019-04-08 17:05:06,103201,-1.1213837,-7.8065796,-8.042419
2019-04-08 17:05:06,103222,-0.08589172,-8.637375,-8.503311
2019-04-08 17:05:06,103241,-0.23312378,-9.645325,-8.878006
2019-04-08 17:05:06,103261,-1.2602386,-7.5611725,-7.787445
2019-04-08 17:05:06,103282,0.088897705,-7.009308,-6.1378326
2019-04-08 17:05:06,103301,-0.21278381,-7.744339,-6.656189
2019-04-08 17:05:06,103321,-0.53240967,-7.5216675,-7.047638
2019-04-08 17:05:06,103342,0.20501709,-7.8532715,-8.289032
2019-04-08 17:05:06,103361,0.31993103,-8.376404,-9.689636
2019-04-08 17:05:06,103382,-0.55155945,-7.7263794,-9.444229
2019-04-08 17:05:06,103401,-0.85562134,-6.4418793,-8.16333
2019-04-08 17:05:06,103421,-0.002090454,-5.352524,-7.9789734
2019-04-08 17:05:06,103442,-0.51924133,-5.7667236,-8.804977
2019-04-08 17:05:06,103461,-0.53718567,-7.1888733,-10.295364
2019-04-08 17:05:06,103481,-0.44262695,-6.871643,-10.410294
2019-04-08 17:05:06,103502,0.019454956,-5.716446,-8.648163
2019-04-08 17:05:06,103521,0.5437927,-5.5165253,-6.965027
2019-04-08 17:05:06,103541,0.51745605,-5.886429,-7.953842
2019-04-08 17:05:06,103562,-0.22595215,-5.9199524,-8.680481
2019-04-08 17:05:06,103581,-1.095047,-5.4063873,-10.105026
2019-04-08 17:05:06,103601,-0.59465027,-5.460266,-11.237488
2019-04-08 17:05:06,103622,-0.27981567,-6.0719757,-10.521622
2019-04-08 17:05:06,103641,-0.94540405,-4.737213,-9.121017
2019-04-08 17:05:06,103662,-2.0922241,-2.7763672,-10.20079
2019-04-08 17:05:06,103682,-1.3572083,-2.6434784,-10.363602
2019-04-08 17:05:06,103701,-0.15292358,-5.044876,-9.511261
2019-04-08 17:05:06,103721,-0.39952087,-5.214859,-8.933075
2019-04-08 17:05:06,103741,-1.0842743,-3.3701324,-8.196854
2019-04-08 17:05:06,103762,-2.4130554,-1.8426208,-7.1649475
2019-04-08 17:05:06,103781,-3.3695374,1.4039154,-8.001724
2019-04-08 17:05:06,103801,-2.6824036,0.38398743,-8.856445
2019-04-08 17:05:06,103822,-2.2514343,-2.2197113,-8.906738
2019-04-08 17:05:06,103841,-2.2669983,-2.5884247,-8.590698
2019-04-08 17:05:06,103861,-2.897873,1.6253815,-6.525696
2019-04-08 17:05:06,103882,-2.8392181,1.3284912,-7.6797028
2019-04-08 17:05:06,103901,-1.8216858,-0.50187683,-8.257904
2019-04-08 17:05:06,103921,-2.2526398,-0.57011414,-7.58873
2019-04-08 17:05:06,103942,-2.6237335,-1.0704956,-7.3026123
2019-04-08 17:05:07,103961,-3.6544495,0.5587616,-8.284241
2019-04-08 17:05:07,103981,-1.2590485,-0.5365906,-6.593933
2019-04-08 17:05:07,104002,-3.270172,1.1130219,-7.782654
2019-04-08 17:05:07,104021,-1.9581451,0.7790222,-7.209244
2019-04-08 17:05:07,104042,-0.2786255,-1.8964996,-7.463028
2019-04-08 17:05:07,104061,-1.7953491,-1.202179,-8.633789
2019-04-08 17:05:07,104081,-0.86997986,-0.16668701,-8.827728
2019-04-08 17:05:07,104102,-0.6952057,-0.050567627,-10.433029
2019-04-08 17:05:07,104121,-0.12898254,-1.6558838,-9.134186
2019-04-08 17:05:07,104141,-0.5312042,-3.416809,-8.024475
2019-04-08 17:05:07,104162,-0.71795654,-3.8130493,-7.416336
2019-04-08 17:05:07,104181,-1.4912872,-2.1694336,-10.528809
2019-04-08 17:05:07,104201,0.8873596,-3.119934,-9.867996
2019-04-08 17:05:07,104222,-0.05834961,-6.423935,-7.977783
2019-04-08 17:05:07,104241,-1.4828949,-6.457443,-9.522034
2019-04-08 17:05:07,104262,-0.071517944,-6.901581,-8.7966
2019-04-08 17:05:07,104281,-0.0032806396,-6.0193176,-8.424301
2019-04-08 17:05:07,104301,0.74250793,-6.088745,-9.415497
2019-04-08 17:05:07,104322,0.8191223,-7.780243,-8.370422
2019-04-08 17:05:07,104341,-0.0655365,-8.797775,-9.232346
2019-04-08 17:05:07,104361,-0.5743103,-9.645325,-9.903915
2019-04-08 17:05:07,104382,0.22416687,-8.073532,-7.8640594
2019-04-08 17:05:07,104401,0.4444275,-6.650177,-7.842514
2019-04-08 17:05:07,104421,0.10444641,-7.5121,-8.510498
2019-04-08 17:05:07,104442,-0.77182007,-7.8843994,-8.652939
2019-04-08 17:05:07,104461,-0.6940155,-8.570328,-8.650558
2019-04-08 17:05:07,104482,-0.093063354,-9.422668,-8.7738495
2019-04-08 17:05:07,104501,-0.20080566,-7.6329956,-8.414719
2019-04-08 17:05:07,104522,-0.28579712,-7.302597,-8.628998
2019-04-08 17:05:07,104541,-0.5096588,-8.69603,-8.959396
2019-04-08 17:05:07,104562,-0.5766907,-8.490128,-8.316559
2019-04-08 17:05:07,104582,-0.31333923,-8.606247,-7.743149
2019-04-08 17:05:07,104601,-1.3308716,-8.24472,-8.333313
2019-04-08 17:05:07,104621,-1.0806732,-8.819336,-7.471405
2019-04-08 17:05:07,104642,-0.13735962,-9.211975,-6.5664062
2019-04-08 17:05:07,104661,0.03501892,-8.409927,-7.4821777
2019-04-08 17:05:07,104681,0.108047485,-8.214798,-8.879196
2019-04-08 17:05:07,104701,0.2780304,-7.8017883,-8.544006
2019-04-08 17:05:07,104721,-0.41629028,-7.6832733,-8.978561
2019-04-08 17:05:07,104742,-1.6744385,-6.433502,-9.492111
2019-04-08 17:05:07,104761,0.22296143,-7.321762,-9.034821
2019-04-08 17:05:07,104781,-0.32530212,-6.393997,-8.1298065
2019-04-08 17:05:07,104802,-0.70957947,-5.4063873,-7.938278
2019-04-08 17:05:07,104821,0.30078125,-6.3664703,-7.4773865
2019-04-08 17:05:07,104842,-8.8500977E-4,-7.3552704,-7.9873505
2019-04-08 17:05:07,104861,-1.0459595,-6.06839,-9.702805
2019-04-08 17:05:07,104881,-0.073913574,-5.6589813,-9.241913
2019-04-08 17:05:07,104902,-0.3336792,-6.3712616,-10.37677
2019-04-08 17:05:07,104921,-0.9621582,-5.666168,-10.847229
2019-04-08 17:05:07,104941,-0.6545105,-5.1777496,-11.271011
2019-04-08 17:05:08,104962,0.1295929,-5.8253784,-10.191223
2019-04-08 17:05:08,104981,-0.48571777,-5.0676117,-9.390366
2019-04-08 17:05:08,105001,-1.2231293,-4.0632477,-7.7132263
2019-04-08 17:05:08,105022,-1.8456268,-3.1007843,-7.9322968
2019-04-08 17:05:08,105041,-1.6804199,-2.5920105,-7.628235
2019-04-08 17:05:08,105062,-2.3819275,-0.7819977,-8.334518
2019-04-08 17:05:08,105081,-2.265808,0.34927368,-7.8843994
2019-04-08 17:05:08,105101,-1.9677277,-0.89212036,-8.116638
2019-04-08 17:05:08,105122,-1.8408356,-1.3578033,-8.749908
2019-04-08 17:05:08,105141,-2.317276,-1.5505371,-8.193253
2019-04-08 17:05:08,105161,-2.375946,-0.14633179,-8.687668
2019-04-08 17:05:08,105182,-2.0982056,0.5324249,-9.196426
2019-04-08 17:05:08,105201,-1.3308716,0.5192566,-8.645767
2019-04-08 17:05:08,105221,-2.1137695,0.0033111572,-7.024887
2019-04-08 17:05:08,105241,-1.8252716,-0.31752014,-5.6362457
2019-04-08 17:05:08,105262,-2.696762,0.7167816,-6.2168427
2019-04-08 17:05:08,105281,-3.4784698,1.4158783,-6.7974396
2019-04-08 17:05:08,105302,-2.1245422,0.6102295,-6.0983276
2019-04-08 17:05:08,105321,-1.0770874,0.4833374,-7.4809875
2019-04-08 17:05:08,105341,-1.0040588,-0.9483948,-8.741531
2019-04-08 17:05:08,105362,-0.82569885,-2.9559326,-8.617035
2019-04-08 17:05:08,105381,-1.723526,-2.3298492,-8.268677
2019-04-08 17:05:08,105402,-2.2682037,-1.7492523,-9.541199
2019-04-08 17:05:08,105421,-1.4002991,-2.1131744,-10.090668
2019-04-08 17:05:08,105442,-0.14094543,-3.511383,-8.016083
2019-04-08 17:05:08,105461,-0.16967773,-4.866501,-8.310577
2019-04-08 17:05:08,105482,-1.1010284,-5.1933136,-10.223541
2019-04-08 17:05:08,105501,-0.5168457,-4.8736877,-9.360428
2019-04-08 17:05:08,105522,0.49230957,-5.1334534,-6.4023895
2019-04-08 17:05:08,105541,-0.63056946,-4.9203644,-6.9039764
2019-04-08 17:05:08,105562,-1.178833,-4.0656433,-7.621048
2019-04-08 17:05:08,105581,0.2492981,-4.7587585,-8.092697
2019-04-08 17:05:08,105601,1.324295,-7.2092285,-11.236282
2019-04-08 17:05:08,105622,1.379364,-10.295349,-11.655273
2019-04-08 17:05:08,105641,0.021850586,-10.580261,-10.603027
2019-04-08 17:05:08,105662,0.24331665,-8.539215,-9.043198
2019-04-08 17:05:08,105681,-0.7227478,-6.9961395,-8.575134
2019-04-08 17:05:08,105701,0.11402893,-8.498505,-8.822937
2019-04-08 17:05:08,105722,-0.28460693,-8.561951,-8.22319
2019-04-08 17:05:08,105741,-0.91548157,-7.7311707,-7.7287903
2019-04-08 17:05:08,105762,-1.0375824,-8.532028,-8.676895
2019-04-08 17:05:08,105781,-0.7730255,-8.690048,-9.88356
2019-04-08 17:05:08,105801,0.6024475,-8.613434,-8.749908
2019-04-08 17:05:08,105822,-0.55274963,-7.5456085,-7.9191284
2019-04-08 17:05:08,105841,-1.3739624,-6.6848907,-7.7886353
2019-04-08 17:05:08,105861,-0.32051086,-8.724762,-8.037643
2019-04-08 17:05:08,105882,-0.08589172,-10.261841,-8.903137
2019-04-08 17:05:08,105901,-1.0076599,-9.766235,-9.446625
2019-04-08 17:05:08,105921,-1.1070099,-7.811371,-7.9514465
2019-04-08 17:05:08,105942,-0.97532654,-5.8014374,-6.4143677
2019-04-08 17:05:09,105961,0.17028809,-6.982971,-5.107132
2019-04-08 17:05:09,105981,-0.17567444,-7.4941406,-7.574356
2019-04-08 17:05:09,106002,-1.0579376,-6.748352,-9.3029785
2019-04-08 17:05:09,106021,-0.4881134,-7.94545,-11.122559
2019-04-08 17:05:09,106042,0.28163147,-9.595047,-9.198822
2019-04-08 17:05:09,106061,-0.47613525,-7.3133698,-8.298599
2019-04-08 17:05:09,106081,-0.9118805,-5.3621063,-8.360855
2019-04-08 17:05:09,106102,-0.6748657,-5.262741,-9.196426
2019-04-08 17:05:09,106121,-0.51564026,-6.696869,-12.240662
2019-04-08 17:05:09,106141,0.5425873,-8.207611,-10.784988
2019-04-08 17:05:09,106162,1.3338776,-6.585541,-8.666107
2019-04-08 17:05:09,106181,0.69821167,-4.7623596,-8.267487
2019-04-08 17:05:09,106202,-0.59825134,-5.4063873,-8.356064
2019-04-08 17:05:09,106221,-1.0471649,-5.448288,-8.487747
2019-04-08 17:05:09,106242,-1.5271912,-4.1458435,-8.314163
2019-04-08 17:05:09,106261,-2.7446442,-1.7157288,-11.157288
2019-04-08 17:05:09,106281,-2.0467377,-0.86698914,-10.786179
2019-04-08 17:05:09,106302,0.18824768,-2.5656738,-8.370422
2019-04-08 17:05:09,106321,0.1690979,-4.818619,-8.360855
2019-04-08 17:05:09,106341,-2.130539,-1.5960236,-8.407547
2019-04-08 17:05:09,106361,-3.6903534,1.1070251,-7.9322968
2019-04-08 17:05:09,106381,-2.6752167,0.3420868,-8.746323
2019-04-08 17:05:09,106402,-0.292984,-2.0317688,-7.3313446
2019-04-08 17:05:09,106421,-1.3955078,-0.62397766,-6.985382
2019-04-08 17:05:09,106442,-2.5650787,2.1389313,-5.13945
2019-04-08 17:05:09,106461,-2.988861,1.1261902,-4.9658813
2019-04-08 17:05:09,106481,-2.9972382,1.1501312,-5.2364197
2019-04-08 17:05:09,106502,-3.6807861,1.7929688,-8.460205
2019-04-08 17:05:09,106521,-1.8085175,0.08111572,-7.1170654
2019-04-08 17:05:09,106542,-2.068283,-1.973114,-7.883209
2019-04-08 17:05:09,106561,-3.0295563,-0.060134888,-9.458588
2019-04-08 17:05:09,106581,-0.8280945,-0.030212402,-8.032852
2019-04-08 17:05:09,106602,-1.3392487,-0.51623535,-8.947433
2019-04-08 17:05:09,106621,-0.7335205,-1.3494263,-9.042007
2019-04-08 17:05:09,106641,-0.60902405,-3.6993256,-8.450638
2019-04-08 17:05:09,106662,-0.668869,-5.374069,-8.747513
2019-04-08 17:05:09,106681,-0.6078186,-5.444702,-7.735962
2019-04-08 17:05:09,106701,-0.9585724,-3.9351501,-9.808151
2019-04-08 17:05:09,106722,-0.52401733,-4.2164764,-7.8568726
2019-04-08 17:05:09,106741,0.01586914,-4.5025787,-7.4331055
2019-04-08 17:05:09,106762,0.14874268,-5.128662,-7.9634094
2019-04-08 17:05:09,106781,-0.1457367,-7.064377,-8.669708
2019-04-08 17:05:09,106801,-0.08947754,-8.515259,-10.728714
2019-04-08 17:05:09,106822,0.9543915,-8.633774,-10.246292
2019-04-08 17:05:09,106841,1.1255798,-7.685669,-9.13179
2019-04-08 17:05:09,106861,0.6024475,-7.685669,-9.390366
2019-04-08 17:05:09,106882,-0.38635254,-7.9729767,-8.363251
2019-04-08 17:05:09,106901,-0.99687195,-7.7263794,-7.8975677
2019-04-08 17:05:09,106921,-0.33607483,-8.388367,-8.828918
2019-04-08 17:05:09,106942,0.52583313,-8.7786255,-8.903137
2019-04-08 17:05:10,106961,-0.14094543,-8.224365,-8.708008
2019-04-08 17:05:10,106982,-0.8508301,-8.196838,-9.281418
2019-04-08 17:05:10,107001,-0.6976013,-8.397949,-9.221573
2019-04-08 17:05:10,107022,-1.3248901,-7.7275696,-8.870819
2019-04-08 17:05:10,107041,-0.9394226,-7.4965363,-8.529648
2019-04-08 17:05:10,107061,0.6922302,-10.65448,-8.450638
2019-04-08 17:05:10,107081,-0.7490845,-10.723923,-10.510849
2019-04-08 17:05:10,107102,-1.367981,-8.345276,-7.660553
2019-04-08 17:05:10,107121,-0.34805298,-6.954239,-4.921585
2019-04-08 17:05:10,107142,-0.54797363,-7.338516,-5.593155
2019-04-08 17:05:10,107161,-0.28100586,-8.163315,-7.5719604
2019-04-08 17:05:10,107182,-0.51564026,-7.646164,-9.561539
2019-04-08 17:05:10,107201,-0.30496216,-7.515686,-10.624573
2019-04-08 17:05:10,107222,0.09248352,-8.34169,-9.160522
2019-04-08 17:05:10,107241,-0.46177673,-7.6557465,-8.475769
2019-04-08 17:05:10,107261,-0.5024719,-7.041641,-8.43866
2019-04-08 17:05:10,107282,-0.46775818,-6.5400543,-8.607452
2019-04-08 17:05:10,107301,0.017059326,-6.28627,-9.186859
2019-04-08 17:05:10,107322,0.55336,-6.330551,-9.62619
2019-04-08 17:05:10,107341,0.61561584,-6.546036,-9.411911
2019-04-08 17:05:10,107361,0.29240417,-5.9043884,-8.317764
2019-04-08 17:05:10,107382,-0.43185425,-5.016144,-10.543167
2019-04-08 17:05:10,107401,-0.9262543,-5.2842865,-10.891525
2019-04-08 17:05:10,107421,-1.3703766,-5.5380707,-9.845261
2019-04-08 17:05:10,107442,-1.1141968,-4.048889,-8.740341
2019-04-08 17:05:10,107461,-0.84724426,-3.740036,-8.775055
2019-04-08 17:05:10,107481,-1.1357422,-2.1718292,-9.243118
2019-04-08 17:05:10,107501,-1.7175293,-2.4615326,-7.17572
2019-04-08 17:05:10,107521,-1.8970947,-3.4383545,-7.1960754
2019-04-08 17:05:10,107542,-1.9749146,-0.266037,-6.8141937
2019-04-08 17:05:10,107561,-3.210312,1.3536377,-7.01651
2019-04-08 17:05:10,107581,-2.1042023,1.3153229,-7.2008667
2019-04-08 17:05:10,107602,-0.35882568,-0.10084534,-7.8963776
2019-04-08 17:05:10,107621,-1.5643005,-0.3115387,-9.593872
2019-04-08 17:05:10,107641,-2.4190369,-0.17147827,-7.9370728
2019-04-08 17:05:10,107662,-2.8104858,0.19604492,-6.5568237
2019-04-08 17:05:10,107681,-2.8128815,0.68444824,-7.3947906
2019-04-08 17:05:10,107701,-2.2861633,-0.09844971,-7.965805
2019-04-08 17:05:10,107722,-2.5638885,-0.13197327,-7.76709
2019-04-08 17:05:10,107741,-2.6069794,0.96817017,-7.004532
2019-04-08 17:05:10,107761,-1.1896057,0.25109863,-6.1809387
2019-04-08 17:05:10,107782,-1.277008,-0.7460785,-6.988983
2019-04-08 17:05:10,107801,-1.8432312,-1.9407806,-8.22319
2019-04-08 17:05:10,107821,-1.2099609,-2.5237732,-7.5683746
2019-04-08 17:05:10,107842,-1.1836243,-2.2496338,-7.5480194
2019-04-08 17:05:10,107862,-1.6133881,-2.0856323,-9.844055
2019-04-08 17:05:10,107881,-0.7227478,-4.42836,-9.277832
2019-04-08 17:05:10,107901,-0.47494507,-5.8481293,-8.608658
2019-04-08 17:05:10,107922,-0.87597656,-5.874466,-9.238327
2019-04-08 17:05:10,107942,-0.98609924,-5.594345,-10.340851
2019-04-08 17:05:11,107961,-0.42945862,-6.273102,-10.562317
2019-04-08 17:05:11,107982,0.65512085,-7.413925,-8.527252
2019-04-08 17:05:11,108001,0.513855,-7.27507,-6.676529
2019-04-08 17:05:11,108022,-0.18405151,-5.6482086,-5.86969
2019-04-08 17:05:11,108041,-1.2231293,-5.190918,-8.510498
2019-04-08 17:05:11,108062,-0.12658691,-7.582718,-9.602249
2019-04-08 17:05:11,108081,0.92326355,-9.939819,-9.94342
2019-04-08 17:05:11,108101,0.7006073,-10.08107,-10.253464
2019-04-08 17:05:11,108122,-0.26904297,-9.944611,-10.927444
2019-04-08 17:05:11,108141,-0.708374,-10.834045,-11.407471
2019-04-08 17:05:11,108162,-0.7837982,-10.1145935,-10.5407715
2019-04-08 17:05:11,108181,-0.3839569,-9.92067,-8.782227
2019-04-08 17:05:11,108201,-0.5252228,-9.7434845,-8.192062
2019-04-08 17:05:11,108222,0.16789246,-7.625824,-7.443878
2019-04-08 17:05:11,108241,-0.18763733,-6.1474,-6.1605835
2019-04-08 17:05:11,108261,-2.193985,-4.7575684,-6.434723
2019-04-08 17:05:11,108282,-2.1281433,-5.2639465,-6.5675964
2019-04-08 17:05:11,108301,-0.510849,-7.187683,-5.9044037
2019-04-08 17:05:11,108321,0.2660675,-9.360413,-8.134598
2019-04-08 17:05:11,108341,-0.30734253,-8.781021,-10.31572
2019-04-08 17:05:11,108361,-1.4254456,-7.804184,-10.641327
2019-04-08 17:05:11,108382,0.7700348,-10.622162,-8.945038
2019-04-08 17:05:11,108401,0.37260437,-11.188385,-10.096649
2019-04-08 17:05:11,108421,-1.0651093,-8.588287,-11.2877655
2019-04-08 17:05:11,108442,-0.7538605,-6.9949493,-11.430222
2019-04-08 17:05:11,108461,2.2352905,-9.733917,-5.973831
2019-04-08 17:05:11,108481,-0.09906006,-6.7399597,-5.3345795
2019-04-08 17:05:11,108502,-3.6245117,-0.67904663,-5.2076874
2019-04-08 17:05:11,108521,-1.4026947,-2.5094147,-8.384796
2019-04-08 17:05:11,108541,-0.32411194,-6.4227295,-11.437408
2019-04-08 17:05:11,108562,0.4731598,-7.084732,-10.597031
2019-04-08 17:05:11,108581,1.3063354,-4.574417,-9.50528
2019-04-08 17:05:11,108601,0.013473511,-4.3421783,-10.472534
2019-04-08 17:05:11,108622,-1.605011,-5.3309784,-10.816101
2019-04-08 17:05:11,108641,-2.2370758,-5.644623,-12.11496
2019-04-08 17:05:11,108662,-1.1656647,-4.9000244,-9.853638
2019-04-08 17:05:11,108682,-1.8408356,-3.0229645,-8.819336
2019-04-08 17:05:11,108701,-2.0874329,-0.1559143,-6.349716
2019-04-08 17:05:11,108722,-2.1377106,-1.4810944,-6.10791
2019-04-08 17:05:11,108742,-1.9354095,-0.75805664,-6.6549835
2019-04-08 17:05:11,108762,-2.107788,0.46299744,-5.0173492
2019-04-08 17:05:11,108781,-2.7051392,1.1908264,-5.5727997
2019-04-08 17:05:11,108802,-2.0383606,1.6253815,-5.1765594
2019-04-08 17:05:11,108821,-2.6081848,0.7658539,-6.7184296
2019-04-08 17:05:11,108842,-1.1776428,0.86161804,-7.002136
2019-04-08 17:05:11,108861,-2.0826569,1.1118164,-7.885605
2019-04-08 17:05:11,108882,-1.6516876,-0.384552,-9.097076
2019-04-08 17:05:11,108901,-2.380722,-2.0748596,-8.417114
2019-04-08 17:05:11,108921,-1.5379639,-0.3163147,-7.995743
2019-04-08 17:05:11,108942,-1.9904785,-0.7269287,-7.518097
2019-04-08 17:05:12,108961,-1.9940643,-2.1610565,-6.7495575
2019-04-08 17:05:12,108982,-2.3579865,-0.25048828,-7.391205
2019-04-08 17:05:12,109001,-1.7402802,-0.17266846,-8.439865
2019-04-08 17:05:12,109021,-0.8915405,-2.4866638,-8.475769
2019-04-08 17:05:12,109041,0.6994171,-4.4499054,-8.314163
2019-04-08 17:05:12,109062,-0.7562561,-4.9395294,-9.927856
2019-04-08 17:05:12,109081,-0.67007446,-5.7272186,-8.933075
2019-04-08 17:05:12,109101,0.20501709,-5.743973,-8.176498
2019-04-08 17:05:12,109121,-0.25706482,-5.4782257,-9.2682495
2019-04-08 17:05:12,109142,-0.16130066,-7.5444183,-9.219177
2019-04-08 17:05:12,109161,0.42886353,-8.877991,-8.686462
2019-04-08 17:05:12,109181,0.33789062,-8.153748,-9.779419
2019-04-08 17:05:12,109202,0.81314087,-8.265076,-9.282623
2019-04-08 17:05:12,109221,0.33309937,-7.982559,-8.640976
2019-04-08 17:05:12,109241,-1.5954285,-6.7698975,-8.49852
2019-04-08 17:05:12,109262,-1.154892,-8.626602,-8.900742
2019-04-08 17:05:12,109281,-0.037994385,-10.215149,-9.50528
2019-04-08 17:05:12,109301,-0.8137207,-8.687653,-9.689636
2019-04-08 17:05:12,109322,-0.52163696,-8.784607,-8.967789
2019-04-08 17:05:12,109341,-0.28460693,-9.72673,-9.136581
2019-04-08 17:05:12,109361,-0.25108337,-8.766663,-8.752304
2019-04-08 17:05:12,109382,-1.0675049,-6.736374,-8.044815
2019-04-08 17:05:12,109401,-0.27981567,-7.182892,-7.3947906
2019-04-08 17:05:12,109421,-0.15411377,-7.642578,-7.7287903
2019-04-08 17:05:12,109442,-1.4769135,-6.777069,-7.4582367
2019-04-08 17:05:12,109461,-1.6133881,-6.3664703,-6.8764496
2019-04-08 17:05:12,109482,-0.8675995,-8.724762,-7.198471
2019-04-08 17:05:12,109501,-0.48332214,-9.627365,-8.408737
2019-04-08 17:05:12,109522,0.3678131,-9.651321,-9.651321
2019-04-08 17:05:12,109541,0.37141418,-9.101852,-10.704773
2019-04-08 17:05:12,109562,-0.20799255,-8.65892,-8.459015
2019-04-08 17:05:12,109582,-1.2877808,-7.852066,-8.533234
2019-04-08 17:05:12,109601,-0.64971924,-7.5025177,-8.983353
2019-04-08 17:05:12,109622,0.33309937,-8.285416,-10.355225
2019-04-08 17:05:12,109641,0.22296143,-7.491745,-8.67569
2019-04-08 17:05:12,109662,-0.6904144,-5.7978516,-7.0536194
2019-04-08 17:05:12,109681,-0.9801178,-4.6234894,-7.372055
2019-04-08 17:05:12,109702,-0.50128174,-4.186554,-9.113831
2019-04-08 17:05:12,109721,0.84306335,-5.5057526,-10.166077
2019-04-08 17:05:12,109742,0.65512085,-6.9686127,-10.5407715
2019-04-08 17:05:12,109761,-0.1230011,-6.2527466,-10.346848
2019-04-08 17:05:12,109782,-1.1656647,-4.7539673,-10.636536
2019-04-08 17:05:12,109801,-1.9928741,-4.9874115,-10.011658
2019-04-08 17:05:12,109822,-1.83844,-3.1726074,-9.438248
2019-04-08 17:05:12,109841,-1.9162598,-1.8797302,-7.461838
2019-04-08 17:05:12,109861,-2.1652527,-1.7863617,-7.234375
2019-04-08 17:05:12,109881,-2.4621277,-0.20379639,-5.3776703
2019-04-08 17:05:12,109902,-2.107788,-0.37976074,-5.11911
2019-04-08 17:05:12,109921,-1.5367737,-0.5713043,-5.336975
2019-04-08 17:05:12,109941,-2.7063446,0.89753723,-6.9506683
2019-04-08 17:05:13,109961,-3.2091217,2.1138,-6.815399
2019-04-08 17:05:13,109982,-1.6792297,2.580658,-8.152557
2019-04-08 17:05:13,110001,-1.4493866,-0.4348297,-9.0503845
2019-04-08 17:05:13,110021,-1.8575897,-0.82748413,-9.681259
2019-04-08 17:05:13,110042,-2.5686798,-1.0034637,-8.67569
2019-04-08 17:05:13,110061,-0.4953003,-0.9423981,-6.155792
2019-04-08 17:05:13,110081,-3.0630798,1.0375977,-7.2523346
2019-04-08 17:05:13,110102,-1.2805939,0.6281891,-4.9275665
2019-04-08 17:05:13,110121,-1.7390747,-1.5014496,-6.411972
2019-04-08 17:05:13,110141,-1.8899231,-0.45877075,-7.2762756
2019-04-08 17:05:13,110162,-1.1010284,-0.8358612,-9.2108
2019-04-08 17:05:13,110181,0.48632812,-2.4088593,-7.9203186
2019-04-08 17:05:13,110201,0.65153503,-4.4032288,-5.79187
2019-04-08 17:05:13,110222,-2.111374,-4.701309,-10.148132
2019-04-08 17:05:13,110241,-2.8655548,-5.5955353,-12.583023
2019-04-08 17:05:13,110261,0.6503296,-7.826935,-9.827301
2019-04-08 17:05:13,110282,1.3422546,-8.20163,-7.308609
2019-04-08 17:05:13,110302,-0.11102295,-7.9047394,-7.9993286
2019-04-08 17:05:13,110321,-1.6528931,-6.1928864,-8.211212
2019-04-08 17:05:13,110342,-0.95617676,-5.668564,-9.32811
2019-04-08 17:05:13,110361,0.47076416,-6.377243,-9.483734
2019-04-08 17:05:13,110382,0.79278564,-8.540405,-9.244308
2019-04-08 17:05:13,110401,0.15234375,-9.650116,-8.131012
2019-04-08 17:05:13,110422,-0.09187317,-8.675674,-7.261917
2019-04-08 17:05:13,110441,-1.6349335,-6.4502716,-8.296204
2019-04-08 17:05:13,110462,-2.193985,-7.59111,-11.44458
2019-04-08 17:05:13,110481,1.8414459,-12.938553,-11.62175
2019-04-08 17:05:13,110502,1.2716217,-11.393097,-10.227127
2019-04-08 17:05:13,110521,-2.0144196,-7.8329163,-9.80336
2019-04-08 17:05:13,110542,-0.72991943,-9.089874,-6.5053406
2019-04-08 17:05:13,110561,-0.36480713,-8.6445465,-6.4215546
2019-04-08 17:05:13,110581,0.02545166,-8.802567,-8.168121
2019-04-08 17:05:13,110602,-1.8097076,-6.46463,-8.111862
2019-04-08 17:05:13,110621,-1.8324585,-6.451462,-7.3313446
2019-04-08 17:05:13,110641,-0.13137817,-7.8329163,-7.2403717
2019-04-08 17:05:13,110662,-0.97055054,-6.435898,-7.297821
2019-04-08 17:05:13,110682,-1.2554474,-6.961426,-9.007294
2019-04-08 17:05:13,110701,0.8861542,-10.73349,-10.006866
2019-04-08 17:05:13,110722,0.7891998,-10.71553,-8.356064
2019-04-08 17:05:13,110741,-2.9278107,-5.5213165,-8.882782
2019-04-08 17:05:13,110761,-0.33129883,-7.290634,-9.282623
2019-04-08 17:05:13,110782,1.0118561,-10.808914,-10.8328705
2019-04-08 17:05:13,110801,-0.052368164,-7.0033264,-11.050735
2019-04-08 17:05:13,110821,0.63597107,-5.6949005,-7.0464325
2019-04-08 17:05:13,110842,-0.4378357,-6.9291077,-6.0779877
2019-04-08 17:05:13,110861,-1.6768341,-5.374069,-8.630203
2019-04-08 17:05:13,110881,-0.80892944,-5.1178894,-9.443039
2019-04-08 17:05:13,110902,-0.66767883,-5.041275,-10.914276
2019-04-08 17:05:13,110921,-0.26904297,-2.9475555,-10.769424
2019-04-08 17:05:13,110941,0.4875183,-4.937134,-9.298187
2019-04-08 17:05:14,110962,-1.2758026,-5.8337555,-10.4857025
2019-04-08 17:05:14,110981,-2.1437073,-3.226471,-8.041229
2019-04-08 17:05:14,111001,-3.3264313,-1.3027344,-9.634567
2019-04-08 17:05:14,111021,-2.609375,-1.289566,-6.968628
2019-04-08 17:05:14,111042,-1.9940643,-3.2169037,-6.474228
2019-04-08 17:05:14,111061,-1.6720428,-0.934021,-6.1462097
2019-04-08 17:05:14,111081,-2.0922241,3.4808807,-5.925949
2019-04-08 17:05:14,111102,-2.2921448,2.039566,-5.518936
2019-04-08 17:05:14,111122,-1.218338,1.026825,-5.7176514
2019-04-08 17:05:14,111141,-1.9976501,0.016479492,-6.2467804
2019-04-08 17:05:14,111162,-3.1947632,-0.28997803,-7.0608063
2019-04-08 17:05:14,111182,-2.521988,1.916275,-6.578369
2019-04-08 17:05:14,111201,-1.4350128,-0.44322205,-7.835327
2019-04-08 17:05:14,111222,-2.33284,-0.9771271,-9.551971
2019-04-08 17:05:14,111241,-1.075882,-0.8286743,-9.696823
2019-04-08 17:05:14,111262,-2.1437073,-1.1686554,-10.816101
2019-04-08 17:05:14,111281,-0.77900696,-2.2735748,-7.940674
2019-04-08 17:05:14,111302,-0.6724701,-2.1059875,-5.3860626
2019-04-08 17:05:14,111321,-1.3188934,-1.7564392,-3.6119537
2019-04-08 17:05:14,111342,-2.9565277,-0.74128723,-6.5173187
2019-04-08 17:05:14,111361,-2.8535767,-1.507431,-10.300156
2019-04-08 17:05:14,111381,0.7616577,-4.4451294,-7.940674
2019-04-08 17:05:14,111401,2.7213135,-7.7515106,-8.781036
2019-04-08 17:05:14,111422,-0.9801178,-11.28656,-11.730698
2019-04-08 17:05:14,111441,-1.1417236,-10.152893,-11.512817
2019-04-08 17:05:14,111461,-0.33728027,-7.364853,-9.990112
2019-04-08 17:05:14,111482,-1.9006958,-8.767853,-11.298538
2019-04-08 17:05:14,111501,-1.9437866,-10.953766,-10.047562
2019-04-08 17:05:14,111521,0.0493927,-9.520828,-7.2954407
2019-04-08 17:05:14,111542,0.18585205,-7.366043,-6.7064667
2019-04-08 17:05:14,111561,0.70658875,-6.073181,-6.1653748
2019-04-08 17:05:14,111581,-0.06314087,-3.2324524,-6.4718323
2019-04-08 17:05:14,111601,-0.4845276,-3.926773,-9.164108
2019-04-08 17:05:14,111622,0.76405334,-10.594635,-8.139389
2019-04-08 17:05:14,111641,-3.857956,-7.7144012,-11.371567
2019-04-08 17:05:14,111661,0.5318146,-11.912643,-10.963348
2019-04-08 17:05:14,111682,1.1914215,-8.889954,-7.9586334
2019-04-08 17:05:14,111701,-0.6832428,-7.393585,-9.318527
2019-04-08 17:05:14,111721,-1.6002197,-10.188812,-8.26149
2019-04-08 17:05:14,111741,0.79278564,-12.742233,-7.890396
2019-04-08 17:05:14,111762,1.513443,-11.409851,-9.555557
2019-04-08 17:05:14,111781,-0.8460388,-6.447876,-8.962997
2019-04-08 17:05:14,111801,-1.4194489,-5.0580444,-5.5285187
2019-04-08 17:05:14,111822,-1.5379639,-6.1964874,-3.6107635
2019-04-08 17:05:14,111841,-2.5351562,-5.09993,-5.332184
2019-04-08 17:05:14,111861,-1.3619995,-5.55484,-9.419098
2019-04-08 17:05:14,111882,1.7169495,-7.516876,-15.424942
2019-04-08 17:05:14,111901,4.0584717,-14.34993,-10.066727
2019-04-08 17:05:14,111921,-0.31452942,-8.423096,-8.599075
2019-04-08 17:05:14,111942,-5.0227356,-2.3202667,-9.717163
2019-04-08 17:05:15,111962,-0.017654419,-8.951004,-12.630905
2019-04-08 17:05:15,111982,0.014663696,-11.867142,-11.907867
2019-04-08 17:05:15,112001,-1.0016632,-5.1502075,-8.048416
2019-04-08 17:05:15,112022,-0.69880676,-2.522583,-7.837723
2019-04-08 17:05:15,112042,-0.14334106,-5.278305,-7.2391663
2019-04-08 17:05:15,112062,-2.0084229,-4.01416,-9.304169
2019-04-08 17:05:15,112082,-1.9892731,-0.70417786,-9.0659485
2019-04-08 17:05:15,112101,-0.6042328,-1.8653717,-8.8349
2019-04-08 17:05:15,112122,-0.6257782,-5.1298676,-7.7467346
2019-04-08 17:05:15,112142,-2.6201477,-3.0074005,-7.6832886
2019-04-08 17:05:15,112162,-3.5754395,2.4046936,-8.151367
2019-04-08 17:05:15,112182,-3.1468658,-0.97473145,-7.914337
2019-04-08 17:05:15,112201,-1.7989349,-2.9834595,-7.6713257
2019-04-08 17:05:15,112222,-1.3979034,-1.0537415,-6.4323273
2019-04-08 17:05:15,112241,-1.8540039,-0.08528137,-6.2826843
2019-04-08 17:05:15,112261,-2.8021088,1.9617615,-5.31662
2019-04-08 17:05:15,112282,-2.2610168,3.4329987,-4.0764313
2019-04-08 17:05:15,112301,-2.4741058,3.319275,-4.5947723
2019-04-08 17:05:15,112321,-1.0639191,2.1161804,-6.1462097
2019-04-08 17:05:15,112341,-1.3895264,-1.6486969,-7.6234436
2019-04-08 17:05:15,112362,-2.5818481,-2.5321503,-8.018478
2019-04-08 17:05:15,112381,-1.625351,-0.9040985,-8.369232
2019-04-08 17:05:15,112401,-1.4685364,-1.3039246,-11.576263
2019-04-08 17:05:15,112421,-0.42466736,-3.0696564,-10.514435
2019-04-08 17:05:15,112442,-0.7454834,-4.289505,-9.191635
2019-04-08 17:05:15,112461,-1.3536224,-3.9555054,-7.7180176
2019-04-08 17:05:15,112481,-1.1010284,-4.017761,-7.349304
2019-04-08 17:05:15,112501,-1.0148315,-4.241623,-7.8496857
2019-04-08 17:05:15,112522,-0.3684082,-4.9993744,-5.6589966
2019-04-08 17:05:15,112541,-0.54797363,-6.0827637,-7.002136
2019-04-08 17:05:15,112561,-0.8220978,-5.879242,-8.818146
2019-04-08 17:05:15,112582,0.12719727,-8.881577,-10.630554
2019-04-08 17:05:15,112601,0.108047485,-9.56752,-10.008057
2019-04-08 17:05:15,112621,-0.9944916,-8.418304,-10.014053
2019-04-08 17:05:15,112642,-1.470932,-8.541595,-10.383957
2019-04-08 17:05:15,112661,-1.6157837,-9.839264,-10.71315
2019-04-08 17:05:15,112681,-0.44979858,-10.3564,-9.677658
2019-04-08 17:05:15,112702,-0.47973633,-6.9482574,-8.032852
2019-04-08 17:05:15,112721,-0.5707092,-4.8736877,-6.7184296
2019-04-08 17:05:15,112741,-1.2530518,-5.8876343,-8.4374695
2019-04-08 17:05:15,112762,0.44921875,-9.708771,-10.222351
2019-04-08 17:05:15,112782,0.019454956,-11.045944,-11.073486
2019-04-08 17:05:15,112801,-1.2674255,-9.082687,-10.429443
2019-04-08 17:05:15,112822,-0.31333923,-8.415909,-7.885605
2019-04-08 17:05:15,112841,0.29838562,-9.835663,-6.5364685
2019-04-08 17:05:15,112862,0.10684204,-10.518021,-7.3696594
2019-04-08 17:05:15,112882,-1.826477,-7.8628387,-7.6042786
2019-04-08 17:05:15,112902,-1.2566528,-7.903549,-7.625839
2019-04-08 17:05:15,112921,-0.13616943,-8.182465,-8.554779
2019-04-08 17:05:15,112942,0.07572937,-6.7387695,-8.363251
2019-04-08 17:05:16,112961,-1.095047,-5.154999,-8.014893
2019-04-08 17:05:16,112982,-0.506073,-5.851715,-7.167343
2019-04-08 17:05:16,113001,-0.17567444,-7.514496,-6.565201
2019-04-08 17:05:16,113022,-1.822876,-9.289795,-13.078629
2019-04-08 17:05:16,113041,-0.064331055,-12.657242,-12.732666
2019-04-08 17:05:16,113061,0.35224915,-8.917496,-10.800537
2019-04-08 17:05:16,113082,-0.5491638,-4.9443207,-11.0303955
2019-04-08 17:05:16,113101,-0.39593506,-5.407593,-10.026016
2019-04-08 17:05:16,113121,-0.114608765,-5.3549194,-9.202408
2019-04-08 17:05:16,113142,-0.49290466,-5.637436,-5.4758453
2019-04-08 17:05:16,113161,-0.85801697,-5.5536346,-4.866516
2019-04-08 17:05:16,113181,-2.4765015,-2.7595978,-7.835327
2019-04-08 17:05:16,113201,-1.7139435,-1.013031,-6.380844
2019-04-08 17:05:16,113222,-1.5116272,0.56355286,-11.171646
2019-04-08 17:05:16,113241,-1.1764374,5.940918,-10.4857025
2019-04-08 17:05:16,113261,2.387329,-8.856445,-8.990524
2019-04-08 17:05:16,113282,-2.336441,-7.6569366,-9.579498
2019-04-08 17:05:16,113301,-3.9620972,2.0479584,-8.007706
2019-04-08 17:05:16,113321,-4.905411,0.64016724,-7.807785
2019-04-08 17:05:16,113341,-1.5750732,-0.6191864,-6.4873962
2019-04-08 17:05:16,113362,-0.42108154,-0.67066956,-4.732437
2019-04-08 17:05:16,113381,-1.0064545,0.8807831,-4.4176025
2019-04-08 17:05:16,113401,-2.2717896,2.3603973,-3.0409393
2019-04-08 17:05:16,113422,-4.2996826,2.541153,-4.739624
2019-04-08 17:05:16,113441,-2.6381073,2.9589386,-5.819412
2019-04-08 17:05:16,113461,-1.3536224,0.85684204,-4.8784943
2019-04-08 17:05:16,113482,-0.42108154,-2.7847443,-5.639847
2019-04-08 17:05:16,113501,-0.3612213,-3.1737976,-9.982925
2019-04-08 17:05:16,113521,-3.4186096,-4.1446533,-11.008835
2019-04-08 17:05:16,113542,-2.6381073,-3.6035614,-13.625702
2019-04-08 17:05:16,113561,-1.1848297,-2.8637543,-11.77977
2019-04-08 17:05:16,113581,-0.28819275,-5.535675,-7.727585
2019-04-08 17:05:16,113602,-0.2247467,-6.6525726,-6.0827637
2019-04-08 17:05:16,113621,-2.818863,-4.1697845,-7.1398163
2019-04-08 17:05:16,113642,-3.7609863,-0.9651489,-7.8461
2019-04-08 17:05:16,113662,-0.21876526,-2.7177124,-7.8054047
2019-04-08 17:05:16,113681,3.6813965,-6.4430847,-7.052429
2019-04-08 17:05:16,113701,1.9300385,-10.084671,-8.363251
2019-04-08 17:05:16,113721,-0.5000763,-8.459,-9.118622
2019-04-08 17:05:16,113742,-0.16848755,-9.234726,-11.906662
2019-04-08 17:05:16,113761,-0.34207153,-13.744202,-15.976807
2019-04-08 17:05:16,113782,-1.3117218,-10.818481,-11.954544
2019-04-08 17:05:16,113801,-0.90948486,-7.510895,-5.313034
2019-04-08 17:05:16,113822,-2.4286194,-4.0716248,-6.0061493
2019-04-08 17:05:16,113841,0.2086029,-8.826508,-8.170517
2019-04-08 17:05:16,113862,1.4176788,-16.236572,-13.256989
2019-04-08 17:05:16,113881,-1.0220184,-9.985306,-10.45459
2019-04-08 17:05:16,113901,-1.391922,-3.6251068,-4.5863953
2019-04-08 17:05:16,113922,0.07093811,-3.7412262,-3.2396545
2019-04-08 17:05:16,113941,2.9703064,-12.654846,-5.3728943
2019-04-08 17:05:17,113961,-0.03440857,-9.610611,-13.75499
2019-04-08 17:05:17,113982,-0.87597656,-7.7742615,-9.21199
2019-04-08 17:05:17,114001,-1.8899231,-5.4626617,-6.2312164
2019-04-08 17:05:17,114022,0.44563293,-10.83046,-7.1015015
2019-04-08 17:05:17,114041,0.17268372,-10.7825775,-7.818573
2019-04-08 17:05:17,114061,-1.0292053,-6.609482,-7.1398163
2019-04-08 17:05:17,114081,-0.56233215,-7.586319,-8.494934
2019-04-08 17:05:17,114101,-1.6145782,-7.7706757,-10.246292
2019-04-08 17:05:17,114122,-0.02482605,-7.0823364,-10.620987
2019-04-08 17:05:17,114141,1.2704315,-7.495331,-7.7096252
2019-04-08 17:05:17,114162,-0.33488464,-6.025299,-8.631393
2019-04-08 17:05:17,114181,-1.288971,-6.104309,-9.379593
2019-04-08 17:05:17,114201,-1.5092316,-6.8524933,-11.853989
2019-04-08 17:05:17,114221,-0.51564026,-7.567169,-10.425858
2019-04-08 17:05:17,114242,-0.033218384,-7.921509,-10.460571
2019-04-08 17:05:17,114261,-1.5331879,-5.8732605,-10.122986
2019-04-08 17:05:17,114281,-2.226303,-2.4663086,-9.364029
2019-04-08 17:05:17,114302,-1.1908112,-2.5572968,-6.135437
2019-04-08 17:05:17,114321,-1.8001404,-4.42717,-8.481766
2019-04-08 17:05:17,114341,-2.4609375,-1.5301819,-6.7770844
2019-04-08 17:05:17,114362,-2.3543854,0.17089844,-5.435135
2019-04-08 17:05:17,114381,-2.217926,0.1984253,-7.440277
2019-04-08 17:05:17,114402,-1.3344574,0.81973267,-6.52211
2019-04-08 17:05:17,114421,-1.5295868,-1.0812683,-6.4143677
2019-04-08 17:05:17,114442,-3.2522125,0.8269043,-8.748718
2019-04-08 17:05:17,114462,-3.6245117,1.7462769,-7.901169
2019-04-08 17:05:17,114481,-2.0610962,-0.6191864,-6.8477173
2019-04-08 17:05:17,114502,-1.4182587,-1.0238037,-5.6829376
2019-04-08 17:05:17,114521,-2.193985,-0.48631287,-4.624695
2019-04-08 17:05:17,114542,-4.8024597,4.651642,-6.1761475
2019-04-08 17:05:17,114561,-2.0886383,2.125763,-6.3138123
2019-04-08 17:05:17,114582,-0.6509247,-2.1574554,-8.593094
2019-04-08 17:05:17,114602,0.48153687,-3.377304,-6.099533
2019-04-08 17:05:17,114621,-1.4505768,-4.132675,-8.029251
2019-04-08 17:05:17,114642,-2.6069794,-3.7651672,-11.098618
2019-04-08 17:05:17,114661,-2.7578125,-2.9547272,-11.112991
2019-04-08 17:05:17,114681,-0.097854614,-3.942337,-7.756317
2019-04-08 17:05:17,114702,0.88975525,-5.281891,-6.458664
2019-04-08 17:05:17,114721,-1.7115479,-5.712845,-8.300995
2019-04-08 17:05:17,114741,-1.5236053,-7.1529694,-9.701599
2019-04-08 17:05:17,114762,0.21458435,-8.645752,-9.525635
2019-04-08 17:05:17,114781,0.89334106,-7.939453,-8.335709
2019-04-08 17:05:17,114801,-0.09187317,-6.1354218,-8.073547
2019-04-08 17:05:17,114821,0.20620728,-8.667297,-9.440643
2019-04-08 17:05:17,114842,-0.25108337,-9.797363,-10.239105
2019-04-08 17:05:17,114861,-1.3320618,-8.883972,-10.721542
2019-04-08 17:05:17,114881,-0.79815674,-11.844406,-11.694778
2019-04-08 17:05:17,114901,0.82510376,-11.923416,-10.811325
2019-04-08 17:05:17,114922,0.4037323,-6.9925537,-8.245926
2019-04-08 17:05:17,114941,-0.6042328,-4.27034,-5.941513
2019-04-08 17:05:18,114961,-1.0292053,-5.0855713,-7.33374
2019-04-08 17:05:18,114981,-1.2793884,-7.6784973,-7.7048492
2019-04-08 17:05:18,115002,-0.60183716,-9.850037,-8.988129
2019-04-08 17:05:18,115021,-1.016037,-8.951004,-9.629776
2019-04-08 17:05:18,115041,0.21818542,-9.6992035,-8.464996
2019-04-08 17:05:18,115062,0.69821167,-11.375137,-9.280228
2019-04-08 17:05:18,115081,-2.068283,-9.353241,-9.7052
2019-04-08 17:05:18,115101,-0.3612213,-10.109802,-8.589493
2019-04-08 17:05:18,115122,0.7879944,-11.12973,-10.382751
2019-04-08 17:05:18,115141,-1.3272858,-7.70842,-7.8413086
2019-04-08 17:05:18,115161,-1.3057251,-4.965866,-4.6342773
2019-04-08 17:05:18,115182,-0.97772217,-3.7220764,-3.8669434
2019-04-08 17:05:18,115201,-1.7007751,-3.3653412,-7.470215
2019-04-08 17:05:18,115221,-0.42945862,-4.416397,-11.75943
2019-04-08 17:05:18,115242,2.1634674,-8.923477,-13.411423
2019-04-08 17:05:18,115261,1.8234863,-11.217117,-11.54155
2019-04-08 17:05:18,115282,-0.13616943,-6.7112274,-14.354736
2019-04-08 17:05:18,115302,-0.05834961,-7.9239044,-8.593094
2019-04-08 17:05:18,115321,-1.8192902,-8.876785,-10.656891
2019-04-08 17:05:18,115342,-2.3280487,-4.9311523,-9.811737
2019-04-08 17:05:18,115361,-2.3615723,-3.322235,-6.0588226
2019-04-08 17:05:18,115382,-1.6121826,-4.0895844,-7.215225
2019-04-08 17:05:18,115401,-1.865982,-0.06732178,-5.8289795
2019-04-08 17:05:18,115422,-0.7538605,0.714386,-3.2420502
2019-04-08 17:05:18,115441,-2.0168152,0.10147095,-7.5552063
2019-04-08 17:05:18,115462,-2.0575104,3.9226074,-6.347336
2019-04-08 17:05:18,115481,-2.1532745,-2.3083038,-8.358459
2019-04-08 17:05:18,115502,-1.625351,-4.000992,-8.729553
2019-04-08 17:05:18,115521,-3.4413605,0.040420532,-8.460205
2019-04-08 17:05:18,115541,-3.3659363,0.72036743,-7.665344
2019-04-08 17:05:18,115562,-2.7111206,1.3799744,-6.561615
2019-04-08 17:05:18,115581,-2.506424,2.3137054,-5.663788
2019-04-08 17:05:18,115602,-0.8340759,1.2111816,-5.1765594
2019-04-08 17:05:18,115622,-0.9992676,-1.5481415,-4.351761
2019-04-08 17:05:18,115641,-2.9960327,-0.5569458,-4.74321
2019-04-08 17:05:18,115662,-3.5407257,0.92626953,-5.597946
2019-04-08 17:05:18,115681,-1.7175293,0.44143677,-7.3397217
2019-04-08 17:05:18,115702,1.0381927,-3.803482,-10.782593
2019-04-08 17:05:18,115721,-0.0368042,-6.1186676,-12.019196
2019-04-08 17:05:18,115741,-1.0782776,-7.1074677,-9.519653
2019-04-08 17:05:18,115762,-0.8113251,-6.0240936,-9.443039
2019-04-08 17:05:18,115781,-1.6002197,-4.435547,-8.178894
2019-04-08 17:05:18,115801,-1.6157837,-5.376465,-8.116638
2019-04-08 17:05:18,115821,-0.82569885,-6.8680573,-5.8684845
2019-04-08 17:05:18,115842,-0.5084686,-5.1729584,-5.8756714
2019-04-08 17:05:18,115861,-1.1417236,-3.9998016,-8.965393
2019-04-08 17:05:18,115881,2.7452545,-9.429855,-9.725555
2019-04-08 17:05:18,115902,2.493866,-12.691956,-10.717941
2019-04-08 17:05:18,115921,-1.6732483,-8.955795,-12.286148
2019-04-08 17:05:18,115941,-1.8061218,-10.659271,-9.881165
2019-04-08 17:05:19,115962,0.2708435,-15.260925,-12.709915
2019-04-08 17:05:19,115981,0.2373352,-9.41069,-10.498871
2019-04-08 17:05:19,116001,-2.4417877,-3.9591064,-6.7734985
2019-04-08 17:05:19,116022,-1.4015045,-6.344925,-5.3549347
2019-04-08 17:05:19,116042,1.7684174,-10.592239,-7.4295044
2019-04-08 17:05:19,116061,0.02545166,-7.079941,-10.707169
2019-04-08 17:05:19,116082,-1.376358,-5.290283,-7.9358826
2019-04-08 17:05:19,116101,0.42048645,-8.018463,-5.442322
2019-04-08 17:05:19,116122,-0.73231506,-7.5527954,-7.9275055
2019-04-08 17:05:19,116141,-0.21038818,-7.9957275,-8.040024
2019-04-08 17:05:19,116162,-0.12898254,-8.405136,-8.351273
2019-04-08 17:05:19,116182,0.012283325,-11.34761,-11.336853
2019-04-08 17:05:19,116201,-0.90231323,-11.437393,-10.820892
2019-04-08 17:05:19,116222,-0.82569885,-7.4474487,-7.150589
2019-04-08 17:05:19,116241,-0.27622986,-7.2499237,-8.292618
2019-04-08 17:05:19,116262,-1.0902557,-7.783844,-9.8524475
2019-04-08 17:05:19,116281,-0.56951904,-7.586319,-6.230011
2019-04-08 17:05:19,116302,0.0027008057,-4.246399,-8.212418
2019-04-08 17:05:19,116321,-0.25827026,-4.2811127,-12.362762
2019-04-08 17:05:19,116342,0.112838745,-8.498505,-9.948212
2019-04-08 17:05:19,116361,0.72335815,-11.894684,-8.660126
2019-04-08 17:05:19,116381,-2.9900513,-6.1737366,-11.710342
2019-04-08 17:05:19,116402,-2.1927795,-2.9870605,-11.922226
2019-04-08 17:05:19,116421,-0.81851196,-4.5911713,-8.396759
2019-04-08 17:05:19,116441,-0.5743103,-7.416321,-7.4031677
2019-04-08 17:05:19,116462,-1.9581451,-1.5277863,-7.652176
2019-04-08 17:05:19,116482,-2.5411377,3.7047424,-4.332611
2019-04-08 17:05:19,116501,-3.2474365,-1.7743835,-6.77829
2019-04-08 17:05:19,116521,-0.67126465,-3.4682922,-5.720047
2019-04-08 17:05:19,116542,-1.7247162,1.5080566,-7.09671
2019-04-08 17:05:19,116561,-2.2705994,0.07752991,-5.332184
2019-04-08 17:05:19,116581,-3.0511017,2.0766754,-7.9753876
2019-04-08 17:05:19,116601,-1.2638397,1.1213989,-5.269943
2019-04-08 17:05:19,116622,-2.6895752,1.8276825,-7.6988525
2019-04-08 17:05:19,116641,0.2600708,0.8305054,-3.898056
2019-04-08 17:05:19,116661,-1.4326172,-4.077606,-4.0345306
2019-04-08 17:05:19,116682,-2.7326813,-0.32710266,-6.7112427
2019-04-08 17:05:19,116701,-3.0965881,4.5199585,-8.18248
2019-04-08 17:05:19,116721,-1.3943176,2.299347,-6.3748627
2019-04-08 17:05:19,116742,0.041000366,-2.3418121,-7.692871
2019-04-08 17:05:19,116761,0.27204895,-4.864105,-8.207626
2019-04-08 17:05:19,116781,-1.3895264,-5.3429413,-13.218689
2019-04-08 17:05:19,116802,-1.2961578,-5.8337555,-7.1242523
2019-04-08 17:05:19,116821,-1.2351074,-7.230774,-7.7287903
2019-04-08 17:05:19,116841,-1.4015045,-6.847702,-10.231918
2019-04-08 17:05:19,116862,-1.0208282,-5.630249,-8.285431
2019-04-08 17:05:19,116881,-0.42825317,-6.4813843,-6.9470825
2019-04-08 17:05:19,116902,0.017059326,-7.723984,-8.645767
2019-04-08 17:05:19,116921,0.052978516,-8.26268,-10.921448
2019-04-08 17:05:19,116941,0.009887695,-9.968552,-9.191635
2019-04-08 17:05:20,116962,-0.35523987,-10.342041,-10.786179
2019-04-08 17:05:20,116982,-0.52282715,-9.105438,-10.739487
2019-04-08 17:05:20,117001,-0.6257782,-9.733917,-9.90152
2019-04-08 17:05:20,117022,0.074523926,-10.156494,-9.475357
2019-04-08 17:05:20,117042,-0.1517334,-8.548782,-9.737518
2019-04-08 17:05:20,117061,-0.94540405,-7.653351,-9.440643
2019-04-08 17:05:20,117082,0.7616577,-9.560333,-8.502106
2019-04-08 17:05:20,117101,0.31155396,-7.064377,-7.7299805
2019-04-08 17:05:20,117122,-1.2446747,-4.5684204,-6.6909027
2019-04-08 17:05:20,117141,0.3821869,-7.421112,-6.4335175
2019-04-08 17:05:20,117162,1.3051453,-10.860382,-8.899551
2019-04-08 17:05:20,117181,-0.75027466,-9.712372,-10.963348
2019-04-08 17:05:20,117201,-0.13616943,-9.262253,-7.023697
2019-04-08 17:05:20,117222,-0.99209595,-8.642151,-7.052429
2019-04-08 17:05:20,117241,0.22775269,-10.325287,-8.925888
2019-04-08 17:05:20,117262,-1.0351868,-8.831299,-10.27861
2019-04-08 17:05:20,117282,-1.5559235,-7.277466,-9.993698
2019-04-08 17:05:20,117301,0.0541687,-7.749115,-8.51767
2019-04-08 17:05:20,117321,0.41210938,-7.7754517,-7.9981384
2019-04-08 17:05:20,117341,-0.74668884,-6.775879,-7.799408
2019-04-08 17:05:20,117362,-1.031601,-6.219223,-8.426697
2019-04-08 17:05:20,117381,-1.1022186,-6.1821136,-10.303741
2019-04-08 17:05:20,117401,0.60842896,-7.642578,-10.191223
2019-04-08 17:05:20,117421,0.45999146,-8.135788,-10.79216
2019-04-08 17:05:20,117441,-1.0687103,-6.3987885,-10.235519
2019-04-08 17:05:20,117461,-1.5439606,-5.0341034,-9.707596
2019-04-08 17:05:20,117481,-1.0483551,-4.07283,-7.1326294
2019-04-08 17:05:20,117501,-1.2614441,-4.266754,-5.9666443
2019-04-08 17:05:20,117522,-2.5112152,-1.7564392,-5.4842224
2019-04-08 17:05:20,117541,-2.8416138,1.4709473,-5.7571564
2019-04-08 17:05:20,117561,-2.1963806,1.6529083,-5.9379272
2019-04-08 17:05:20,117582,-0.5132446,-0.77001953,-7.661743
2019-04-08 17:05:20,117601,-0.87358093,-2.0054321,-8.332123
2019-04-08 17:05:20,117621,-2.4070587,-0.6191864,-9.669281
2019-04-08 17:05:20,117642,-1.8133087,-1.3398438,-7.8891907
2019-04-08 17:05:20,117661,-2.2239075,-2.3262482,-7.804199
2019-04-08 17:05:20,117681,-2.9840698,-0.91726685,-7.8640594
2019-04-08 17:05:20,117702,-2.2646027,-0.7353058,-6.2599487
2019-04-08 17:05:20,117721,-1.5846558,-0.85980225,-6.2467804
2019-04-08 17:05:20,117742,-1.2686157,0.12181091,-5.981018
2019-04-08 17:05:20,117762,-1.0339966,-0.4132843,-6.039673
2019-04-08 17:05:20,117781,-1.4661407,-1.7169342,-7.5372467
2019-04-08 17:05:20,117803,-1.237503,-2.914032,-9.578308
2019-04-08 17:05:20,117821,0.05178833,-5.7188416,-9.775833
2019-04-08 17:05:20,117841,-0.16967773,-7.3277435,-10.2438965
2019-04-08 17:05:20,117862,-1.0699005,-6.777069,-11.423035
2019-04-08 17:05:20,117881,-1.367981,-6.164154,-10.275024
2019-04-08 17:05:20,117902,-0.72753906,-6.1450043,-9.312546
2019-04-08 17:05:20,117921,0.4432373,-7.222397,-9.106644
2019-04-08 17:05:20,117942,-0.20799255,-6.352112,-8.939056
2019-04-08 17:05:21,117961,-1.2446747,-4.3601227,-6.969818
2019-04-08 17:05:21,117981,-1.6193695,-3.3785095,-8.133408
2019-04-08 17:05:21,118002,0.77124023,-6.6561737,-9.059967
2019-04-08 17:05:21,118022,1.1746674,-9.204788,-11.073486
2019-04-08 17:05:21,118041,-0.015258789,-9.331696,-10.978912
2019-04-08 17:05:21,118061,-0.38516235,-9.788986,-10.503662
2019-04-08 17:05:21,118082,3.0517578E-4,-9.15332,-9.148544
2019-04-08 17:05:21,118101,-0.15411377,-8.329712,-9.227554
2019-04-08 17:05:21,118122,-1.8635864,-6.1904907,-7.617447
2019-04-08 17:05:21,118141,-0.9980774,-6.6046906,-6.8644714
2019-04-08 17:05:21,118161,-0.49290466,-6.251541,-6.8058167
2019-04-08 17:05:21,118182,-1.6373291,-4.688141,-6.870468
2019-04-08 17:05:21,118201,-0.292984,-6.0145264,-6.0336914
2019-04-08 17:05:21,118222,0.31993103,-7.6784973,-8.020874
2019-04-08 17:05:21,118241,-0.47373962,-7.206833,-10.026016
2019-04-08 17:05:21,118261,0.31394958,-9.065933,-10.223541
2019-04-08 17:05:21,118282,1.5816803,-11.451752,-9.767441
2019-04-08 17:05:21,118301,-0.7442932,-8.208801,-9.557953
2019-04-08 17:05:21,118321,-1.6301422,-6.270706,-8.048416
2019-04-08 17:05:21,118342,-0.9298401,-7.0739594,-7.646179
2019-04-08 17:05:21,118361,-1.1884155,-5.8014374,-8.545212
2019-04-08 17:05:21,118381,-0.5563507,-4.7467957,-7.938278
2019-04-08 17:05:21,118402,0.014663696,-4.8569183,-7.4486694
2019-04-08 17:05:21,118421,0.3869629,-6.4382935,-8.08313
2019-04-08 17:05:21,118441,-0.6545105,-6.5951233,-9.944611
2019-04-08 17:05:21,118462,-0.052368164,-6.8979797,-8.664917
2019-04-08 17:05:21,118481,-0.85920715,-7.0751495,-11.7031555
2019-04-08 17:05:21,118502,-0.6628876,-7.7970123,-11.402679
2019-04-08 17:05:21,118521,-0.7442932,-6.38562,-10.57309
2019-04-08 17:05:21,118541,-1.0699005,-4.566025,-8.860046
2019-04-08 17:05:21,118562,-1.7378845,-3.878891,-8.077133
2019-04-08 17:05:21,118581,-1.2997437,-3.298294,-6.8249664
2019-04-08 17:05:21,118602,-1.079483,-2.94635,-6.2084656
2019-04-08 17:05:21,118621,-1.7941437,-1.581665,-5.854126
2019-04-08 17:05:21,118642,-1.1836243,-1.3793488,-7.0895386
2019-04-08 17:05:21,118662,-0.61021423,-1.8928986,-8.827728
2019-04-08 17:05:21,118681,0.18824768,-4.0656433,-8.949829
2019-04-08 17:05:21,118701,-1.7414703,-2.2532349,-10.957367
2019-04-08 17:05:21,118722,-0.08828735,-4.642639,-8.334518
2019-04-08 17:05:21,118741,-2.277771,-3.8980408,-10.2283325
2019-04-08 17:05:21,118761,-1.0699005,-5.032898,-7.6785126
2019-04-08 17:05:21,118782,-2.284958,-2.8852997,-9.207199
2019-04-08 17:05:21,118802,-1.6265564,-2.1047974,-9.709991
2019-04-08 17:05:21,118821,0.13557434,-2.0796509,-7.977783
2019-04-08 17:05:21,118841,-0.253479,-3.2073212,-8.860046
2019-04-08 17:05:21,118862,-0.25468445,-3.8585358,-7.138611
2019-04-08 17:05:21,118881,-0.9980774,-5.207672,-8.034042
2019-04-08 17:05:21,118901,-2.0790558,-4.5516663,-9.428665
2019-04-08 17:05:21,118922,-0.723938,-5.0580444,-7.107483
2019-04-08 17:05:21,118941,-1.1967926,-6.452667,-8.806168
2019-04-08 17:05:22,118961,-1.3703766,-4.563629,-13.122925
2019-04-08 17:05:22,118982,-0.545578,-4.527725,-12.197556
2019-04-08 17:05:22,119001,0.01586914,-4.15184,-12.061096
2019-04-08 17:05:22,119021,0.335495,-6.9315033,-10.252274
2019-04-08 17:05:22,119042,-1.4326172,-5.963043,-9.670486
2019-04-08 17:05:22,119061,-2.4812775,-4.052475,-6.973419
2019-04-08 17:05:22,119081,-2.3591766,-2.9427643,-4.2583923
2019-04-08 17:05:22,119101,-3.3491821,-1.4523773,-8.936661
2019-04-08 17:05:22,119122,0.8179321,-3.6777802,-8.523666
2019-04-08 17:05:22,119141,2.9032745,-6.7662964,-8.327332
2019-04-08 17:05:22,119161,-3.1935577,-2.8793182,-11.964127
2019-04-08 17:05:22,119182,0.7365265,-3.4850464,-12.866745
2019-04-08 17:05:22,119201,3.8430023,-12.37352,-8.826523
2019-04-08 17:05:22,119222,-2.4405823,-9.496887,-13.0546875
2019-04-08 17:05:22,119241,-5.004776,0.9334564,-5.5309143
2019-04-08 17:05:22,119261,-1.4852905,-1.3146973,-5.2866974
2019-04-08 17:05:22,119282,0.9460144,-7.0895233,-9.690826
2019-04-08 17:05:22,119301,0.1870575,-6.9566345,-8.336914
2019-04-08 17:05:22,119321,-3.1540527,-4.234436,-10.163681
2019-04-08 17:05:22,119342,-1.4062805,-4.64624,-13.923782
2019-04-08 17:05:22,119361,2.383728,-8.017273,-10.892715
2019-04-08 17:05:22,119381,-0.020050049,-5.9450836,-8.086716
2019-04-08 17:05:22,119402,-4.3906555,-3.198944,-8.789413
2019-04-08 17:05:22,119421,-2.4298096,-1.8270569,-9.004898
2019-04-08 17:05:22,119442,-0.70957947,-5.826584,-8.219589
2019-04-08 17:05:22,119461,-1.1141968,-4.4726562,-6.360504
2019-04-08 17:05:22,119481,-2.523178,-2.0425415,-5.5309143
2019-04-08 17:05:22,119501,-2.9445648,-0.011062622,-13.776535
2019-04-08 17:05:22,119521,2.2616272,-5.274719,-10.163681
2019-04-08 17:05:22,119542,-1.233902,-9.669266,-19.418472
2019-04-08 17:05:22,119561,1.1016388,-7.263092,-11.314102
2019-04-08 17:05:22,119582,-1.4374084,-7.594696,-7.3062134
2019-04-08 17:05:22,119601,-3.2091217,-4.467865,-6.015732
2019-04-08 17:05:22,119622,-6.8878174,4.7162933,-7.1338196
2019-04-08 17:05:22,119641,-1.8144989,0.51446533,-6.7567444
2019-04-08 17:05:22,119662,0.01826477,-4.641449,-6.411972
2019-04-08 17:05:22,119681,0.9256592,-5.432724,-6.1043243
2019-04-08 17:05:22,119702,-2.444168,-0.41567993,-11.815689
2019-04-08 17:05:22,119721,-3.2115173,0.3744049,-15.610489
2019-04-08 17:05:22,119742,2.1670532,-7.69046,-12.046722
2019-04-08 17:05:22,119762,0.67666626,-13.763351,-14.639648
2019-04-08 17:05:22,119781,-1.8839264,-7.3947754,-10.945389
2019-04-08 17:05:22,119801,-4.1500397,-3.6263123,-7.5001373
2019-04-08 17:05:22,119822,-3.0534973,-1.5218048,-6.8920135
2019-04-08 17:05:22,119841,-2.5171967,1.0687256,-6.672943
2019-04-08 17:05:22,119861,0.79397583,-0.6562958,-3.8011017
2019-04-08 17:05:22,119882,0.90052795,-3.2276764,-5.4890137
2019-04-08 17:05:22,119901,-3.8376007,0.36842346,-8.621826
2019-04-08 17:05:22,119921,0.2672577,0.3708191,-8.460205
2019-04-08 17:05:22,119942,1.6941986,-7.4378815,-8.939056
2019-04-08 17:05:23,119961,-2.012024,-7.887985,-14.156021
2019-04-08 17:05:23,119981,-1.723526,-4.5684204,-10.010452
2019-04-08 17:05:23,120002,-2.1808167,-3.9076233,-10.635345
2019-04-08 17:05:23,120021,-1.455368,-5.0041656,-11.547531
2019-04-08 17:05:23,120041,-0.21517944,-5.5680084,-9.5998535
2019-04-08 17:05:23,120062,-1.752243,-5.9726257,-9.529221
2019-04-08 17:05:23,120081,-1.5427551,-4.317032,-8.692444
2019-04-08 17:05:23,120102,-2.1101837,-3.2731628,-9.14975
2019-04-08 17:05:23,120121,-0.92385864,-2.380127,-8.844482
2019-04-08 17:05:23,120141,-0.7933655,-2.6434784,-7.9346924
2019-04-08 17:05:23,120162,-0.8388672,-1.9719086,-6.6825104
2019-04-08 17:05:23,120181,-1.2829895,-2.158661,-6.3150024
2019-04-08 17:05:23,120201,-1.0938416,-3.8884735,-7.700058
2019-04-08 17:05:23,120222,-1.7881622,-5.666168,-10.107422
2019-04-08 17:05:23,120241,-2.8332367,-4.448715,-12.403458
2019-04-08 17:05:23,120262,-0.8963165,-3.6681976,-11.373962
2019-04-08 17:05:23,120282,0.12121582,-5.9869843,-11.215942
2019-04-08 17:05:23,120301,-1.625351,-2.5991974,-12.476486
2019-04-08 17:05:23,120322,-0.94540405,-3.657425,-10.940613
2019-04-08 17:05:23,120342,-1.8946991,-5.357315,-10.509644
2019-04-08 17:05:23,120361,-1.4769135,-5.262741,-8.026855
2019-04-08 17:05:23,120382,-1.4757233,-4.6199036,-6.159378
2019-04-08 17:05:23,120401,-2.4561462,-2.4770813,-5.7619476
2019-04-08 17:05:23,120422,-4.225464,2.7829742,-7.6270294
2019-04-08 17:05:23,120441,-2.0814514,0.7682495,-8.358459
2019-04-08 17:05:23,120462,0.6180115,-2.76799,-10.008057
2019-04-08 17:05:23,120481,2.6483002,-7.1769104,-11.272202
2019-04-08 17:05:23,120502,-1.6181793,-6.3975983,-11.912659
2019-04-08 17:05:23,120521,-2.5710602,-2.7500305,-9.870392
2019-04-08 17:05:23,120542,-1.925827,-5.404007,-8.889969
2019-04-08 17:05:23,120561,-1.99646,-2.5357513,-9.543594
2019-04-08 17:05:23,120582,-1.3727722,-2.0186005,-9.232346
2019-04-08 17:05:23,120601,-1.5762787,-0.50546265,-10.045181
2019-04-08 17:05:23,120621,0.8861542,-4.115921,-7.838913
2019-04-08 17:05:23,120641,-0.3217163,-5.8409424,-9.354446
2019-04-08 17:05:23,120661,-2.1413116,-5.7308044,-8.327332
2019-04-08 17:05:23,120682,-4.321228,-2.3681488,-10.786179
2019-04-08 17:05:23,120701,-1.2901764,-3.2887268,-10.823288
2019-04-08 17:05:23,120721,0.75209045,-6.5735626,-10.07869
2019-04-08 17:05:23,120742,-0.4988861,-5.7332,-11.834839
2019-04-08 17:05:23,120761,-1.9425964,-3.842987,-11.783371
2019-04-08 17:05:23,120782,-1.3619995,-4.294281,-9.238327
2019-04-08 17:05:23,120801,-0.7837982,-4.1650085,-7.7287903
2019-04-08 17:05:23,120821,-1.0519409,-3.5413055,-6.463455
2019-04-08 17:05:23,120842,-2.2406616,-2.254425,-6.7567444
2019-04-08 17:05:23,120861,-2.3974915,-1.423645,-7.423523
2019-04-08 17:05:23,120881,-0.25706482,-4.0393066,-10.082291
2019-04-08 17:05:23,120902,0.71258545,-6.332947,-13.710693
2019-04-08 17:05:23,120921,0.97953796,-8.356049,-12.792526
2019-04-08 17:05:23,120941,-1.1010284,-7.6234283,-10.514435
2019-04-08 17:05:24,120962,-4.187149,-2.9248047,-11.112991
2019-04-08 17:05:24,120981,-1.0040588,-2.2651978,-8.230362
2019-04-08 17:05:24,121001,-0.32530212,-6.5256805,-8.566757
2019-04-08 17:05:24,121022,-0.73950195,-5.214859,-7.0272827
2019-04-08 17:05:24,121041,-2.3125,-2.3070984,-6.0097504
2019-04-08 17:05:24,121062,-3.1612396,0.07992554,-7.7778625
2019-04-08 17:05:24,121082,0.7700348,-3.1534576,-6.961441
2019-04-08 17:05:24,121101,0.2552948,-5.032898,-10.346848
2019-04-08 17:05:24,121122,-1.5140228,-3.1797943,-10.735901
2019-04-08 17:05:24,121141,-0.076309204,-4.938324,-11.609787
2019-04-08 17:05:24,121162,0.0050964355,-10.338455,-12.663239
2019-04-08 17:05:24,121181,-1.7163391,-10.355209,-12.830826
2019-04-08 17:05:24,121202,-2.8092957,-6.1450043,-10.069122
2019-04-08 17:05:24,121221,-2.3125,-3.6490479,-8.332123
2019-04-08 17:05:24,121242,-1.4781189,-1.8258667,-8.24115
2019-04-08 17:05:24,121261,0.16789246,-2.3825226,-8.140579
2019-04-08 17:05:24,121282,-0.093063354,-3.5640564,-8.873215
2019-04-08 17:05:24,121301,-0.25587463,-3.8453827,-7.1613617
2019-04-08 17:05:24,121322,-1.6612701,-3.1654205,-6.3736725
2019-04-08 17:05:24,121341,-1.5451508,-3.637085,-6.660965
2019-04-08 17:05:24,121361,-1.6971893,-4.2057037,-8.490143
2019-04-08 17:05:24,121382,-2.6919708,-4.4056244,-10.617386
2019-04-08 17:05:24,121401,-1.6026154,-3.7280579,-13.370728
2019-04-08 17:05:24,121422,1.7803955,-6.749542,-14.006378
2019-04-08 17:05:24,121441,1.5349884,-7.4175262,-11.730698
2019-04-08 17:05:24,121461,-0.99328613,-5.5045624,-8.757095
2019-04-08 17:05:24,121482,-3.079834,-2.3705444,-8.00412
2019-04-08 17:05:24,121501,-2.7709808,-1.1495056,-6.3664856
2019-04-08 17:05:24,121521,-0.81611633,-4.020157,-7.5755615
2019-04-08 17:05:24,121541,-0.15771484,-5.8181915,-5.7152557
2019-04-08 17:05:24,121562,-1.6109924,-4.005783,-7.4654236
2019-04-08 17:05:24,121581,-1.4194489,-1.9000854,-9.805756
2019-04-08 17:05:24,121602,0.105651855,-4.998184,-10.009262
2019-04-08 17:05:24,121621,-0.009277344,-6.408371,-14.025528
2019-04-08 17:05:24,121641,0.7221527,-6.6669464,-10.581482
2019-04-08 17:05:24,121662,-1.1932068,-6.54364,-10.983704
2019-04-08 17:05:24,121681,-1.5966339,-5.8576965,-9.055176
2019-04-08 17:05:24,121701,-1.9126587,-3.9411469,-6.739975
2019-04-08 17:05:24,121722,-1.415863,-3.3629456,-5.9834137
2019-04-08 17:05:24,121741,-1.8575897,-1.4415894,-7.0859375
2019-04-08 17:05:24,121761,-1.4122772,-0.7341156,-8.296204
2019-04-08 17:05:24,121782,1.9396057,-3.5616608,-6.4622498
2019-04-08 17:05:24,121801,0.5809021,-7.5097046,-9.261078
2019-04-08 17:05:24,121821,-2.478897,-6.528076,-14.636063
2019-04-08 17:05:24,121842,-1.2662201,-6.512512,-11.554718
2019-04-08 17:05:24,121861,0.31513977,-8.037628,-9.741104
2019-04-08 17:05:24,121882,-2.0874329,-5.187332,-9.613022
2019-04-08 17:05:24,121902,-2.5710602,-1.6726379,-8.310577
2019-04-08 17:05:24,121921,-1.3572083,-2.7224884,-8.000519
2019-04-08 17:05:24,121942,0.07333374,-5.226822,-6.1653748
2019-04-08 17:05:25,121961,-1.7690125,-2.6841888,-7.6198425
2019-04-08 17:05:25,121982,-1.0220184,-1.3625946,-7.3864136
2019-04-08 17:05:25,122002,-0.093063354,-3.2851257,-7.534851
2019-04-08 17:05:25,122021,-0.12898254,-5.369278,-8.157349
2019-04-08 17:05:25,122042,-3.2917175,-3.423996,-14.574997
2019-04-08 17:05:25,122061,-0.13017273,-4.8892517,-13.009201
2019-04-08 17:05:25,122082,1.7612457,-12.738632,-12.362762
2019-04-08 17:05:25,122102,-1.5379639,-8.218384,-10.45578
2019-04-08 17:05:25,122121,-4.451706,-1.5565186,-8.930679
2019-04-08 17:05:25,122142,-1.8216858,-1.0070496,-7.0811462
2019-04-08 17:05:25,122161,-0.45100403,-4.09198,-5.8277893
2019-04-08 17:05:25,122182,-1.6660614,-2.993042,-6.6466064
2019-04-08 17:05:25,122201,-1.5583191,-1.0190125,-9.135376
2019-04-08 17:05:25,122222,0.6036377,-3.4503326,-8.371628
2019-04-08 17:05:25,122241,-0.04399109,-3.7723541,-8.473373
2019-04-08 17:05:25,122261,-2.7254944,-3.4311829,-9.779419
2019-04-08 17:05:25,122282,-2.2682037,-3.0816193,-12.021591
2019-04-08 17:05:25,122301,-0.5084686,-6.7782745,-10.859207
2019-04-08 17:05:25,122322,-1.3224945,-7.3157654,-12.0503235
2019-04-08 17:05:25,122341,-1.0914459,-6.0276947,-10.235519
2019-04-08 17:05:25,122361,-1.4721222,-4.2476044,-10.011658
2019-04-08 17:05:25,122382,-1.7845764,-4.831787,-9.955399
2019-04-08 17:05:25,122401,-1.3715668,-4.4463196,-11.037567
2019-04-08 17:05:25,122422,-1.3727722,-2.4902496,-11.473312
2019-04-08 17:05:25,122441,0.76286316,-3.4287872,-8.353668
2019-04-08 17:05:25,122461,0.13198853,-4.4331512,-6.3545074
2019-04-08 17:05:25,122482,-1.4493866,-2.6291199,-7.052429
2019-04-08 17:05:25,122501,-2.0263824,-2.4387817,-5.067627
2019-04-08 17:05:25,122521,-2.9792786,-3.760376,-8.3428955
2019-04-08 17:05:25,122542,-1.9389954,-3.6239166,-11.291351
2019-04-08 17:05:25,122561,0.40252686,-5.261551,-10.302551
2019-04-08 17:05:25,122581,0.048187256,-4.5049744,-12.736252
2019-04-08 17:05:25,122602,0.0038909912,-4.816223,-12.49205
2019-04-08 17:05:25,122621,-1.0471649,-5.824188,-12.970886
2019-04-08 17:05:25,122641,-1.5044556,-6.571167,-11.713928
2019-04-08 17:05:25,122662,-0.74668884,-6.432312,-8.687668
2019-04-08 17:05:25,122681,-0.4198761,-5.570404,-6.095932
2019-04-08 17:05:25,122701,-2.190384,-2.5357513,-5.997772
2019-04-08 17:05:25,122722,-2.4058685,1.0699158,-4.569641
2019-04-08 17:05:25,122742,-0.26664734,-2.5441284,-5.050873
2019-04-08 17:05:25,122761,-3.5993805,-0.9507904,-9.270645
2019-04-08 17:05:25,122782,0.4049225,-2.1921844,-11.371567
2019-04-08 17:05:25,122801,3.292328,-9.796158,-9.517258
2019-04-08 17:05:25,122822,-1.3440399,-10.643707,-13.122925
2019-04-08 17:05:25,122842,-3.3695374,-4.9335327,-11.818085
2019-04-08 17:05:25,122861,-2.1089935,-3.4622955,-9.865616
2019-04-08 17:05:25,122882,-0.47853088,-5.301056,-10.205582
2019-04-08 17:05:25,122901,-0.3504486,-5.044876,-9.364029
2019-04-08 17:05:25,122922,-0.70957947,-3.3916779,-8.24353
2019-04-08 17:05:25,122941,-1.3991089,-2.6817932,-7.4821777
2019-04-08 17:05:26,122962,-1.5283966,-1.6690521,-8.06517
2019-04-08 17:05:26,122981,-0.42825317,-3.1678162,-7.2367706
2019-04-08 17:05:26,123002,-1.4410095,-3.384491,-7.803009
2019-04-08 17:05:26,123021,-1.2913666,-2.86734,-8.247131
2019-04-08 17:05:26,123041,-1.3991089,-3.234848,-10.182846
2019-04-08 17:05:26,123062,-0.69999695,-5.3190002,-12.337616
2019-04-08 17:05:26,123081,-0.5144501,-5.9594574,-12.514786
2019-04-08 17:05:26,123101,-0.8891449,-6.488571,-12.092224
2019-04-08 17:05:26,123122,-2.0036469,-5.492584,-10.823288
2019-04-08 17:05:26,123141,-2.1820068,-4.1099396,-10.4461975
2019-04-08 17:05:26,123161,-0.7526703,-3.5460968,-9.325714
2019-04-08 17:05:26,123181,-0.6557007,-3.000229,-8.863632
2019-04-08 17:05:26,123202,-0.39474487,-2.9571228,-7.2798767
2019-04-08 17:05:26,123221,-1.118988,-3.8130493,-7.170929
2019-04-08 17:05:26,123241,-1.7223206,-2.9080505,-8.0507965
2019-04-08 17:05:26,123262,-1.6923981,-2.8158722,-8.281845
2019-04-08 17:05:26,123281,-1.5750732,-3.2180939,-8.910324
2019-04-08 17:05:26,123301,-0.38157654,-3.6634216,-8.620621
2019-04-08 17:05:26,123322,-0.8412628,-5.2830963,-10.010452
2019-04-08 17:05:26,123341,-1.9928741,-3.582016,-12.452545
2019-04-08 17:05:26,123361,-1.0256042,-3.4706879,-11.288956
2019-04-08 17:05:26,123382,0.26965332,-5.17894,-9.104248
2019-04-08 17:05:26,123401,-1.1249695,-3.377304,-9.292191
2019-04-08 17:05:26,123421,-1.3691711,-2.8864899,-8.874405
2019-04-08 17:05:26,123442,-2.0982056,-4.132675,-9.194031
2019-04-08 17:05:26,123461,-1.4745178,-3.6909485,-8.594284
2019-04-08 17:05:26,123481,-0.8891449,-3.5041962,-9.337692
2019-04-08 17:05:26,123502,-0.3217163,-5.0819855,-9.709991
2019-04-08 17:05:26,123522,-1.2111664,-6.033676,-10.71196
2019-04-08 17:05:26,123541,-1.8085175,-3.4132233,-10.721542
2019-04-08 17:05:26,123561,-1.071106,-3.6789856,-9.510071
2019-04-08 17:05:26,123582,-1.4242401,-2.6793976,-10.782593
2019-04-08 17:05:26,123602,0.74490356,-4.26915,-9.929062
2019-04-08 17:05:26,123621,-0.45819092,-6.016922,-8.792999
2019-04-08 17:05:26,123642,-2.0587006,-5.0065613,-7.309799
2019-04-08 17:05:26,123661,-3.9357605,-0.57011414,-9.719559
2019-04-08 17:05:26,123681,-1.1620789,-1.7085571,-10.20079
2019-04-08 17:05:26,123702,1.0453796,-6.3233795,-9.682449
2019-04-08 17:05:26,123721,-0.3612213,-5.168167,-9.683655
2019-04-08 17:05:26,123742,-1.8085175,-3.313858,-11.640915
2019-04-08 17:05:26,123761,-3.2629852,-4.1997223,-13.295303
2019-04-08 17:05:26,123782,-1.549942,-4.882065,-13.413818
2019-04-08 17:05:26,123801,0.3821869,-7.6329956,-10.055954
2019-04-08 17:05:26,123821,-0.9298401,-4.7156677,-8.986938
2019-04-08 17:05:26,123842,-2.7865448,-1.2392883,-8.356064
2019-04-08 17:05:26,123861,-2.921814,0.95858765,-8.041229
2019-04-08 17:05:26,123881,-0.69281006,-1.8426208,-6.7495575
2019-04-08 17:05:26,123902,-1.1776428,-3.4311829,-6.7806854
2019-04-08 17:05:26,123921,-1.8923035,-1.6642609,-8.882782
2019-04-08 17:05:26,123941,-1.7031708,0.2151947,-11.235092
2019-04-08 17:05:27,123961,-1.1776428,-4.9730377,-12.8966675
2019-04-08 17:05:27,123982,-1.4912872,-4.1997223,-13.705902
2019-04-08 17:05:27,124001,-2.257431,0.8340912,-14.043488
2019-04-08 17:05:27,124021,-2.4190369,-4.2332306,-13.819626
2019-04-08 17:05:27,124041,-1.747467,-3.7974854,-10.740692
2019-04-08 17:05:27,124062,-2.6943665,0.13378906,-8.500916
2019-04-08 17:05:27,124081,-2.1437073,-0.4527893,-6.8644714
2019-04-08 17:05:27,124101,-1.5559235,-0.9615631,-6.435913
2019-04-08 17:05:27,124122,-1.7211304,-0.7341156,-5.69252
2019-04-08 17:05:27,124141,-2.759018,0.13258362,-5.5009766
2019-04-08 17:05:27,124162,-2.1257477,0.3600464,-4.9431305
2019-04-08 17:05:27,124181,-4.096176,0.09428406,-6.9865875
2019-04-08 17:05:27,124201,-4.1165314,4.895859,-13.195938
2019-04-08 17:05:27,124222,-0.7550659,1.2147675,-6.0013733
2019-04-08 17:05:27,124241,0.014663696,-3.957901,-12.53035
2019-04-08 17:05:27,124261,-1.233902,1.7247314,-10.330078
2019-04-08 17:05:27,124282,-2.3747406,0.8041687,-9.2287445
2019-04-08 17:05:27,124301,-1.242279,-2.0197906,-7.9634094
2019-04-08 17:05:27,124321,-0.65930176,-2.4375916,-8.73555
2019-04-08 17:05:27,124342,-0.43423462,-0.75086975,-8.433884
2019-04-08 17:05:27,124362,-2.9242096,-2.0437317,-7.308609
2019-04-08 17:05:27,124381,-2.2478485,-0.6874237,-7.6102753
2019-04-08 17:05:27,124402,-0.25946045,0.21638489,-7.9131317
2019-04-08 17:05:27,124422,0.59046936,-1.6044006,-5.668579
2019-04-08 17:05:27,124441,-0.960968,-4.4151917,-7.3708496
2019-04-08 17:05:27,124462,-3.771759,-3.787918,-10.668869
2019-04-08 17:05:27,124482,-1.1369476,-4.0812073,-10.672455
2019-04-08 17:05:27,124502,2.5525208,-7.9047394,-9.299377
2019-04-08 17:05:27,124521,-0.8053436,-9.502869,-11.688797
2019-04-08 17:05:27,124542,-2.3615723,-10.934601,-11.26741
2019-04-08 17:05:27,124561,-0.9992676,-7.8724213,-9.270645
2019-04-08 17:05:27,124582,-1.5379639,-4.495407,-8.226776
2019-04-08 17:05:27,124601,-1.1656647,-3.6634216,-7.0811462
2019-04-08 17:05:27,124621,0.47434998,-5.866089,-7.281067
2019-04-08 17:05:27,124642,0.5988617,-9.265854,-9.677658
2019-04-08 17:05:27,124661,-0.7814026,-10.102615,-9.935043
2019-04-08 17:05:27,124681,-0.73231506,-7.9598083,-7.763504
2019-04-08 17:05:27,124702,-0.82569885,-5.333374,-7.293045
2019-04-08 17:05:27,124721,-0.5755005,-5.8493195,-7.4486694
2019-04-08 17:05:27,124741,-0.07989502,-8.117828,-9.251495
2019-04-08 17:05:27,124761,0.29359436,-10.806519,-10.831665
2019-04-08 17:05:27,124782,-0.78019714,-9.846436,-10.212769
2019-04-08 17:05:27,124801,-1.9461823,-7.6054688,-9.235931
2019-04-08 17:05:27,124821,0.6862488,-9.769821,-8.055588
2019-04-08 17:05:27,124841,-0.15411377,-8.59906,-8.273468
2019-04-08 17:05:27,124862,-1.6576843,-5.763138,-6.537674
2019-04-08 17:05:27,124881,-0.60302734,-5.4387207,-4.8569336
2019-04-08 17:05:27,124901,-0.05355835,-6.4825897,-5.846939
2019-04-08 17:05:27,124922,-1.0842743,-7.131424,-7.6557617
2019-04-08 17:05:27,124941,0.25408936,-7.737152,-8.200439
2019-04-08 17:05:28,124962,0.83348083,-8.983337,-10.061935
2019-04-08 17:05:28,124981,-0.6868286,-7.048813,-9.257477
2019-04-08 17:05:28,125002,0.91967773,-7.4474487,-7.151779
2019-04-08 17:05:28,125021,-0.026031494,-7.527664,-7.5049286
2019-04-08 17:05:28,125041,-1.4026947,-7.409149,-9.051575
2019-04-08 17:05:28,125062,-0.35403442,-8.643356,-9.748291
2019-04-08 17:05:28,125081,0.13917542,-8.634979,-9.727936
2019-04-08 17:05:28,125101,-0.48571777,-6.842911,-9.502884
2019-04-08 17:05:28,125122,-0.4881134,-7.203247,-8.95462
2019-04-08 17:05:28,125142,-0.7730255,-8.057968,-9.094681
2019-04-08 17:05:28,125161,-2.2921448,-5.89003,-11.023209
2019-04-08 17:05:28,125182,-0.545578,-6.1019135,-10.334869
2019-04-08 17:05:28,125201,0.34028625,-7.0081177,-9.794983
2019-04-08 17:05:28,125222,-0.54797363,-4.4331512,-7.9119415
2019-04-08 17:05:28,125242,-0.76823425,-3.0744476,-7.446274
2019-04-08 17:05:28,125261,-0.5084686,-3.1534576,-7.2906494
2019-04-08 17:05:28,125281,-1.4110718,-4.1051483,-8.609848
2019-04-08 17:05:28,125302,-1.9102631,-4.9886017,-9.496902
2019-04-08 17:05:28,125322,-1.7151337,-2.546524,-10.37558
2019-04-08 17:05:28,125341,-0.58387756,-2.9762726,-8.766678
2019-04-08 17:05:28,125362,-2.1401062,-2.7260895,-9.945816
2019-04-08 17:05:28,125381,-2.6847992,3.2462463,-10.433029
2019-04-08 17:05:28,125402,-2.23349,-2.4244232,-9.635773
2019-04-08 17:05:28,125421,-0.99328613,-5.5165253,-10.88913
2019-04-08 17:05:28,125442,-2.2634125,-1.4224396,-9.198822
2019-04-08 17:05:28,125461,-3.6855621,-0.2863922,-9.179672
2019-04-08 17:05:28,125481,-2.7937317,-0.9627533,-7.3708496
2019-04-08 17:05:28,125502,-1.7031708,-0.22175598,-6.052841
2019-04-08 17:05:28,125521,-3.0499115,0.78141785,-5.2041016
2019-04-08 17:05:28,125541,-4.1679993,3.185196,-4.688141
2019-04-08 17:05:28,125561,-1.2111664,1.9270477,-4.917984
2019-04-08 17:05:28,125582,-1.6385193,1.14534,-6.0851593
2019-04-08 17:05:28,125601,-2.4250183,2.1173859,-7.392395
2019-04-08 17:05:28,125621,0.30317688,-1.4727173,-10.565918
2019-04-08 17:05:28,125642,-0.9406128,-4.4618835,-10.158905
2019-04-08 17:05:28,125661,-3.0523071,-2.479477,-10.778992
2019-04-08 17:05:28,125681,-1.7606354,-0.07569885,-9.964966
2019-04-08 17:05:28,125701,-0.92385864,0.44024658,-8.4219055
2019-04-08 17:05:28,125722,-1.3177032,-1.0657043,-9.474152
2019-04-08 17:05:28,125741,-1.0435638,-2.5920105,-10.4857025
2019-04-08 17:05:28,125761,0.49949646,-4.606735,-7.4809875
2019-04-08 17:05:28,125782,-0.6545105,-4.124298,-7.3074036
2019-04-08 17:05:28,125801,-1.3464355,-2.522583,-8.368042
2019-04-08 17:05:28,125821,-0.76942444,-2.9654999,-9.09108
2019-04-08 17:05:28,125842,0.16072083,-3.9052277,-7.5168915
2019-04-08 17:05:28,125861,0.0493927,-3.5987701,-6.5831604
2019-04-08 17:05:28,125881,-1.075882,-3.1702118,-6.28508
2019-04-08 17:05:28,125902,-0.8244934,-5.2723236,-10.466553
2019-04-08 17:05:28,125921,-0.3396759,-9.460968,-13.3515625
2019-04-08 17:05:28,125941,-0.5719147,-10.058334,-14.134476
2019-04-08 17:05:29,125962,-0.58148193,-8.583496,-9.320923
2019-04-08 17:05:29,125981,-1.2758026,-6.416748,-6.1366425
2019-04-08 17:05:29,126002,-0.6150055,-5.597931,-6.6621704
2019-04-08 17:05:29,126022,1.7768097,-6.9003754,-6.1007233
2019-04-08 17:05:29,126042,0.6383667,-7.2918243,-8.256699
2019-04-08 17:05:29,126061,-0.46296692,-8.980942,-10.982498
2019-04-08 17:05:29,126082,-0.13735962,-8.886368,-10.717941
2019-04-08 17:05:29,126101,-1.0220184,-6.042053,-8.7582855
2019-04-08 17:05:29,126122,0.66230774,-7.3085938,-7.964615
2019-04-08 17:05:29,126141,0.3570404,-10.623367,-9.844055
2019-04-08 17:05:29,126162,-0.17686462,-8.437454,-8.820541
2019-04-08 17:05:29,126181,-2.0551147,-5.6805267,-8.454224
2019-04-08 17:05:29,126202,-0.39952087,-7.874817,-7.146988
2019-04-08 17:05:29,126221,0.18226624,-11.48288,-8.496124
2019-04-08 17:05:29,126242,0.5030823,-13.44133,-12.288544
2019-04-08 17:05:29,126261,-1.0088501,-9.325699,-10.042786
2019-04-08 17:05:29,126281,0.5605469,-6.7710876,-5.9474945
2019-04-08 17:05:29,126301,1.102829,-5.9211426,-3.9950256
2019-04-08 17:05:29,126321,-0.59225464,-6.5173035,-5.1370544
2019-04-08 17:05:29,126341,-1.763031,-5.9319153,-8.1250305
2019-04-08 17:05:29,126361,-0.35882568,-7.1493683,-9.572327
2019-04-08 17:05:29,126382,0.36183167,-8.24353,-9.1449585
2019-04-08 17:05:29,126401,-0.93104553,-7.1924744,-9.338882
2019-04-08 17:05:29,126421,-0.32530212,-7.3588715,-6.2743073
2019-04-08 17:05:29,126442,-0.40670776,-7.9634094,-4.9467163
2019-04-08 17:05:29,126461,-1.870758,-7.6090546,-6.5197144
2019-04-08 17:05:29,126481,-2.4226227,-7.024872,-9.611816
2019-04-08 17:05:29,126501,-1.257843,-6.8285522,-10.880753
2019-04-08 17:05:29,126521,-0.27023315,-7.2403564,-10.35762
2019-04-08 17:05:29,126542,-0.43304443,-6.7782745,-9.416702
2019-04-08 17:05:29,126561,-0.78019714,-5.949875,-8.013687
2019-04-08 17:05:29,126581,-1.2650299,-5.127472,-7.621048
2019-04-08 17:05:29,126602,-1.8288574,-4.442734,-9.6549225
2019-04-08 17:05:29,126621,-2.281372,-4.4726562,-10.524017
2019-04-08 17:05:29,126641,-1.6145782,-4.8844604,-9.287415
2019-04-08 17:05:29,126662,-0.3624115,-4.380478,-8.133408
2019-04-08 17:05:29,126681,-0.6174011,-2.9331818,-7.8808136
2019-04-08 17:05:29,126702,-1.0938416,-1.3733673,-8.362045
2019-04-08 17:05:29,126721,-1.8444214,-2.3849182,-9.083908
2019-04-08 17:05:29,126741,-2.0634918,-1.6858063,-10.127777
2019-04-08 17:05:29,126762,-0.8244934,0.040420532,-9.923065
2019-04-08 17:05:29,126781,-1.1716614,-1.8893127,-10.2283325
2019-04-08 17:05:29,126801,-1.8827362,-3.198944,-10.393524
2019-04-08 17:05:29,126822,-1.5176239,-2.8972778,-9.322128
2019-04-08 17:05:29,126841,-2.7949219,-1.38414,-9.523239
2019-04-08 17:05:29,126862,-2.7566223,-0.26843262,-8.49852
2019-04-08 17:05:29,126882,-1.5295868,1.5535431,-7.024887
2019-04-08 17:05:29,126901,-1.6229706,1.5068665,-5.9630585
2019-04-08 17:05:29,126922,-2.6069794,1.026825,-5.7332153
2019-04-08 17:05:29,126942,-2.4465637,0.5192566,-5.360916
2019-04-08 17:05:30,126961,-3.4856567,-1.1387329,-8.057983
2019-04-08 17:05:30,126982,-2.6668396,-1.2081604,-7.977783
2019-04-08 17:05:30,127002,-2.1580658,0.57432556,-9.180862
2019-04-08 17:05:30,127021,-2.3699493,1.6768494,-10.3229065
2019-04-08 17:05:30,127042,-0.6664734,-0.29597473,-8.233963
2019-04-08 17:05:30,127061,-2.8248596,-0.9914856,-8.943848
2019-04-08 17:05:30,127082,-2.8751373,-1.3182983,-9.450211
2019-04-08 17:05:30,127101,-1.9856873,-1.1183777,-8.522461
2019-04-08 17:05:30,127121,-2.1029968,-0.5796814,-7.98497
2019-04-08 17:05:30,127142,-0.56951904,-2.0569,-9.403534
2019-04-08 17:05:30,127162,-0.46177673,-3.4682922,-8.1058655
2019-04-08 17:05:30,127181,-1.202774,-2.9870605,-6.744766
2019-04-08 17:05:30,127202,-0.9537811,-1.2584381,-7.1410065
2019-04-08 17:05:30,127221,-0.34684753,-1.5205994,-8.062775
2019-04-08 17:05:30,127242,1.0753021,-3.3114624,-6.9087677
2019-04-08 17:05:30,127261,0.26127625,-4.2176666,-8.225586
2019-04-08 17:05:30,127281,-0.37678528,-4.9646606,-11.664856
2019-04-08 17:05:30,127302,0.48632812,-5.965439,-10.273819
2019-04-08 17:05:30,127321,-0.46536255,-6.396393,-9.330505
2019-04-08 17:05:30,127341,0.0038909912,-7.950241,-10.285797
2019-04-08 17:05:30,127362,1.0729065,-9.572311,-10.963348
2019-04-08 17:05:30,127381,0.68504333,-9.697998,-9.40831
2019-04-08 17:05:30,127401,-0.763443,-8.703217,-8.552383
2019-04-08 17:05:30,127422,-0.6724701,-7.03804,-6.410782
2019-04-08 17:05:30,127441,-0.38635254,-6.329361,-7.0703735
2019-04-08 17:05:30,127462,0.2947998,-8.1345825,-8.612244
2019-04-08 17:05:30,127481,0.031433105,-8.206421,-8.372818
2019-04-08 17:05:30,127501,0.0493927,-7.124237,-7.7132263
2019-04-08 17:05:30,127522,0.3570404,-7.5061035,-8.02327
2019-04-08 17:05:30,127541,-0.19003296,-7.7347565,-7.806595
2019-04-08 17:05:30,127561,-1.0519409,-7.448654,-7.969406
2019-04-08 17:05:30,127582,-0.36001587,-9.113815,-8.850464
2019-04-08 17:05:30,127601,-0.078704834,-10.59343,-10.063126
2019-04-08 17:05:30,127621,-0.6185913,-10.433014,-10.570694
2019-04-08 17:05:30,127642,-2.0347595,-9.487305,-9.409515
2019-04-08 17:05:30,127661,-1.3643951,-9.173676,-7.249939
2019-04-08 17:05:30,127682,-0.28819275,-9.244293,-6.9794006
2019-04-08 17:05:30,127702,-0.3001709,-9.325699,-7.8006134
2019-04-08 17:05:30,127721,-0.55874634,-7.218811,-7.8461
2019-04-08 17:05:30,127742,-0.28819275,-6.076767,-8.346481
2019-04-08 17:05:30,127761,0.31874084,-8.375198,-8.473373
2019-04-08 17:05:30,127782,-0.37199402,-8.390762,-7.416336
2019-04-08 17:05:30,127801,-1.3141174,-6.1497955,-6.6909027
2019-04-08 17:05:30,127822,-1.5403595,-4.74559,-6.0971375
2019-04-08 17:05:30,127841,-1.6672516,-4.712082,-6.2120514
2019-04-08 17:05:30,127862,-1.0268097,-5.190918,-7.8556824
2019-04-08 17:05:30,127881,-0.19003296,-6.233597,-9.675262
2019-04-08 17:05:30,127902,-0.1277771,-6.777069,-11.85759
2019-04-08 17:05:30,127921,0.3761902,-6.988968,-10.527603
2019-04-08 17:05:30,127942,-0.8101349,-6.249161,-10.179245
2019-04-08 17:05:31,127961,0.50068665,-5.326187,-10.313324
2019-04-08 17:05:31,127981,0.71138,-7.412735,-9.765045
2019-04-08 17:05:31,128002,-0.2941742,-7.883194,-10.35881
2019-04-08 17:05:31,128021,-0.20559692,-5.6398315,-10.409088
2019-04-08 17:05:31,128042,-0.38755798,-4.32901,-10.143341
2019-04-08 17:05:31,128061,-0.58387756,-4.6677856,-9.140167
2019-04-08 17:05:31,128081,-1.2243347,-4.198517,-7.9837646
2019-04-08 17:05:31,128102,-2.4525604,-1.3661804,-7.676117
2019-04-08 17:05:31,128121,-1.218338,-1.9910583,-7.340927
2019-04-08 17:05:31,128142,-1.2913666,-4.8210144,-7.732376
2019-04-08 17:05:31,128161,-1.4194489,-3.4024506,-8.308182
2019-04-08 17:05:31,128181,-1.3452301,-0.32948303,-7.949051
2019-04-08 17:05:31,128202,-1.5188141,-1.0202179,-9.032425
2019-04-08 17:05:31,128221,-3.9034424,-1.0728912,-10.641327
2019-04-08 17:05:31,128241,-2.7769623,-0.80233765,-9.581894
2019-04-08 17:05:31,128262,-1.7259064,-1.8557892,-8.838501
2019-04-08 17:05:31,128281,-3.450943,0.0715332,-9.535202
2019-04-08 17:05:31,128301,-2.9110413,-0.2863922,-7.4187317
2019-04-08 17:05:31,128322,-1.3631897,-0.27682495,-6.593933
2019-04-08 17:05:31,128341,-2.2286987,0.5204468,-6.0731964
2019-04-08 17:05:31,128361,-3.541916,1.1046295,-7.0859375
2019-04-08 17:05:31,128382,-3.5395203,1.050766,-5.752365
2019-04-08 17:05:31,128401,-2.6033936,1.0651398,-7.962219
2019-04-08 17:05:31,128421,-0.34805298,0.6126251,-6.281494
2019-04-08 17:05:31,128441,0.013473511,-0.6191864,-5.510559
2019-04-08 17:05:31,128461,-3.8172455,0.38757324,-8.482956
2019-04-08 17:05:31,128482,-2.6788025,1.387146,-11.910263
2019-04-08 17:05:31,128501,1.3853455,-1.3769531,-9.881165
2019-04-08 17:05:31,128522,0.09727478,-3.0756378,-8.552383
2019-04-08 17:05:31,128541,-2.051529,-2.4615326,-10.635345
2019-04-08 17:05:31,128562,-2.0563202,-3.1139526,-10.67485
2019-04-08 17:05:31,128582,-1.8204803,-4.3673096,-8.885178
2019-04-08 17:05:31,128602,-0.86997986,-4.0668335,-8.1645355
2019-04-08 17:05:31,128621,-1.0567322,-3.9136047,-8.824127
2019-04-08 17:05:31,128642,-1.1656647,-4.2080994,-9.88237
2019-04-08 17:05:31,128661,-0.78738403,-3.740036,-7.170929
2019-04-08 17:05:31,128682,-1.3715668,-2.4902496,-7.43071
2019-04-08 17:05:31,128701,-0.21278381,-2.8888855,-8.193253
2019-04-08 17:05:31,128722,0.5378113,-6.614273,-6.4215546
2019-04-08 17:05:31,128741,-1.7546387,-6.456253,-8.828918
2019-04-08 17:05:31,128762,0.8885498,-5.8612976,-12.656052
2019-04-08 17:05:31,128781,1.0441742,-9.243103,-11.323685
2019-04-08 17:05:31,128801,0.27563477,-7.562378,-8.73674
2019-04-08 17:05:31,128822,1.4847107,-7.5061035,-5.3728943
2019-04-08 17:05:31,128841,-2.9792786,-8.894745,-7.7694855
2019-04-08 17:05:31,128862,1.1962128,-13.42218,-10.984894
2019-04-08 17:05:31,128881,2.0222015,-11.090225,-9.083908
2019-04-08 17:05:31,128902,-0.6724701,-8.286621,-9.439438
2019-04-08 17:05:31,128921,-1.5547333,-9.826096,-11.400299
2019-04-08 17:05:31,128941,-1.1920013,-9.481323,-8.621826
2019-04-08 17:05:32,128962,-1.3260803,-6.3425293,-5.166992
2019-04-08 17:05:32,128981,-1.6385193,-3.5329285,-2.9104462
2019-04-08 17:05:32,129001,-1.0088501,-3.9375458,-5.170578
2019-04-08 17:05:32,129021,-0.15052795,-6.6166687,-9.047989
2019-04-08 17:05:32,129041,-0.17926025,-10.9561615,-11.707947
2019-04-08 17:05:32,129062,-1.9234314,-9.140152,-12.205948
2019-04-08 17:05:32,129081,0.19303894,-8.326126,-8.290222
2019-04-08 17:05:32,129101,-1.3380585,-6.54245,-4.435562
2019-04-08 17:05:32,129122,-2.0299835,-4.235626,-4.5552673
2019-04-08 17:05:32,129141,2.165863,-11.219513,-7.3349304
2019-04-08 17:05:32,129161,2.3107147,-15.966019,-18.167496
2019-04-08 17:05:32,129182,-3.9752655,-8.309357,-13.69873
2019-04-08 17:05:32,129201,-1.3488312,-3.7867126,-4.435562
2019-04-08 17:05:32,129221,0.9747467,-7.43309,-3.019394
2019-04-08 17:05:32,129242,-0.44381714,-8.405136,-7.1817017
2019-04-08 17:05:32,129261,-2.688385,-5.7355957,-9.793777
2019-04-08 17:05:32,129281,-1.2351074,-4.7156677,-10.531204
2019-04-08 17:05:32,129302,0.18106079,-5.3860474,-9.195236
2019-04-08 17:05:32,129322,0.513855,-5.7786865,-7.981369
2019-04-08 17:05:32,129342,-0.19003296,-6.0384674,-7.7850494
2019-04-08 17:05:32,129361,-1.3248901,-5.660187,-8.330933
2019-04-08 17:05:32,129382,-0.72154236,-5.451889,-9.180862
2019-04-08 17:05:32,129401,-0.13616943,-5.005371,-10.6987915
2019-04-08 17:05:32,129422,-0.10623169,-4.229645,-10.221146
2019-04-08 17:05:32,129442,-0.12898254,-4.42836,-9.164108
2019-04-08 17:05:32,129461,-2.004837,-3.5963745,-11.326065
2019-04-08 17:05:32,129482,-2.9313965,-1.0621185,-12.043137
2019-04-08 17:05:32,129501,-0.4126892,-6.115082,-8.245926
2019-04-08 17:05:32,129522,-1.1261597,-7.211624,-7.7658997
2019-04-08 17:05:32,129541,0.15472412,-2.0054321,-6.3700714
2019-04-08 17:05:32,129562,-3.2234802,1.2004089,-7.795822
2019-04-08 17:05:32,129581,-4.7078857,0.66290283,-9.137772
2019-04-08 17:05:32,129602,-1.3739624,-1.5397644,-8.193253
2019-04-08 17:05:32,129621,-0.8496399,-2.0257874,-8.346481
2019-04-08 17:05:32,129642,-3.4257965,0.40792847,-8.575134
2019-04-08 17:05:32,129661,-3.5167694,0.5946655,-8.110657
2019-04-08 17:05:32,129682,-2.7865448,-0.10803223,-7.446274
2019-04-08 17:05:32,129701,-2.3507996,-0.020645142,-6.506546
2019-04-08 17:05:32,129721,-2.9278107,1.0340118,-7.9753876
2019-04-08 17:05:32,129742,-3.9225922,0.47735596,-6.906372
2019-04-08 17:05:32,129761,-2.1281433,-0.6263733,-6.917145
2019-04-08 17:05:32,129781,-2.265808,0.016479492,-7.1457977
2019-04-08 17:05:32,129801,-2.0958252,0.9154968,-7.7491302
2019-04-08 17:05:32,129821,-1.3332672,0.87120056,-8.872009
2019-04-08 17:05:32,129842,-0.5826874,-0.87057495,-8.000519
2019-04-08 17:05:32,129861,-1.7881622,-2.8398132,-8.40155
2019-04-08 17:05:32,129882,-2.1137695,-2.6315155,-9.730331
2019-04-08 17:05:32,129901,-0.7933655,-2.0581055,-9.292191
2019-04-08 17:05:32,129921,-0.27742004,-2.677002,-8.662521
2019-04-08 17:05:32,129942,-0.76823425,-3.3785095,-9.651321
2019-04-08 17:05:33,129961,-1.0028687,-4.1290894,-8.967789
2019-04-08 17:05:33,129981,-0.7143707,-4.882065,-7.92511
2019-04-08 17:05:33,130002,-0.84843445,-4.6354675,-7.6940613
2019-04-08 17:05:33,130021,-0.22953796,-4.3840637,-8.897156
2019-04-08 17:05:33,130041,0.1403656,-6.1102905,-7.8915863
2019-04-08 17:05:33,130062,-1.3955078,-6.073181,-8.358459
2019-04-08 17:05:33,130082,-0.86520386,-4.8449554,-9.069534
2019-04-08 17:05:33,130101,1.0310059,-5.899597,-8.757095
2019-04-08 17:05:33,130121,0.8694,-7.984955,-10.476135
2019-04-08 17:05:33,130142,0.6132202,-10.041565,-11.359589
2019-04-08 17:05:33,130161,0.091278076,-10.488083,-10.490494
2019-04-08 17:05:33,130182,0.31155396,-8.576324,-8.682877
2019-04-08 17:05:33,130202,-0.47494507,-7.7970123,-8.152557
2019-04-08 17:05:33,130221,-0.16609192,-8.408722,-7.557602
2019-04-08 17:05:33,130242,-0.23551941,-9.283798,-8.108261
2019-04-08 17:05:33,130262,-1.0268097,-8.571533,-8.1848755
2019-04-08 17:05:33,130281,-1.2327118,-7.577942,-7.9909515
2019-04-08 17:05:33,130302,-0.8113251,-6.3030243,-7.715622
2019-04-08 17:05:33,130321,-0.11102295,-6.6035004,-7.806595
2019-04-08 17:05:33,130342,-0.5383911,-8.484146,-8.487747
2019-04-08 17:05:33,130361,-2.0371552,-8.783417,-10.415085
2019-04-08 17:05:33,130382,-0.9250488,-9.176071,-10.069122
2019-04-08 17:05:33,130401,0.7784271,-10.342041,-9.932648
2019-04-08 17:05:33,130421,1.5756836,-10.938202,-10.561127
2019-04-08 17:05:33,130442,1.0130463,-9.848831,-9.536407
2019-04-08 17:05:33,130461,1.1878357,-7.3073883,-6.787857
2019-04-08 17:05:33,130481,-1.3464355,-5.4937897,-4.751587
2019-04-08 17:05:33,130501,-2.5950165,-5.726013,-4.5289307
2019-04-08 17:05:33,130522,-1.055542,-5.6434174,-7.819763
2019-04-08 17:05:33,130541,-0.40312195,-5.5368805,-8.826523
2019-04-08 17:05:33,130562,0.02305603,-6.112686,-8.551193
2019-04-08 17:05:33,130581,-0.26664734,-5.8529205,-8.133408
2019-04-08 17:05:33,130601,-0.427063,-5.2675323,-8.642166
2019-04-08 17:05:33,130621,-0.5886688,-6.0396576,-10.998062
2019-04-08 17:05:33,130642,-0.38755798,-6.890793,-13.593384
2019-04-08 17:05:33,130661,-0.27023315,-6.5951233,-12.240662
2019-04-08 17:05:33,130681,0.61561584,-5.3561096,-8.686462
2019-04-08 17:05:33,130702,0.26127625,-5.116699,-7.629425
2019-04-08 17:05:33,130721,-1.3464355,-6.081558,-8.272263
2019-04-08 17:05:33,130741,-2.4417877,-5.247177,-8.784622
2019-04-08 17:05:33,130762,-2.700348,-2.94516,-10.2379
2019-04-08 17:05:33,130781,-0.9908905,-2.348999,-10.708374
2019-04-08 17:05:33,130801,0.47914124,-3.9555054,-8.976166
2019-04-08 17:05:33,130822,-0.59225464,-3.6825714,-8.63739
2019-04-08 17:05:33,130841,-1.5116272,-2.0437317,-7.182907
2019-04-08 17:05:33,130861,-3.0355377,-1.5265961,-7.8161774
2019-04-08 17:05:33,130882,-3.6149445,-1.5960236,-9.529221
2019-04-08 17:05:33,130901,-2.921814,-1.9252319,-10.166077
2019-04-08 17:05:33,130922,-1.2075653,-1.8976898,-10.20079
2019-04-08 17:05:33,130941,-1.6349335,0.7251587,-8.804977
2019-04-08 17:05:34,130962,-1.8851318,1.0136566,-4.435562
2019-04-08 17:05:34,130982,-2.7470398,0.24032593,-4.7683563
2019-04-08 17:05:34,131001,-2.2909393,0.038024902,-3.9758759
2019-04-08 17:05:34,131022,-3.3910828,0.6461487,-8.217194
2019-04-08 17:05:34,131041,-2.6153564,0.37321472,-7.2439575
2019-04-08 17:05:34,131061,-1.8049164,1.4326477,-7.641388
2019-04-08 17:05:34,131081,-0.9250488,0.98013306,-8.06636
2019-04-08 17:05:34,131102,-0.6257782,-1.0309906,-3.8573608
2019-04-08 17:05:34,131121,-2.1413116,0.99809265,-3.601181
2019-04-08 17:05:34,131142,-5.6595917,5.102951,-14.753372
2019-04-08 17:05:34,131161,1.608017,-3.7627716,-18.411713
2019-04-08 17:05:34,131182,6.1402283,-10.223526,-6.644211
2019-04-08 17:05:34,131201,-2.1736298,-4.90361,-3.166626
2019-04-08 17:05:34,131221,-5.768524,-0.934021,-8.394379
2019-04-08 17:05:34,131242,-3.9956207,-1.5840454,-12.842804
2019-04-08 17:05:34,131261,1.7444763,-4.7934723,-7.7730713
2019-04-08 17:05:34,131282,1.2788086,-5.0676117,-9.049179
2019-04-08 17:05:34,131302,-3.2593994,-5.0424805,-9.200027
2019-04-08 17:05:34,131322,-2.499237,-5.820587,-7.43071
2019-04-08 17:05:34,131341,-1.8791504,-6.2000732,-9.201218
2019-04-08 17:05:34,131362,3.0708618,-8.224365,-5.9115906
2019-04-08 17:05:34,131381,2.4759064,-8.310562,-3.1319122
2019-04-08 17:05:34,131401,-3.965683,-2.6327057,-6.307831
2019-04-08 17:05:34,131422,0.45401,-3.4850464,-13.011597
2019-04-08 17:05:34,131441,6.250366,-16.956024,-13.623306
2019-04-08 17:05:34,131461,-0.14094543,-14.828781,-10.908279
2019-04-08 17:05:34,131481,-6.634033,-3.2408447,-7.7287903
2019-04-08 17:05:34,131502,-0.7825928,-6.238373,-7.002136
2019-04-08 17:05:34,131521,2.378952,-14.633652,-13.710693
2019-04-08 17:05:34,131541,0.4324646,-12.41423,-11.616974
2019-04-08 17:05:34,131562,-1.6217651,-5.8696747,-4.8389893
2019-04-08 17:05:34,131581,-0.6150055,-4.2882996,-3.2635956
2019-04-08 17:05:34,131601,-0.2319336,-5.4375153,-6.276703
2019-04-08 17:05:34,131621,-0.39593506,-7.076355,-7.8556824
2019-04-08 17:05:34,131641,-1.5439606,-6.04924,-8.846878
2019-04-08 17:05:34,131661,-2.7207031,-6.2216187,-8.024475
2019-04-08 17:05:34,131681,0.24092102,-7.3433075,-7.305008
2019-04-08 17:05:34,131701,1.3434601,-10.065506,-9.180862
2019-04-08 17:05:34,131721,0.115234375,-12.065872,-12.276566
2019-04-08 17:05:34,131741,-1.2147522,-14.05545,-12.798508
2019-04-08 17:05:34,131761,-1.2111664,-10.7430725,-9.986511
2019-04-08 17:05:34,131782,0.6754761,-7.606659,-8.344101
2019-04-08 17:05:34,131801,0.64793396,-6.7160187,-6.103119
2019-04-08 17:05:34,131822,-1.8516083,-5.037689,-5.933136
2019-04-08 17:05:34,131841,-1.8420258,-5.3860474,-6.992569
2019-04-08 17:05:34,131862,-0.8795624,-6.717224,-8.333313
2019-04-08 17:05:34,131881,-0.5862732,-6.212036,-8.873215
2019-04-08 17:05:34,131902,-0.040390015,-3.5987701,-7.395996
2019-04-08 17:05:34,131921,-0.9908905,-2.3154755,-8.230362
2019-04-08 17:05:34,131941,-0.02961731,-3.85495,-9.469376
2019-04-08 17:05:35,131962,0.9424286,-7.155365,-10.938217
2019-04-08 17:05:35,131981,-1.2698212,-7.5336456,-12.172424
2019-04-08 17:05:35,132003,-1.4110718,-4.633072,-12.732666
2019-04-08 17:05:35,132021,-0.93821716,-6.257538,-12.537537
2019-04-08 17:05:35,132043,-1.8480225,-8.864822,-12.620132
2019-04-08 17:05:35,132061,-0.9071045,-6.851288,-9.870392
2019-04-08 17:05:35,132082,-2.1891937,0.9142914,-10.186432
2019-04-08 17:05:35,132101,-2.3304443,0.69044495,-9.270645
2019-04-08 17:05:35,132121,-2.8344269,-3.0756378,-8.783432
2019-04-08 17:05:35,132142,-0.102645874,-5.471039,-6.4454956
2019-04-08 17:05:35,132161,-0.0942688,-4.3158417,-2.6195526
2019-04-08 17:05:35,132182,-7.88739,7.383438,-2.9595337
2019-04-08 17:05:35,132201,0.4336548,1.3608093,-3.6430817
2019-04-08 17:05:35,132221,-3.253418,2.6955872,-5.6458282
2019-04-08 17:05:35,132242,-1.8540039,7.4887695,-7.582733
2019-04-08 17:05:35,132261,-0.6796417,2.216751,-11.065109
2019-04-08 17:05:35,132281,-2.0431519,-1.9683228,-17.312775
2019-04-08 17:05:35,132302,-2.4094543,-4.1027527,-13.733444
2019-04-08 17:05:35,132321,-2.779358,-3.2564087,-9.129395
2019-04-08 17:05:35,132341,-1.3476257,-2.562088,-6.6466064
2019-04-08 17:05:35,132362,-3.5790253,1.8647919,-5.2998657
2019-04-08 17:05:35,132381,-1.9138641,2.7243195,-5.8289795
2019-04-08 17:05:35,132401,-1.5690918,2.395111,-7.617447
2019-04-08 17:05:35,132422,1.1591034,-1.439209,-6.7818756
2019-04-08 17:05:35,132441,-0.332489,-5.7535553,-8.680481
2019-04-08 17:05:35,132461,-1.786972,-6.7986298,-10.010452
2019-04-08 17:05:35,132482,-0.26545715,-3.1845703,-6.6190643
2019-04-08 17:05:35,132501,-0.664093,-0.6862335,-4.870102
2019-04-08 17:05:35,132521,-2.0168152,-2.1323242,-9.628586
2019-04-08 17:05:35,132542,0.9496002,-6.887207,-10.319305
2019-04-08 17:05:35,132561,2.928421,-8.484146,-8.949829
2019-04-08 17:05:35,132581,-0.1337738,-6.689682,-8.142975
2019-04-08 17:05:35,132602,-0.842453,-6.332947,-8.99292
2019-04-08 17:05:35,132622,-0.7454834,-6.670532,-7.739563
2019-04-08 17:05:35,132641,-0.057159424,-7.2439423,-5.490204
2019-04-08 17:05:35,132662,-1.1560974,-6.870453,-6.213257
2019-04-08 17:05:35,132681,0.5054779,-6.712433,-7.791031
2019-04-08 17:05:35,132702,0.93284607,-4.704895,-6.589142
2019-04-08 17:05:35,132722,0.47076416,-4.8377686,-7.653366
2019-04-08 17:05:35,132742,-0.40670776,-7.929886,-8.962997
2019-04-08 17:05:35,132761,-0.66049194,-11.728287,-9.800964
2019-04-08 17:05:35,132782,-0.9190674,-10.466537,-8.481766
2019-04-08 17:05:35,132801,-1.8276672,-6.6669464,-6.558014
2019-04-08 17:05:35,132821,-1.1644745,-7.0715637,-6.5747833
2019-04-08 17:05:35,132842,0.70181274,-11.133331,-8.554779
2019-04-08 17:05:35,132861,-1.4086761,-9.378372,-9.274246
2019-04-08 17:05:35,132882,-1.1872253,-6.322174,-6.095932
2019-04-08 17:05:35,132901,-1.079483,-4.099167,-4.372116
2019-04-08 17:05:35,132922,-0.81611633,-4.2212677,-4.3661346
2019-04-08 17:05:35,132941,-1.0483551,-6.152191,-6.6896973
2019-04-08 17:05:36,132961,0.82270813,-8.668488,-11.321289
2019-04-08 17:05:36,132981,-0.52641296,-12.624908,-13.230652
2019-04-08 17:05:36,133002,-2.1652527,-7.191269,-8.431488
2019-04-08 17:05:36,133021,-0.4845276,-5.3429413,-5.5919647
2019-04-08 17:05:36,133041,0.38337708,-7.5420227,-4.588791
2019-04-08 17:05:36,133061,-0.4953003,-8.752289,-7.672516
2019-04-08 17:05:36,133082,-1.5331879,-10.197189,-13.541901
2019-04-08 17:05:36,133101,-2.2442627,-9.064728,-14.551056
2019-04-08 17:05:36,133121,0.8993225,-7.6006775,-9.420288
2019-04-08 17:05:36,133142,0.85025024,-6.6681366,-8.508102
2019-04-08 17:05:36,133161,-1.1489105,-7.725174,-10.960953
2019-04-08 17:05:36,133181,-0.17327881,-10.603012,-11.120178
2019-04-08 17:05:36,133201,-0.9573822,-7.6042786,-9.092285
2019-04-08 17:05:36,133222,-0.7622528,-3.333023,-7.09552
2019-04-08 17:05:36,133241,0.117614746,-4.1302795,-8.189667
2019-04-08 17:05:36,133261,-1.1058197,-3.5197601,-8.966583
2019-04-08 17:05:36,133282,0.1583252,-2.9283905,-8.509293
2019-04-08 17:05:36,133301,0.335495,-6.787842,-6.455063
2019-04-08 17:05:36,133321,-4.048294,-3.1283112,-13.455719
2019-04-08 17:05:36,133342,-0.7514801,4.2853394,-15.165176
2019-04-08 17:05:36,133362,2.1012115,-7.340912,-9.630981
2019-04-08 17:05:36,133381,-3.024765,-8.18486,-13.774139
2019-04-08 17:05:36,133401,-3.483261,4.679184,-9.727936
2019-04-08 17:05:36,133422,-5.871475,-0.37617493,-10.223541
2019-04-08 17:05:36,133441,-0.7538605,-6.648987,-8.51767
2019-04-08 17:05:36,133462,-0.033218384,-1.4403992,-6.183319
2019-04-08 17:05:36,133481,-3.3851013,2.043167,-5.387253
2019-04-08 17:05:36,133502,-2.577057,0.5611572,-3.6191406
2019-04-08 17:05:36,133522,-3.3946686,1.0579529,-4.1051636
2019-04-08 17:05:36,133542,-4.017166,2.1138,-5.758362
2019-04-08 17:05:36,133561,-3.0630798,0.6174164,-6.003769
2019-04-08 17:05:36,133581,-0.40670776,0.4546051,-7.063202
2019-04-08 17:05:36,133602,-3.167221,0.24032593,-8.740341
2019-04-08 17:05:36,133621,-1.2171478,-2.1802063,-9.717163
2019-04-08 17:05:36,133642,-0.012863159,-0.9304352,-8.621826
2019-04-08 17:05:36,133662,-1.4757233,0.9669647,-8.958206
2019-04-08 17:05:36,133681,-1.0938416,-0.6491089,-7.9370728
2019-04-08 17:05:36,133701,-1.5990143,-2.340622,-7.1613617
2019-04-08 17:05:36,133722,-1.9737091,-1.815094,-7.041641
2019-04-08 17:05:36,133741,-0.7742157,-1.2237244,-7.691681
2019-04-08 17:05:36,133762,-0.46296692,-2.475891,-9.709991
2019-04-08 17:05:36,133781,0.40852356,-4.4187927,-10.377975
2019-04-08 17:05:36,133801,-0.31932068,-5.290283,-9.317337
2019-04-08 17:05:36,133821,-1.4757233,-5.072403,-9.295792
2019-04-08 17:05:36,133841,-1.2003937,-6.353302,-9.265854
2019-04-08 17:05:36,133862,-0.05834961,-6.657364,-9.286209
2019-04-08 17:05:36,133881,0.44921875,-8.061569,-9.087494
2019-04-08 17:05:36,133902,0.19543457,-8.0112915,-9.601044
2019-04-08 17:05:36,133921,0.38935852,-7.646164,-8.997711
2019-04-08 17:05:36,133941,0.22895813,-6.9315033,-7.127838
2019-04-08 17:05:37,133962,-0.4701538,-5.6553955,-6.12706
2019-04-08 17:05:37,133981,-0.25108337,-5.9594574,-6.5795746
2019-04-08 17:05:37,134002,-0.15771484,-5.400406,-7.167343
2019-04-08 17:05:37,134021,0.5988617,-7.6940613,-9.536407
2019-04-08 17:05:37,134041,0.23973083,-12.0203705,-14.218262
2019-04-08 17:05:37,134062,-1.1776428,-12.905029,-13.290512
2019-04-08 17:05:37,134081,-1.218338,-10.576675,-10.575485
2019-04-08 17:05:37,134102,-0.21636963,-8.948624,-8.24353
2019-04-08 17:05:37,134121,-0.30615234,-8.041214,-6.882431
2019-04-08 17:05:37,134141,-0.8807678,-7.6054688,-5.696106
2019-04-08 17:05:37,134162,-0.84843445,-6.708847,-5.782303
2019-04-08 17:05:37,134181,-0.56114197,-6.9566345,-7.7575073
2019-04-08 17:05:37,134201,-1.3236847,-6.982971,-9.087494
2019-04-08 17:05:37,134222,-2.4741058,-5.8852386,-8.214813
2019-04-08 17:05:37,134241,0.4875183,-5.439911,-5.910385
2019-04-08 17:05:37,134261,1.082489,-7.366043,-7.8089905
2019-04-08 17:05:37,134281,0.10923767,-7.8700256,-10.014053
2019-04-08 17:05:37,134301,0.6898346,-9.129379,-11.44458
2019-04-08 17:05:37,134322,0.030227661,-8.394363,-10.196014
2019-04-08 17:05:37,134342,-0.5467682,-7.4079437,-8.702026
2019-04-08 17:05:37,134361,-0.32769775,-7.9179077,-8.233963
2019-04-08 17:05:37,134382,-0.17327881,-7.4426575,-8.91272
2019-04-08 17:05:37,134401,0.3283081,-7.03685,-9.344864
2019-04-08 17:05:37,134422,-0.31573486,-6.274292,-9.844055
2019-04-08 17:05:37,134442,-0.9298401,-5.803833,-9.571121
2019-04-08 17:05:37,134461,-0.5958557,-5.977417,-8.795395
2019-04-08 17:05:37,134482,-0.042785645,-5.5201263,-7.8568726
2019-04-08 17:05:37,134501,-0.5383911,-3.8130493,-7.032074
2019-04-08 17:05:37,134522,-1.5247955,-2.7105255,-8.594284
2019-04-08 17:05:37,134541,-1.5427551,-3.6837616,-9.398743
2019-04-08 17:05:37,134562,-1.2997437,-4.897629,-10.660477
2019-04-08 17:05:37,134581,-0.69281006,-4.5516663,-10.673645
2019-04-08 17:05:37,134601,-1.1728516,-2.6291199,-10.860397
2019-04-08 17:05:37,134622,-2.7219086,-1.8749542,-9.470566
2019-04-08 17:05:37,134642,-2.6596527,-2.5644836,-9.027634
2019-04-08 17:05:37,134661,-2.1018066,-2.9834595,-9.237137
2019-04-08 17:05:37,134681,-3.0523071,-0.53538513,-7.723999
2019-04-08 17:05:37,134702,-1.7007751,-1.0669098,-7.2188263
2019-04-08 17:05:37,134721,-1.0196228,-0.72213745,-7.1170654
2019-04-08 17:05:37,134742,-1.7618256,1.1561127,-3.1833954
2019-04-08 17:05:37,134761,-3.668808,3.4521484,-4.6654053
2019-04-08 17:05:37,134781,-3.0582886,2.7841644,-5.250778
2019-04-08 17:05:37,134802,-1.6900024,0.90112305,-4.7264557
2019-04-08 17:05:37,134821,-2.3400269,1.0100708,-9.416702
2019-04-08 17:05:37,134842,-3.5526886,-1.0645142,-11.646896
2019-04-08 17:05:37,134861,0.27444458,-3.5592651,-9.769836
2019-04-08 17:05:37,134881,-1.6911926,-1.9527588,-8.510498
2019-04-08 17:05:37,134902,-3.9513245,0.16970825,-10.856812
2019-04-08 17:05:37,134921,-1.3308716,-0.40849304,-8.739136
2019-04-08 17:05:37,134941,0.02305603,-2.5513153,-6.092346
2019-04-08 17:05:38,134962,-1.7558441,-2.984665,-7.35289
2019-04-08 17:05:38,134981,-1.2458801,-3.3904724,-8.150162
2019-04-08 17:05:38,135002,0.17388916,-2.6291199,-9.523239
2019-04-08 17:05:38,135021,1.1255798,-2.747635,-7.8520813
2019-04-08 17:05:38,135041,0.2947998,-4.0500793,-7.2798767
2019-04-08 17:05:38,135062,-1.807312,-4.8066406,-7.8089905
2019-04-08 17:05:38,135081,-1.9701233,-4.1817627,-8.848068
2019-04-08 17:05:38,135101,0.7688446,-4.1757812,-11.296143
2019-04-08 17:05:38,135122,2.9930573,-9.591461,-10.507248
2019-04-08 17:05:38,135142,-0.57310486,-10.65329,-10.167282
2019-04-08 17:05:38,135161,-0.6437378,-8.327316,-9.222763
2019-04-08 17:05:38,135182,1.0477753,-9.117401,-8.903137
2019-04-08 17:05:38,135202,0.83947754,-9.019241,-8.752304
2019-04-08 17:05:38,135221,-0.6150055,-6.9410706,-7.246353
2019-04-08 17:05:38,135242,-0.26783752,-6.499344,-7.1050873
2019-04-08 17:05:38,135262,0.8658142,-7.943054,-8.444656
2019-04-08 17:05:38,135281,0.019454956,-9.286194,-10.855606
2019-04-08 17:05:38,135301,-1.1956024,-9.340073,-11.095032
2019-04-08 17:05:38,135322,-0.7454834,-8.636169,-8.918701
2019-04-08 17:05:38,135341,-0.17327881,-8.061569,-7.3421173
2019-04-08 17:05:38,135362,-0.9585724,-7.11586,-7.479782
2019-04-08 17:05:38,135381,-0.31452942,-9.173676,-7.882019
2019-04-08 17:05:38,135402,-0.8244934,-9.66687,-8.1848755
2019-04-08 17:05:38,135421,-0.9693451,-7.1338043,-7.933487
2019-04-08 17:05:38,135442,-0.77900696,-5.958252,-7.5683746
2019-04-08 17:05:38,135461,0.030227661,-7.7120056,-7.4929504
2019-04-08 17:05:38,135482,0.033828735,-9.099457,-8.378815
2019-04-08 17:05:38,135501,-0.510849,-8.81694,-9.511261
2019-04-08 17:05:38,135521,-0.7814026,-7.435486,-8.533234
2019-04-08 17:05:38,135542,-0.5491638,-6.8453064,-7.993347
2019-04-08 17:05:38,135561,-0.14694214,-7.160141,-8.3022
2019-04-08 17:05:38,135581,-0.48690796,-7.3133698,-9.982925
2019-04-08 17:05:38,135602,-0.2247467,-7.0667725,-9.878784
2019-04-08 17:05:38,135621,0.079315186,-6.159378,-8.682877
2019-04-08 17:05:38,135641,0.2265625,-5.5380707,-9.209595
2019-04-08 17:05:38,135662,0.63716125,-5.965439,-9.489716
2019-04-08 17:05:38,135681,0.35105896,-6.320984,-9.695618
2019-04-08 17:05:38,135701,-0.32769775,-6.30661,-9.206009
2019-04-08 17:05:38,135722,-0.9477997,-5.63385,-9.095871
2019-04-08 17:05:38,135741,-1.1381378,-4.01416,-9.6944275
2019-04-08 17:05:38,135761,-1.5188141,-2.7919312,-10.583862
2019-04-08 17:05:38,135782,-0.6748657,-4.1578217,-10.131363
2019-04-08 17:05:38,135801,-0.52641296,-5.123886,-9.085098
2019-04-08 17:05:38,135821,-1.3931274,-3.5245514,-9.134186
2019-04-08 17:05:38,135842,-2.3771362,-1.2321014,-9.039612
2019-04-08 17:05:38,135861,-2.751831,-0.8250885,-8.843292
2019-04-08 17:05:38,135882,-1.6780243,-1.6882019,-7.622238
2019-04-08 17:05:38,135901,-1.0375824,-1.8222809,-8.147766
2019-04-08 17:05:38,135922,-1.941391,-0.5473633,-8.054398
2019-04-08 17:05:38,135941,-2.6189575,0.54678345,-6.786667
2019-04-08 17:05:39,135962,-2.3496094,1.7283325,-5.305847
2019-04-08 17:05:39,135981,-2.3148804,0.5515747,-5.9989777
2019-04-08 17:05:39,136002,-2.8140717,0.2654724,-5.981018
2019-04-08 17:05:39,136021,-3.0894165,1.6445312,-6.2874756
2019-04-08 17:05:39,136042,-4.4600983,0.93943787,-8.539215
2019-04-08 17:05:39,136061,-2.6285248,-0.09007263,-8.047211
2019-04-08 17:05:39,136082,-0.881958,-0.6119995,-8.861237
2019-04-08 17:05:39,136101,-1.3404541,-1.3218842,-8.026855
2019-04-08 17:05:39,136122,-1.6397247,-2.5046234,-8.348877
2019-04-08 17:05:39,136141,-2.380722,-1.870163,-8.249527
2019-04-08 17:05:39,136162,-1.9437866,-0.6012268,-8.012497
2019-04-08 17:05:39,136181,-0.8017578,-0.6395416,-6.5400696
2019-04-08 17:05:39,136202,-0.8831482,-3.2216797,-6.293457
2019-04-08 17:05:39,136222,-1.6133881,-3.479065,-9.609436
2019-04-08 17:05:39,136241,-0.102645874,-3.9614868,-9.741104
2019-04-08 17:05:39,136261,1.1591034,-4.8222046,-8.520065
2019-04-08 17:05:39,136282,-0.23312378,-4.727646,-11.238678
2019-04-08 17:05:39,136301,0.414505,-7.048813,-10.637741
2019-04-08 17:05:39,136321,0.28401184,-8.828903,-9.780609
2019-04-08 17:05:39,136341,-0.32650757,-8.445831,-10.445007
2019-04-08 17:05:39,136362,0.05656433,-8.156128,-9.604645
2019-04-08 17:05:39,136381,0.3462677,-8.014877,-9.635773
2019-04-08 17:05:39,136401,-0.08468628,-8.053192,-8.97496
2019-04-08 17:05:39,136422,0.21099854,-7.476181,-6.9829865
2019-04-08 17:05:39,136441,-0.38276672,-5.630249,-5.7966614
2019-04-08 17:05:39,136461,-1.4936829,-4.850937,-6.3042297
2019-04-08 17:05:39,136482,-0.7766113,-7.263092,-7.9981384
2019-04-08 17:05:39,136501,0.23612976,-9.359222,-10.704773
2019-04-08 17:05:39,136521,0.45280457,-9.4897,-11.300934
2019-04-08 17:05:39,136542,-0.7538605,-9.004883,-11.454163
2019-04-08 17:05:39,136561,-0.9286499,-10.546753,-11.776184
2019-04-08 17:05:39,136581,-0.6748657,-11.767792,-9.826111
2019-04-08 17:05:39,136602,-1.2315063,-9.897919,-6.8992004
2019-04-08 17:05:39,136621,-1.075882,-7.061981,-5.7152557
2019-04-08 17:05:39,136641,0.3869629,-8.132187,-7.27388
2019-04-08 17:05:39,136662,0.15711975,-8.871994,-9.176086
2019-04-08 17:05:39,136681,-1.3943176,-6.8896027,-8.040024
2019-04-08 17:05:39,136702,-2.0251923,-4.5528564,-5.910385
2019-04-08 17:05:39,136721,-1.6660614,-3.7077026,-5.924759
2019-04-08 17:05:39,136741,0.22535706,-6.7196198,-7.3936005
2019-04-08 17:05:39,136762,0.7389221,-8.736725,-10.568314
2019-04-08 17:05:39,136782,-0.8927307,-7.11705,-11.834839
2019-04-08 17:05:39,136801,-0.6401367,-6.393997,-10.365997
2019-04-08 17:05:39,136822,0.7329254,-7.5923004,-8.427887
2019-04-08 17:05:39,136842,0.09487915,-8.348862,-10.343246
2019-04-08 17:05:39,136861,-0.28100586,-8.257889,-10.963348
2019-04-08 17:05:39,136882,-0.25468445,-7.721588,-9.950607
2019-04-08 17:05:39,136901,-0.3504486,-6.0516357,-8.945038
2019-04-08 17:05:39,136922,-0.8137207,-4.4056244,-8.996521
2019-04-08 17:05:39,136941,-1.5786743,-4.464279,-9.3233185
2019-04-08 17:05:40,136962,-1.4984589,-4.230835,-8.731949
2019-04-08 17:05:40,136981,-0.9190674,-2.9283905,-7.293045
2019-04-08 17:05:40,137002,-0.69281006,-2.4148407,-6.9710236
2019-04-08 17:05:40,137021,-1.3141174,-3.2923126,-8.687668
2019-04-08 17:05:40,137042,-2.5997925,-2.6303253,-9.96257
2019-04-08 17:05:40,137061,-2.5171967,-2.4866638,-9.452606
2019-04-08 17:05:40,137082,-1.3787537,-1.8414307,-7.692871
2019-04-08 17:05:40,137101,-1.7115479,0.56474304,-9.373596
2019-04-08 17:05:40,137122,-1.5236053,-0.67185974,-7.8449097
2019-04-08 17:05:40,137141,-1.2650299,-1.0884552,-8.706818
2019-04-08 17:05:40,137162,-1.3643951,-0.030212402,-8.425491
2019-04-08 17:05:40,137181,-1.2698212,-0.25886536,-7.0224915
2019-04-08 17:05:40,137201,-2.3029175,3.0606995,-3.5568848
2019-04-08 17:05:40,137222,-0.49050903,0.12420654,-2.548935
2019-04-08 17:05:40,137241,-4.336792,1.9665527,-4.023758
2019-04-08 17:05:40,137262,-4.7043,4.0973816,-10.77301
2019-04-08 17:05:40,137281,-0.17926025,-0.48033142,-6.9351044
2019-04-08 17:05:40,137301,-1.9006958,-3.210907,-10.885544
2019-04-08 17:05:40,137322,-1.7378845,-3.831009,-10.404297
2019-04-08 17:05:40,137341,-1.4410095,-2.3154755,-10.288193
2019-04-08 17:05:40,137361,-2.2789764,-0.2756195,-8.680481
2019-04-08 17:05:40,137382,-1.585846,-1.6079865,-7.2128296
2019-04-08 17:05:40,137401,-1.3380585,-3.0157776,-9.186859
2019-04-08 17:05:40,137422,-0.24151611,-3.4646912,-7.249939
2019-04-08 17:05:40,137441,-0.1517334,-4.6199036,-6.8872223
2019-04-08 17:05:40,137461,-0.8209076,-4.3601227,-10.032013
2019-04-08 17:05:40,137482,0.052978516,-4.957489,-6.2204437
2019-04-08 17:05:40,137501,-1.9725189,-3.6263123,-7.8496857
2019-04-08 17:05:40,137521,-1.0100403,-3.9076233,-10.670059
2019-04-08 17:05:40,137542,1.3207092,-8.212402,-8.554779
2019-04-08 17:05:40,137561,-0.22235107,-8.845673,-11.134537
2019-04-08 17:05:40,137582,0.69821167,-9.92305,-11.706757
2019-04-08 17:05:40,137601,0.963974,-8.670883,-8.741531
2019-04-08 17:05:40,137621,-0.2786255,-8.339294,-9.282623
2019-04-08 17:05:40,137642,-0.6078186,-8.4207,-8.5954895
2019-04-08 17:05:40,137661,-0.6509247,-7.9047394,-7.8496857
2019-04-08 17:05:40,137682,0.68385315,-8.69722,-8.356064
2019-04-08 17:05:40,137701,-0.47494507,-7.7754517,-9.079117
2019-04-08 17:05:40,137722,-1.1417236,-5.743973,-8.18248
2019-04-08 17:05:40,137741,-1.0327911,-6.0300903,-8.08432
2019-04-08 17:05:40,137761,-0.98490906,-7.8388977,-9.176086
2019-04-08 17:05:40,137782,-0.6221924,-10.105011,-10.185242
2019-04-08 17:05:40,137801,-1.2746124,-9.991287,-10.929825
2019-04-08 17:05:40,137822,-0.30854797,-9.572311,-9.1892395
2019-04-08 17:05:40,137841,-0.6066284,-7.7910156,-6.738785
2019-04-08 17:05:40,137861,0.42048645,-7.4869537,-6.4263306
2019-04-08 17:05:40,137882,0.013473511,-9.3520355,-9.009689
2019-04-08 17:05:40,137901,-0.43185425,-9.119797,-9.666885
2019-04-08 17:05:40,137922,-0.4593811,-7.1110687,-8.311768
2019-04-08 17:05:40,137941,-0.49769592,-6.468216,-8.180084
2019-04-08 17:05:41,137962,-0.7598572,-6.0516357,-7.4366913
2019-04-08 17:05:41,137981,-0.0056762695,-6.822571,-7.4055634
2019-04-08 17:05:41,138001,-0.5719147,-6.439499,-7.974182
2019-04-08 17:05:41,138021,-0.6161957,-6.3473206,-8.741531
2019-04-08 17:05:41,138041,-0.5288086,-7.119446,-10.115799
2019-04-08 17:05:41,138062,0.6239929,-8.316544,-10.690414
2019-04-08 17:05:41,138081,0.6060333,-8.073532,-10.069122
2019-04-08 17:05:41,138101,-0.026031494,-5.767914,-9.827301
2019-04-08 17:05:41,138122,-0.37678528,-5.578781,-8.968979
2019-04-08 17:05:41,138141,-0.960968,-5.9367065,-9.793777
2019-04-08 17:05:41,138161,-0.65211487,-5.25795,-8.982147
2019-04-08 17:05:41,138182,-0.7742157,-4.6558075,-7.6868896
2019-04-08 17:05:41,138201,-1.3260803,-3.4922333,-7.5480194
2019-04-08 17:05:41,138221,-1.664856,-2.0952148,-8.624222
2019-04-08 17:05:41,138242,-1.6409149,-2.764389,-8.951019
2019-04-08 17:05:41,138261,-1.8504181,-2.2999115,-9.037216
2019-04-08 17:05:41,138281,-1.031601,-1.320694,-10.009262
2019-04-08 17:05:41,138303,-1.3811493,-2.1011963,-9.265854
2019-04-08 17:05:41,138321,-1.8156891,-2.553711,-9.176086
2019-04-08 17:05:41,138341,-2.0024414,-1.1602783,-9.353256
2019-04-08 17:05:41,138361,-2.4776917,-0.33187866,-9.206009
2019-04-08 17:05:41,138382,-1.9593506,-0.061340332,-8.529648
2019-04-08 17:05:41,138401,-1.9557648,0.16131592,-5.506958
2019-04-08 17:05:41,138421,-2.3735504,0.3420868,-4.9347534
2019-04-08 17:05:41,138442,-2.8775177,1.8181152,-3.65625
2019-04-08 17:05:41,138461,-4.3104553,1.8827515,-6.684906
2019-04-08 17:05:41,138481,-2.7626038,0.5264435,-6.154602
2019-04-08 17:05:41,138502,-1.8444214,-0.67544556,-6.4131775
2019-04-08 17:05:41,138521,-1.9785004,0.22117615,-8.573944
2019-04-08 17:05:41,138542,-0.39712524,-0.23970032,-9.525635
2019-04-08 17:05:41,138561,-0.9717407,-1.1650696,-9.353256
2019-04-08 17:05:41,138582,-1.5523376,-1.3901215,-8.845673
2019-04-08 17:05:41,138602,-1.3895264,-1.1698608,-9.337692
2019-04-08 17:05:41,138621,-1.2446747,-2.4615326,-8.277054
2019-04-08 17:05:41,138642,-0.74308777,-3.6310883,-7.2559357
2019-04-08 17:05:41,138661,-1.5511322,-3.2037354,-8.828918
2019-04-08 17:05:41,138681,-0.5288086,-3.1211243,-10.055954
2019-04-08 17:05:41,138702,0.5378113,-5.005371,-6.4766235
2019-04-08 17:05:41,138721,-1.7103577,-4.677353,-8.238754
2019-04-08 17:05:41,138741,-1.9904785,-4.514557,-10.722733
2019-04-08 17:05:41,138762,0.8346863,-6.717224,-9.597458
2019-04-08 17:05:41,138781,0.6898346,-6.689682,-8.346481
2019-04-08 17:05:41,138801,0.5126648,-6.914749,-8.587112
2019-04-08 17:05:41,138821,0.18345642,-9.262253,-9.440643
2019-04-08 17:05:41,138842,-1.0064545,-10.387527,-10.549149
2019-04-08 17:05:41,138861,-0.75027466,-10.638916,-10.399521
2019-04-08 17:05:41,138881,0.44682312,-9.018051,-7.684494
2019-04-08 17:05:41,138901,-0.07989502,-7.191269,-8.0460205
2019-04-08 17:05:41,138922,-0.9681549,-6.258728,-8.123825
2019-04-08 17:05:41,138941,-1.2123566,-7.577942,-8.941452
2019-04-08 17:05:42,138961,-0.5072632,-9.052765,-8.889969
2019-04-08 17:05:42,138981,-0.6174011,-8.992905,-9.232346
2019-04-08 17:05:42,139002,-0.73231506,-9.016846,-9.66449
2019-04-08 17:05:42,139021,-0.15531921,-9.147339,-8.737946
2019-04-08 17:05:42,139041,-0.59106445,-7.223587,-7.483383
2019-04-08 17:05:42,139062,-1.7929535,-5.47583,-6.415558
2019-04-08 17:05:42,139081,-0.77900696,-5.7703094,-5.012558
2019-04-08 17:05:42,139101,0.13078308,-7.2894287,-7.248749
2019-04-08 17:05:42,139122,0.56773376,-10.768204,-11.704361
2019-04-08 17:05:42,139141,-0.4988861,-10.516815,-12.407059
2019-04-08 17:05:42,139161,-1.3583984,-7.3552704,-8.832504
2019-04-08 17:05:42,139182,0.9316559,-8.035233,-6.3748627
2019-04-08 17:05:42,139201,-0.4521942,-7.94545,-6.657379
2019-04-08 17:05:42,139222,-1.5954285,-6.28627,-7.874832
2019-04-08 17:05:42,139242,-0.97413635,-5.41597,-8.807373
2019-04-08 17:05:42,139261,-0.08828735,-6.2395782,-9.88237
2019-04-08 17:05:42,139282,0.37141418,-7.140991,-10.784988
2019-04-08 17:05:42,139301,0.6383667,-6.698059,-9.377197
2019-04-08 17:05:42,139322,-0.028427124,-5.879242,-8.673294
2019-04-08 17:05:42,139342,-0.5359955,-6.3987885,-8.447052
2019-04-08 17:05:42,139361,-0.937027,-5.8960114,-10.520416
2019-04-08 17:05:42,139382,-0.40431213,-6.167755,-10.318115
2019-04-08 17:05:42,139401,-0.64852905,-6.267105,-9.854828
2019-04-08 17:05:42,139422,-1.3847351,-4.1661987,-9.282623
2019-04-08 17:05:42,139441,-1.5223999,-4.1183167,-8.806168
2019-04-08 17:05:42,139462,-1.9282227,-3.02536,-8.538025
2019-04-08 17:05:42,139481,-1.154892,-2.5321503,-7.206848
2019-04-08 17:05:42,139501,-1.5559235,-2.3837128,-7.8568726
2019-04-08 17:05:42,139522,-1.8121033,1.6959991,-6.7651215
2019-04-08 17:05:42,139541,-1.2003937,-1.9324036,-5.6314697
2019-04-08 17:05:42,139562,-1.0627136,-3.039734,-9.572327
2019-04-08 17:05:42,139581,-2.1520844,9.1552734E-4,-9.427475
2019-04-08 17:05:42,139601,-3.4186096,1.7007904,-11.165665
2019-04-08 17:05:42,139621,-1.541565,-2.9990234,-6.957855
2019-04-08 17:05:42,139642,-0.49290466,-0.62039185,-5.261566
2019-04-08 17:05:42,139661,-4.6683807,3.2294922,-7.1493835
2019-04-08 17:05:42,139681,-3.4389648,2.8536072,-6.268326
2019-04-08 17:05:42,139702,-2.1125793,1.090271,-5.1526184
2019-04-08 17:05:42,139721,-0.2750244,-1.8198853,-4.2356415
2019-04-08 17:05:42,139742,-3.522766,-0.5258179,-6.7651215
2019-04-08 17:05:42,139761,-3.4581146,1.9378204,-8.662521
2019-04-08 17:05:42,139781,-0.99328613,1.272232,-6.189316
2019-04-08 17:05:42,139802,-0.40431213,-0.5964508,-10.292969
2019-04-08 17:05:42,139821,-0.4079132,-3.8657227,-10.05835
2019-04-08 17:05:42,139841,-0.38874817,-6.037262,-9.598648
2019-04-08 17:05:42,139862,-1.6193695,-4.593567,-11.934204
2019-04-08 17:05:42,139881,-0.012863159,-4.5085754,-8.346481
2019-04-08 17:05:42,139901,-0.5994415,-3.4970245,-9.647736
2019-04-08 17:05:42,139922,-1.0292053,-4.01297,-9.601044
2019-04-08 17:05:42,139941,-0.47613525,-5.2256317,-6.171356
2019-04-08 17:05:43,139961,-1.1046143,-4.800659,-7.6473846
2019-04-08 17:05:43,139982,-0.6269684,-4.858124,-7.661743
2019-04-08 17:05:43,140001,0.3474579,-6.1019135,-8.764282
2019-04-08 17:05:43,140022,0.20501709,-7.5372314,-9.748291
2019-04-08 17:05:43,140042,0.48632812,-8.053192,-8.764282
2019-04-08 17:05:43,140062,-0.2606659,-6.7938385,-10.055954
2019-04-08 17:05:43,140081,0.31274414,-10.144516,-9.816528
2019-04-08 17:05:43,140102,0.21458435,-10.895096,-10.2043915
2019-04-08 17:05:43,140121,-0.13496399,-9.173676,-9.903915
2019-04-08 17:05:43,140142,-0.51924133,-9.453796,-8.965393
2019-04-08 17:05:43,140161,-0.79815674,-8.626602,-9.01207
2019-04-08 17:05:43,140182,-0.84843445,-8.425476,-8.274658
2019-04-08 17:05:43,140202,-0.8807678,-7.939453,-7.6401978
2019-04-08 17:05:43,140221,-1.2542572,-5.4506836,-6.8560944
2019-04-08 17:05:43,140242,-1.0471649,-5.4494934,-6.716034
2019-04-08 17:05:43,140261,-1.2590485,-6.5089264,-8.624222
2019-04-08 17:05:43,140282,1.5074615,-11.86116,-10.071503
2019-04-08 17:05:43,140301,-1.6193695,-10.172058,-11.765411
2019-04-08 17:05:43,140322,-1.0663147,-6.115082,-9.435852
2019-04-08 17:05:43,140341,1.8043365,-8.523651,-6.42395
2019-04-08 17:05:43,140361,-0.18884277,-9.554352,-7.822159
2019-04-08 17:05:43,140382,0.25888062,-9.325699,-8.299805
2019-04-08 17:05:43,140401,-0.34805298,-7.508499,-8.759491
2019-04-08 17:05:43,140421,-1.0974426,-6.277878,-7.9634094
2019-04-08 17:05:43,140441,-0.8604126,-6.943466,-8.171707
2019-04-08 17:05:43,140461,-0.80892944,-7.2678833,-9.225159
2019-04-08 17:05:43,140481,0.19184875,-5.7930603,-8.789413
2019-04-08 17:05:43,140502,-0.083496094,-4.3589325,-8.41832
2019-04-08 17:05:43,140521,-0.16490173,-4.416397,-8.775055
2019-04-08 17:05:43,140541,0.6527252,-6.8524933,-9.006088
2019-04-08 17:05:43,140561,-0.6078186,-8.121414,-9.887161
2019-04-08 17:05:43,140582,-1.0591278,-6.9710083,-9.21199
2019-04-08 17:05:43,140601,-0.8412628,-5.3321686,-8.826523
2019-04-08 17:05:43,140621,-1.3811493,-4.229645,-9.616608
2019-04-08 17:05:43,140641,-1.2231293,-4.609131,-9.984116
2019-04-08 17:05:43,140662,-1.8408356,-3.9196014,-11.616974
2019-04-08 17:05:43,140681,-2.044342,-2.9164276,-10.134964
2019-04-08 17:05:43,140701,-2.0610962,-2.7057343,-10.307343
2019-04-08 17:05:43,140722,-0.29179382,-3.0505066,-6.5747833
2019-04-08 17:05:43,140741,-0.39712524,-4.203308,-5.249588
2019-04-08 17:05:43,140761,-2.269394,0.55397034,-5.9786224
2019-04-08 17:05:43,140781,-3.9429474,2.2825775,-5.9594727
2019-04-08 17:05:43,140801,-3.0523071,0.7263489,-8.491333
2019-04-08 17:05:43,140821,-0.77900696,0.7754364,-7.135025
2019-04-08 17:05:43,140842,-1.5463562,0.8879547,-6.7615204
2019-04-08 17:05:43,140861,-1.079483,-3.0852203,-5.21727
2019-04-08 17:05:43,140881,-6.1527863,1.4350433,-9.390366
2019-04-08 17:05:43,140902,-5.399811,2.0671082,-12.838013
2019-04-08 17:05:43,140922,1.4236603,-1.8964996,-10.751465
2019-04-08 17:05:43,140942,-1.6217651,-3.0756378,-7.440277
2019-04-08 17:05:44,140961,-1.7953491,-2.2532349,-6.617874
2019-04-08 17:05:44,140982,-3.5921936,-0.37019348,-4.1961365
2019-04-08 17:05:44,141002,-4.328415,1.79776,-6.1402283
2019-04-08 17:05:44,141021,-2.012024,2.7099457,-6.7890625
2019-04-08 17:05:44,141042,2.0269928,-1.736084,-5.7092743
2019-04-08 17:05:44,141061,0.024246216,-3.9602966,-8.8528595
2019-04-08 17:05:44,141082,-1.0627136,-3.657425,-8.848068
2019-04-08 17:05:44,141101,-0.097854614,-3.791504,-6.210861
2019-04-08 17:05:44,141122,-2.7697906,-1.3242798,-9.240723
2019-04-08 17:05:44,141141,-2.399887,-1.2680206,-15.100525
2019-04-08 17:05:44,141162,3.5868225,-8.012482,-12.433395
2019-04-08 17:05:44,141181,1.4751282,-11.144104,-11.900681
2019-04-08 17:05:44,141202,-1.367981,-10.243881,-9.993698
2019-04-08 17:05:44,141221,-2.7051392,-8.156128,-9.737518
2019-04-08 17:05:44,141242,-0.35403442,-5.653,-7.962219
2019-04-08 17:05:44,141261,0.9280548,-4.3266144,-6.6513977
2019-04-08 17:05:44,141282,-0.40551758,-5.743973,-7.4450684
2019-04-08 17:05:44,141301,-0.7526703,-7.926285,-7.882019
2019-04-08 17:05:44,141321,-0.08947754,-10.33606,-9.760269
2019-04-08 17:05:44,141342,-2.1484833,-7.7359467,-11.791748
2019-04-08 17:05:44,141361,-0.19841003,-8.904327,-8.406342
2019-04-08 17:05:44,141381,-0.44740295,-7.435486,-8.334518
2019-04-08 17:05:44,141401,0.39414978,-8.705612,-8.729553
2019-04-08 17:05:44,141421,-0.62098694,-11.450562,-10.603027
2019-04-08 17:05:44,141442,-2.1556702,-9.142548,-9.304169
2019-04-08 17:05:44,141461,-2.2370758,-5.1071167,-5.1681824
2019-04-08 17:05:44,141481,0.54019165,-6.846512,-4.0895996
2019-04-08 17:05:44,141502,0.6826477,-8.526047,-6.949478
2019-04-08 17:05:44,141521,-0.550354,-7.076355,-9.165298
2019-04-08 17:05:44,141541,-1.1524963,-6.0037537,-9.036011
2019-04-08 17:05:44,141562,-0.7191467,-6.5328674,-6.7591248
2019-04-08 17:05:44,141581,-0.33607483,-6.56279,-6.0660095
2019-04-08 17:05:44,141601,-0.5204315,-6.332947,-8.448242
2019-04-08 17:05:44,141622,1.2835999,-8.469772,-8.5559845
2019-04-08 17:05:44,141641,-0.17327881,-8.238739,-9.097076
2019-04-08 17:05:44,141661,-1.7175293,-6.5244904,-8.532043
2019-04-08 17:05:44,141681,0.14994812,-7.5264587,-8.232758
2019-04-08 17:05:44,141701,1.2752228,-9.1892395,-9.453812
2019-04-08 17:05:44,141722,-0.08229065,-7.929886,-9.217972
2019-04-08 17:05:44,141741,-1.3236847,-6.1665497,-9.974548
2019-04-08 17:05:44,141762,-1.5619049,-6.9410706,-13.879486
2019-04-08 17:05:44,141782,0.39535522,-9.478928,-11.04834
2019-04-08 17:05:44,141801,0.6862488,-5.9642487,-9.134186
2019-04-08 17:05:44,141822,-0.5743103,-3.7460175,-6.8644714
2019-04-08 17:05:44,141842,-0.23672485,-4.8844604,-6.455063
2019-04-08 17:05:44,141861,-1.3512268,-3.9519196,-8.194458
2019-04-08 17:05:44,141882,-1.7139435,-3.9172058,-7.625839
2019-04-08 17:05:44,141901,-2.0790558,-3.4994202,-6.9638367
2019-04-08 17:05:44,141922,-1.6768341,-1.2763977,-9.66449
2019-04-08 17:05:44,141941,-0.960968,-1.0154266,-10.814911
2019-04-08 17:05:45,141962,-1.6277466,-2.0904236,-8.536819
2019-04-08 17:05:45,141981,-2.873932,-3.7508087,-10.656891
2019-04-08 17:05:45,142002,-3.1528625,4.0459137,-12.488464
2019-04-08 17:05:45,142021,-1.8970947,-2.206543,-9.847656
2019-04-08 17:05:45,142042,-1.494873,-7.5851135,-10.617386
2019-04-08 17:05:45,142061,-1.3835449,-2.5441284,-7.7539215
2019-04-08 17:05:45,142082,-4.3355865,3.015213,-5.471054
2019-04-08 17:05:45,142101,-3.605362,3.0954132,-4.82222
2019-04-08 17:05:45,142122,0.56892395,0.06315613,-4.2907104
2019-04-08 17:05:45,142141,-1.1465149,-0.5832825,-3.043335
2019-04-08 17:05:45,142162,-5.966049,1.7893829,-4.861725
2019-04-08 17:05:45,142181,-6.1073,3.532364,-7.9155273
2019-04-08 17:05:45,142201,0.03262329,0.36842346,-6.1127014
2019-04-08 17:05:45,142222,2.2736053,-2.1227417,-6.5723877
2019-04-08 17:05:45,142241,-0.097854614,-1.9204407,-7.4773865
2019-04-08 17:05:45,142262,-2.257431,-0.47673035,-12.699142
2019-04-08 17:05:45,142281,-1.7570343,-1.38414,-15.690704
2019-04-08 17:05:45,142301,1.5900574,-5.626663,-8.212418
2019-04-08 17:05:45,142322,-2.0024414,-5.1250763,-8.289032
2019-04-08 17:05:45,142341,-3.0391388,-3.0971832,-9.966171
2019-04-08 17:05:45,142361,-1.4410095,-2.7859344,-7.3636627
2019-04-08 17:05:45,142382,0.46957397,-4.9335327,-8.374023
2019-04-08 17:05:45,142401,0.9256592,-7.763489,-9.250305
2019-04-08 17:05:45,142421,-0.9190674,-6.2216187,-9.829697
2019-04-08 17:05:45,142442,-1.8946991,-3.2791443,-5.965454
2019-04-08 17:05:45,142461,-2.0874329,-4.0033875,-6.2276154
2019-04-08 17:05:45,142481,0.1978302,-6.998535,-6.8632812
2019-04-08 17:05:45,142502,1.4811249,-8.324921,-6.4167633
2019-04-08 17:05:45,142522,-0.6006317,-5.389633,-7.66893
2019-04-08 17:05:45,142542,1.7923584,-9.036011,-11.118973
2019-04-08 17:05:45,142561,1.3566284,-18.481125,-15.244186
2019-04-08 17:05:45,142582,-2.186798,-16.552597,-13.986023
2019-04-08 17:05:45,142601,-1.1034241,-6.4610443,-6.5508423
2019-04-08 17:05:45,142622,0.70539856,-2.1024017,-4.4523163
2019-04-08 17:05:45,142641,0.28042603,-2.1095734,-6.1294556
2019-04-08 17:05:45,142662,-1.1465149,-5.4889984,-7.3983765
2019-04-08 17:05:45,142682,-1.8133087,-11.0950165,-9.073135
2019-04-08 17:05:45,142701,-3.2019348,-11.675613,-12.336426
2019-04-08 17:05:45,142722,-0.8891449,-9.389145,-11.412262
2019-04-08 17:05:45,142741,1.6798401,-8.576324,-8.255508
2019-04-08 17:05:45,142761,1.7121582,-7.234375,-8.886383
2019-04-08 17:05:45,142782,-0.28700256,-7.3516846,-8.883987
2019-04-08 17:05:45,142801,-1.0303955,-7.910736,-7.320572
2019-04-08 17:05:45,142821,0.117614746,-8.010086,-5.913986
2019-04-08 17:05:45,142842,1.8522186,-9.536392,-8.291428
2019-04-08 17:05:45,142861,-1.5427551,-7.6054688,-8.91272
2019-04-08 17:05:45,142881,-1.9330139,-5.3513336,-5.9079895
2019-04-08 17:05:45,142902,-1.0519409,-4.2787323,-3.3019104
2019-04-08 17:05:45,142921,-1.743866,-4.132675,-5.3657074
2019-04-08 17:05:45,142942,-1.3967133,-4.3601227,-8.886383
2019-04-08 17:05:46,142961,0.09727478,-4.986206,-10.759842
2019-04-08 17:05:46,142981,3.805893,-8.924667,-15.429733
2019-04-08 17:05:46,143002,-0.9298401,-9.779404,-13.4617
2019-04-08 17:05:46,143021,-2.241867,-9.68364,-9.496902
2019-04-08 17:05:46,143041,0.5545654,-8.0160675,-7.215225
2019-04-08 17:05:46,143062,-1.7881622,-3.5329285,-7.567169
2019-04-08 17:05:46,143081,-2.6632385,-2.3896942,-7.8161774
2019-04-08 17:05:46,143101,-2.5818481,-3.6873627,-8.910324
2019-04-08 17:05:46,143122,-1.1034241,-4.202118,-9.506485
2019-04-08 17:05:46,143141,-1.0483551,-2.78833,-10.831665
2019-04-08 17:05:46,143161,-0.9406128,-0.87776184,-10.265442
2019-04-08 17:05:46,143182,-1.9473724,-0.04458618,-8.915115
2019-04-08 17:05:46,143201,-0.4186859,-2.9152222,-6.9746094
2019-04-08 17:05:46,143221,-0.64134216,-6.609482,-7.9861603
2019-04-08 17:05:46,143242,-5.1460266,-2.1694336,-9.472961
2019-04-08 17:05:46,143261,-4.0075836,8.909729,-11.121368
2019-04-08 17:05:46,143281,0.2768402,-0.1559143,-9.809341
2019-04-08 17:05:46,143302,1.3853455,-4.305069,-7.9873505
2019-04-08 17:05:46,143321,-5.0586395,-0.8801575,-4.8174286
2019-04-08 17:05:46,143342,-5.1017456,0.7060089,-4.5157623
2019-04-08 17:05:46,143361,-4.569031,4.1237183,-9.474152
2019-04-08 17:05:46,143381,0.062561035,0.87957764,-5.7607574
2019-04-08 17:05:46,143402,0.16311646,-1.1399231,-4.8389893
2019-04-08 17:05:46,143421,-2.214325,-1.46315,-5.7092743
2019-04-08 17:05:46,143442,-2.5088196,-2.1646423,-5.494995
2019-04-08 17:05:46,143462,-7.559387,3.6269226,-13.847168
2019-04-08 17:05:46,143481,0.6000519,4.5510864,-9.621399
2019-04-08 17:05:46,143502,3.7639923,-4.8688965,-7.150589
2019-04-08 17:05:46,143521,-4.0889893,-6.475403,-11.26622
2019-04-08 17:05:46,143542,-1.6756287,-4.2919006,-7.3552856
2019-04-08 17:05:46,143561,-1.6421204,-2.8936768,-10.972931
2019-04-08 17:05:46,143582,1.0334015,-4.8964233,-8.131012
2019-04-08 17:05:46,143601,1.1172028,-4.937134,-6.2072754
2019-04-08 17:05:46,143622,-1.5547333,-3.669403,-8.842087
2019-04-08 17:05:46,143641,-1.1297607,-4.5839844,-8.857651
2019-04-08 17:05:46,143662,-0.44502258,-6.4670258,-8.783432
2019-04-08 17:05:46,143681,-0.4701538,-6.9793854,-8.980957
2019-04-08 17:05:46,143701,0.7760315,-7.2810516,-9.122208
2019-04-08 17:05:46,143722,0.0541687,-8.261475,-9.088684
2019-04-08 17:05:46,143741,-0.67126465,-7.416321,-8.691254
2019-04-08 17:05:46,143762,1.8390503,-9.161697,-8.845673
2019-04-08 17:05:46,143781,1.3207092,-10.676025,-8.888779
2019-04-08 17:05:46,143801,-1.1680603,-8.269867,-8.115448
2019-04-08 17:05:46,143822,-1.2434845,-8.227966,-8.508102
2019-04-08 17:05:46,143841,-0.28100586,-9.924255,-10.574295
2019-04-08 17:05:46,143861,-0.6856384,-9.001282,-10.036789
2019-04-08 17:05:46,143882,-0.24510193,-8.797775,-8.328537
2019-04-08 17:05:46,143901,-0.8053436,-7.8173523,-8.116638
2019-04-08 17:05:46,143921,-1.1896057,-7.1302185,-8.176498
2019-04-08 17:05:46,143942,-0.97772217,-7.237961,-7.485779
2019-04-08 17:05:47,143961,-0.7885895,-6.6525726,-7.2714844
2019-04-08 17:05:47,143981,0.105651855,-7.8448944,-7.743149
2019-04-08 17:05:47,144002,-0.6580963,-8.423096,-8.792999
2019-04-08 17:05:47,144021,-1.1285553,-8.002899,-8.352478
2019-04-08 17:05:47,144042,0.096069336,-8.479355,-8.194458
2019-04-08 17:05:47,144061,0.4156952,-9.170074,-9.121017
2019-04-08 17:05:47,144081,0.39414978,-8.570328,-9.32692
2019-04-08 17:05:47,144102,-0.25468445,-7.5970917,-9.827301
2019-04-08 17:05:47,144121,-0.26783752,-7.595886,-9.437042
2019-04-08 17:05:47,144141,-0.50367737,-7.005722,-8.81456
2019-04-08 17:05:47,144162,-0.545578,-6.152191,-8.907928
2019-04-08 17:05:47,144181,0.043395996,-5.886429,-8.6744995
2019-04-08 17:05:47,144202,0.45040894,-6.152191,-8.427887
2019-04-08 17:05:47,144221,-0.44979858,-5.629059,-8.509293
2019-04-08 17:05:47,144242,-0.3983307,-4.9682617,-7.4738007
2019-04-08 17:05:47,144262,-0.33129883,-4.668976,-8.4769745
2019-04-08 17:05:47,144282,-1.0016632,-3.8585358,-9.828491
2019-04-08 17:05:47,144301,-1.3212891,-3.6753845,-10.057144
2019-04-08 17:05:47,144322,-1.5607147,-4.337387,-10.647308
2019-04-08 17:05:47,144341,-0.9897003,-4.0500793,-10.036789
2019-04-08 17:05:47,144362,-0.5970459,-4.720459,-10.634155
2019-04-08 17:05:47,144381,-1.4745178,-3.5927887,-11.256638
2019-04-08 17:05:47,144402,-1.4015045,-3.9722748,-9.073135
2019-04-08 17:05:47,144421,-1.5786743,-3.20253,-9.112625
2019-04-08 17:05:47,144442,-2.1808167,-1.7899475,-7.725189
2019-04-08 17:05:47,144461,-2.890686,0.08351135,-6.9482727
2019-04-08 17:05:47,144481,-2.6668396,1.0064697,-7.2200165
2019-04-08 17:05:47,144502,-1.5223999,-1.3889313,-5.0867767
2019-04-08 17:05:47,144521,-2.6788025,1.3859558,-5.5165405
2019-04-08 17:05:47,144541,-2.277771,1.8671875,-4.0740356
2019-04-08 17:05:47,144562,-2.0970154,2.0766754,-6.573578
2019-04-08 17:05:47,144581,-1.585846,1.129776,-7.372055
2019-04-08 17:05:47,144601,-1.431427,-0.40730286,-9.2634735
2019-04-08 17:05:47,144621,-4.1608124,-0.3953247,-8.961792
2019-04-08 17:05:47,144642,-1.8480225,-1.0190125,-8.425491
2019-04-08 17:05:47,144661,-1.4194489,-0.463562,-7.3876038
2019-04-08 17:05:47,144681,-1.7390747,0.540802,-7.178116
2019-04-08 17:05:47,144701,-0.76823425,-1.5553284,-5.655411
2019-04-08 17:05:47,144722,-1.0196228,-2.0569,-7.9945374
2019-04-08 17:05:47,144741,-0.8903351,-1.5756683,-8.5164795
2019-04-08 17:05:47,144761,0.064941406,-1.5912323,-8.044815
2019-04-08 17:05:47,144782,-0.035614014,-1.8677673,-10.685623
2019-04-08 17:05:47,144801,-0.25108337,-3.8621368,-9.695618
2019-04-08 17:05:47,144821,-1.1261597,-6.1725464,-9.05397
2019-04-08 17:05:47,144842,-1.3739624,-7.009308,-10.042786
2019-04-08 17:05:47,144861,-0.2032013,-7.641388,-10.19841
2019-04-08 17:05:47,144881,0.56533813,-7.8628387,-9.173691
2019-04-08 17:05:47,144902,-0.35284424,-7.7970123,-9.085098
2019-04-08 17:05:47,144921,-0.7023926,-6.8919983,-8.982147
2019-04-08 17:05:47,144941,-0.24151611,-5.922348,-7.3899994
2019-04-08 17:05:48,144962,-0.37438965,-6.104309,-7.5947113
2019-04-08 17:05:48,144981,-0.34924316,-6.895584,-7.625839
2019-04-08 17:05:48,145001,0.6539154,-8.048401,-7.404373
2019-04-08 17:05:48,145022,0.3474579,-7.795807,-8.693649
2019-04-08 17:05:48,145041,-0.13975525,-8.555969,-10.665268
2019-04-08 17:05:48,145062,-0.56951904,-10.340851,-12.557892
2019-04-08 17:05:48,145082,-1.3380585,-10.770599,-11.122559
2019-04-08 17:05:48,145102,-0.64253235,-9.896713,-9.493317
2019-04-08 17:05:48,145121,0.55696106,-9.80574,-8.544006
2019-04-08 17:05:48,145142,-0.3839569,-8.169296,-7.744339
2019-04-08 17:05:48,145161,-0.64971924,-7.13501,-6.510132
2019-04-08 17:05:48,145182,-0.4809265,-7.0344543,-6.5292816
2019-04-08 17:05:48,145201,-1.3883362,-6.871643,-7.2607117
2019-04-08 17:05:48,145222,-1.1824341,-6.5651855,-7.5959015
2019-04-08 17:05:48,145241,0.2205658,-7.587509,-8.328537
2019-04-08 17:05:48,145262,-0.081100464,-7.4701996,-8.651749
2019-04-08 17:05:48,145281,-0.5755005,-7.0895233,-9.538803
2019-04-08 17:05:48,145302,0.68385315,-9.286194,-9.845261
2019-04-08 17:05:48,145321,-0.12060547,-9.368805,-9.572327
2019-04-08 17:05:48,145341,-0.8568115,-8.220779,-8.369232
2019-04-08 17:05:48,145362,-0.4126892,-7.488159,-8.423096
2019-04-08 17:05:48,145381,-0.15531921,-7.618637,-8.906738
2019-04-08 17:05:48,145401,-0.34326172,-8.256699,-10.360016
2019-04-08 17:05:48,145422,-0.14215088,-6.9315033,-10.173264
2019-04-08 17:05:48,145441,-0.27622986,-5.008957,-8.781036
2019-04-08 17:05:48,145461,-0.40670776,-4.6797485,-8.0460205
2019-04-08 17:05:48,145482,-0.63056946,-5.2124634,-8.16333
2019-04-08 17:05:48,145501,-1.0279999,-4.8413696,-8.6792755
2019-04-08 17:05:48,145521,-1.4517822,-3.9962158,-8.266281
2019-04-08 17:05:48,145541,-1.6792297,-3.8022766,-8.715195
2019-04-08 17:05:48,145562,-1.5379639,-4.677353,-9.767441
2019-04-08 17:05:48,145581,-1.3512268,-3.7855225,-10.39473
2019-04-08 17:05:48,145601,-1.5188141,-2.2209167,-9.13298
2019-04-08 17:05:48,145622,-1.9114685,-2.3262482,-8.663727
2019-04-08 17:05:48,145641,-2.013214,-1.8342438,-8.980957
2019-04-08 17:05:48,145661,-2.265808,-1.0238037,-8.980957
2019-04-08 17:05:48,145682,-1.7738037,-0.64193726,-7.7132263
2019-04-08 17:05:48,145701,-1.2841797,-2.680603,-7.1290436
2019-04-08 17:05:48,145721,-1.3847351,-0.060134888,-7.0859375
2019-04-08 17:05:48,145742,-3.1995392,2.5028534,-5.566818
2019-04-08 17:05:48,145761,-2.4286194,1.9461975,-5.4578857
2019-04-08 17:05:48,145781,-0.84724426,2.177246,-4.8234253
2019-04-08 17:05:48,145802,-2.8571777,0.69403076,-7.633011
2019-04-08 17:05:48,145821,-2.7925262,-0.30674744,-7.822159
2019-04-08 17:05:48,145842,-1.7187347,-1.083664,-7.637802
2019-04-08 17:05:48,145861,-3.4066467,-0.81073,-9.504089
2019-04-08 17:05:48,145882,-1.5295868,-0.9232483,-8.650558
2019-04-08 17:05:48,145901,-0.44740295,-0.4420166,-8.316559
2019-04-08 17:05:48,145922,-2.2239075,-0.54496765,-8.785828
2019-04-08 17:05:48,145941,-1.5870514,-1.7265015,-7.916733
2019-04-08 17:05:49,145962,-1.1824341,-2.0461273,-6.736389
2019-04-08 17:05:49,145981,-1.2662201,-1.7684021,-7.8317413
2019-04-08 17:05:49,146002,-0.93104553,-3.85495,-9.556763
2019-04-08 17:05:49,146021,-0.22595215,-6.210846,-8.618225
2019-04-08 17:05:49,146042,0.28042603,-5.530899,-7.9825745
2019-04-08 17:05:49,146061,-1.4661407,-3.5221558,-10.355225
2019-04-08 17:05:49,146082,-0.45339966,-4.064438,-11.054337
2019-04-08 17:05:49,146101,-0.2606659,-6.729187,-8.731949
2019-04-08 17:05:49,146122,-0.61021423,-8.711594,-10.477325
2019-04-08 17:05:49,146141,-0.77900696,-9.201202,-10.113403
2019-04-08 17:05:49,146161,0.0493927,-7.2080383,-8.583511
2019-04-08 17:05:49,146182,-0.10862732,-5.702072,-9.061157
2019-04-08 17:05:49,146201,1.0465698,-7.586319,-7.9945374
2019-04-08 17:05:49,146221,0.52464294,-8.424286,-6.978195
2019-04-08 17:05:49,146242,-2.356781,-5.152603,-7.4450684
2019-04-08 17:05:49,146261,-1.3943176,-5.620682,-8.02327
2019-04-08 17:05:49,146282,0.4647827,-9.60582,-11.296143
2019-04-08 17:05:49,146301,0.017059326,-12.290924,-12.860748
2019-04-08 17:05:49,146321,-1.6552887,-10.364792,-11.254242
2019-04-08 17:05:49,146342,-1.2566528,-8.020859,-8.668503
2019-04-08 17:05:49,146361,-0.095458984,-6.749542,-5.582382
2019-04-08 17:05:49,146381,0.6922302,-8.186066,-4.870102
2019-04-08 17:05:49,146402,0.21937561,-8.535614,-7.8520813
2019-04-08 17:05:49,146421,-1.1524963,-8.036423,-9.657318
2019-04-08 17:05:49,146441,-1.1836243,-7.1469727,-9.222763
2019-04-08 17:05:49,146462,-0.9142761,-6.8094025,-7.067978
2019-04-08 17:05:49,146481,-0.3624115,-6.902771,-7.1326294
2019-04-08 17:05:49,146501,-0.004486084,-7.9083405,-7.945465
2019-04-08 17:05:49,146522,-0.6257782,-8.317749,-8.651749
2019-04-08 17:05:49,146541,-0.9681549,-7.2882385,-8.521271
2019-04-08 17:05:49,146561,-0.31573486,-7.6868744,-8.40155
2019-04-08 17:05:49,146582,0.13198853,-8.929459,-9.869202
2019-04-08 17:05:49,146601,-0.16369629,-8.652939,-10.267838
2019-04-08 17:05:49,146621,-1.0040588,-6.3712616,-8.960602
2019-04-08 17:05:49,146642,-0.76823425,-5.3142242,-8.409927
2019-04-08 17:05:49,146661,0.13677979,-6.064804,-8.459015
2019-04-08 17:05:49,146682,-0.39474487,-6.6358185,-9.537598
2019-04-08 17:05:49,146701,-1.0507507,-5.5572357,-9.276642
2019-04-08 17:05:49,146721,-0.5180359,-6.1354218,-7.582733
2019-04-08 17:05:49,146741,-1.1644745,-4.974243,-8.715195
2019-04-08 17:05:49,146762,-1.4050903,-3.6394806,-9.285019
2019-04-08 17:05:49,146782,-1.7582397,-3.3880768,-10.476135
2019-04-08 17:05:49,146801,-1.4960632,-3.1737976,-10.55275
2019-04-08 17:05:49,146821,-0.6341553,-3.716095,-10.509644
2019-04-08 17:05:49,146842,-0.88674927,-5.4028015,-9.385574
2019-04-08 17:05:49,146861,-2.1808167,-4.266754,-8.705612
2019-04-08 17:05:49,146882,-2.5662842,-0.815506,-8.174103
2019-04-08 17:05:49,146901,-2.56987,-0.13076782,-7.1637573
2019-04-08 17:05:49,146922,-1.5427551,-0.45758057,-7.367264
2019-04-08 17:05:49,146941,-1.0100403,-0.040985107,-7.3157806
2019-04-08 17:05:50,146962,-1.8504181,0.34687805,-7.692871
2019-04-08 17:05:50,146981,-1.4182587,0.19364929,-7.1410065
2019-04-08 17:05:50,147001,-2.3316498,0.68444824,-5.688919
2019-04-08 17:05:50,147022,-3.1097565,1.2542725,-6.238388
2019-04-08 17:05:50,147041,-2.1496887,1.6050262,-6.419159
2019-04-08 17:05:50,147061,-1.6971893,0.8735962,-6.04805
2019-04-08 17:05:50,147081,-2.8021088,1.3943329,-9.906311
2019-04-08 17:05:50,147102,-1.6026154,-0.91845703,-8.493729
2019-04-08 17:05:50,147121,-1.1357422,-1.64151,-9.580704
2019-04-08 17:05:50,147141,-1.8121033,-1.7576294,-8.370422
2019-04-08 17:05:50,147162,-2.027588,-0.7233429,-8.092697
2019-04-08 17:05:50,147181,-1.9150543,-0.83825684,-8.202835
2019-04-08 17:05:50,147201,-1.3631897,-0.97592163,-7.996933
2019-04-08 17:05:50,147222,0.048187256,-3.614334,-5.9307404
2019-04-08 17:05:50,147241,-0.68084717,-5.0113525,-7.4187317
2019-04-08 17:05:50,147261,-1.7151337,-3.902832,-9.330505
2019-04-08 17:05:50,147282,-1.0579376,-3.0576782,-10.106232
2019-04-08 17:05:50,147301,0.4719696,-4.539688,-9.243118
2019-04-08 17:05:50,147321,-0.19841003,-6.1904907,-9.027634
2019-04-08 17:05:50,147342,-0.84724426,-7.763489,-9.808151
2019-04-08 17:05:50,147361,0.04460144,-9.056351,-10.39592
2019-04-08 17:05:50,147381,-0.15890503,-8.632584,-10.466553
2019-04-08 17:05:50,147402,0.62519836,-8.255493,-9.541199
2019-04-08 17:05:50,147421,0.77124023,-7.9370728,-8.678085
2019-04-08 17:05:50,147441,-0.022445679,-7.0703583,-8.231567
2019-04-08 17:05:50,147461,0.11642456,-6.519699,-7.35289
2019-04-08 17:05:50,147482,-1.1680603,-6.451462,-7.605484
2019-04-08 17:05:50,147503,-1.4505768,-7.5264587,-7.475006
2019-04-08 17:05:50,147521,-1.0519409,-8.648148,-8.966583
2019-04-08 17:05:50,147542,-0.76464844,-8.630188,-10.288193
2019-04-08 17:05:50,147561,0.2660675,-9.672867,-10.312134
2019-04-08 17:05:50,147581,-0.881958,-9.182053,-9.881165
2019-04-08 17:05:50,147601,-1.5547333,-7.333725,-9.209595
2019-04-08 17:05:50,147622,-0.18045044,-8.734329,-7.6557617
2019-04-08 17:05:50,147641,-0.61021423,-10.028397,-7.075165
2019-04-08 17:05:50,147662,-0.93104553,-8.700821,-8.617035
2019-04-08 17:05:50,147681,-0.55155945,-8.412308,-8.646957
2019-04-08 17:05:50,147702,-0.75746155,-8.235138,-7.6677246
2019-04-08 17:05:50,147721,-0.49169922,-6.832138,-6.262329
2019-04-08 17:05:50,147741,-0.80055237,-5.334564,-6.158188
2019-04-08 17:05:50,147762,-1.0387726,-5.4937897,-7.3696594
2019-04-08 17:05:50,147781,-0.7849884,-7.2176056,-8.958206
2019-04-08 17:05:50,147801,-0.7957611,-8.020859,-10.589859
2019-04-08 17:05:50,147822,0.006286621,-8.4266815,-10.370789
2019-04-08 17:05:50,147841,-0.02482605,-7.47139,-10.5012665
2019-04-08 17:05:50,147862,0.4719696,-7.380417,-8.237549
2019-04-08 17:05:50,147881,0.20979309,-7.2367554,-7.9921417
2019-04-08 17:05:50,147901,-0.73591614,-6.344925,-10.346848
2019-04-08 17:05:50,147922,-0.015258789,-7.4570312,-10.751465
2019-04-08 17:05:50,147941,-0.18763733,-6.9470673,-10.495285
2019-04-08 17:05:51,147961,-1.0196228,-4.498993,-9.796173
2019-04-08 17:05:51,147982,-1.1812286,-4.9407196,-9.596268
2019-04-08 17:05:51,148001,-1.1417236,-5.4028015,-7.9191284
2019-04-08 17:05:51,148022,-1.1967926,-2.0317688,-7.131424
2019-04-08 17:05:51,148041,-1.4601593,-1.3302612,-8.97496
2019-04-08 17:05:51,148061,-1.6361389,-4.641449,-9.153336
2019-04-08 17:05:51,148082,-1.5176239,-4.1853485,-8.334518
2019-04-08 17:05:51,148101,-1.3476257,-1.4068756,-8.7966
2019-04-08 17:05:51,148121,-2.4932556,-0.33906555,-8.697235
2019-04-08 17:05:51,148142,-2.3927002,-1.6869965,-8.51767
2019-04-08 17:05:51,148161,-3.1313171,0.37200928,-8.81575
2019-04-08 17:05:51,148181,-1.9533691,0.06555176,-7.43071
2019-04-08 17:05:51,148202,-2.2634125,0.4330597,-7.910736
2019-04-08 17:05:51,148221,-1.925827,1.1034393,-5.229233
2019-04-08 17:05:51,148241,-2.2634125,-0.48510742,-6.1138916
2019-04-08 17:05:51,148261,-2.8775177,0.62579346,-5.1993103
2019-04-08 17:05:51,148282,-4.4936066,2.3735657,-7.1218567
2019-04-08 17:05:51,148301,-3.8830872,2.6429138,-7.091919
2019-04-08 17:05:51,148322,-1.0579376,0.6413574,-7.7263947
2019-04-08 17:05:51,148341,-1.0483551,-2.3944855,-8.277054
2019-04-08 17:05:51,148362,-2.2765808,-2.2999115,-7.890396
2019-04-08 17:05:51,148382,-1.8851318,-1.202179,-9.419098
2019-04-08 17:05:51,148401,-2.0084229,-1.5696869,-11.2087555
2019-04-08 17:05:51,148422,0.15234375,-3.763977,-7.340927
2019-04-08 17:05:51,148442,-0.37557983,-4.0668335,-7.270294
2019-04-08 17:05:51,148461,-2.1879883,-2.5692596,-9.393951
2019-04-08 17:05:51,148482,-1.1537018,-3.1259155,-8.812164
2019-04-08 17:05:51,148501,-0.25946045,-4.645035,-8.326141
2019-04-08 17:05:51,148521,0.8801727,-5.743973,-8.63739
2019-04-08 17:05:51,148542,0.36662292,-6.8094025,-8.715195
2019-04-08 17:05:51,148561,-0.9262543,-6.5951233,-8.960602
2019-04-08 17:05:51,148582,-1.1034241,-5.41597,-9.395142
2019-04-08 17:05:51,148601,-0.14454651,-6.417938,-9.711182
2019-04-08 17:05:51,148622,-0.02722168,-8.378799,-8.685272
2019-04-08 17:05:51,148641,-0.174469,-8.608643,-8.668503
2019-04-08 17:05:51,148661,-0.02961731,-9.25029,-9.277832
2019-04-08 17:05:51,148681,0.34866333,-9.6992035,-10.02243
2019-04-08 17:05:51,148702,-0.18045044,-7.7993927,-8.757095
2019-04-08 17:05:51,148721,-0.466568,-6.9865723,-7.9370728
2019-04-08 17:05:51,148741,-0.7442932,-6.2299957,-7.989746
2019-04-08 17:05:51,148762,-0.82928467,-6.925522,-8.872009
2019-04-08 17:05:51,148781,-0.65211487,-8.913895,-9.862015
2019-04-08 17:05:51,148801,-0.56114197,-9.893127,-10.221146
2019-04-08 17:05:51,148821,-0.17088318,-10.125366,-9.94223
2019-04-08 17:05:51,148842,-0.6401367,-8.059174,-8.347687
2019-04-08 17:05:51,148861,-0.664093,-6.337738,-5.9474945
2019-04-08 17:05:51,148881,0.68743896,-7.524063,-5.06044
2019-04-08 17:05:51,148902,0.40133667,-10.321686,-8.482956
2019-04-08 17:05:51,148921,-0.82928467,-9.112625,-10.194809
2019-04-08 17:05:51,148941,-0.763443,-7.5252686,-9.445419
2019-04-08 17:05:52,148962,-0.081100464,-6.8812256,-8.287827
2019-04-08 17:05:52,148981,-0.047576904,-6.4897766,-7.064392
2019-04-08 17:05:52,149001,-0.17088318,-6.5963135,-7.525284
2019-04-08 17:05:52,149022,-0.708374,-6.8189697,-8.484161
2019-04-08 17:05:52,149041,-0.9226532,-7.5408325,-9.067139
2019-04-08 17:05:52,149061,-0.5671234,-7.666519,-8.491333
2019-04-08 17:05:52,149082,-1.213562,-6.3628845,-9.028839
2019-04-08 17:05:52,149101,-1.3093262,-6.428726,-10.106232
2019-04-08 17:05:52,149121,-0.25946045,-7.395981,-10.650909
2019-04-08 17:05:52,149142,0.37260437,-7.53125,-11.071091
2019-04-08 17:05:52,149161,-0.3109436,-6.2850647,-10.899902
2019-04-08 17:05:52,149182,-1.0232086,-5.152603,-9.009689
2019-04-08 17:05:52,149201,-1.0244141,-4.7001038,-8.213608
2019-04-08 17:05:52,149222,-1.0902557,-4.7731323,-7.1206512
2019-04-08 17:05:52,149241,-1.9856873,-4.3206177,-7.257126
2019-04-08 17:05:52,149262,-2.4417877,-2.2125244,-8.151367
2019-04-08 17:05:52,149281,-2.1808167,-0.4060974,-9.203613
2019-04-08 17:05:52,149302,-0.064331055,-1.499054,-6.103119
2019-04-08 17:05:52,149321,-0.78977966,-2.538147,-10.167282
2019-04-08 17:05:52,149342,-2.6392975,-0.057754517,-10.431839
2019-04-08 17:05:52,149361,-3.2187042,-1.5661011,-10.06073
2019-04-08 17:05:52,149381,-2.3783264,-2.3310394,-10.73111
2019-04-08 17:05:52,149401,-2.4238281,-1.3159027,-9.490921
2019-04-08 17:05:52,149421,-2.9673004,-0.85621643,-7.993347
2019-04-08 17:05:52,149442,-3.2821503,1.358429,-4.9742584
2019-04-08 17:05:52,149461,-1.7187347,2.7901611,-3.3210602
2019-04-08 17:05:52,149482,-1.5559235,1.6229858,-2.478302
2019-04-08 17:05:52,149501,-2.6811981,1.6385498,-3.6023712
2019-04-08 17:05:52,149521,-2.478897,1.3560333,-5.37648
2019-04-08 17:05:52,149542,-2.444168,-0.67185974,-8.539215
2019-04-08 17:05:52,149561,-2.3077087,-1.8749542,-9.945816
2019-04-08 17:05:52,149581,-1.2925568,-0.20140076,-11.473312
2019-04-08 17:05:52,149601,-0.3121338,-2.0856323,-8.3022
2019-04-08 17:05:52,149622,-2.0180054,-2.2400665,-10.520416
2019-04-08 17:05:52,149641,-1.8911133,-3.6753845,-9.403534
2019-04-08 17:05:52,149661,-0.8807678,-4.451111,-8.661331
2019-04-08 17:05:52,149682,-0.2032013,-4.332596,-8.030457
2019-04-08 17:05:52,149701,-0.105041504,-4.4942017,-6.367676
2019-04-08 17:05:52,149721,-1.2267303,-4.2236633,-7.7706757
2019-04-08 17:05:52,149742,-0.708374,-3.6789856,-8.171707
2019-04-08 17:05:52,149761,-0.6916199,-4.4187927,-7.5216827
2019-04-08 17:05:52,149781,-0.90231323,-5.190918,-10.802933
2019-04-08 17:05:52,149801,0.2373352,-7.7826385,-10.215164
2019-04-08 17:05:52,149822,-0.23672485,-8.408722,-8.67569
2019-04-08 17:05:52,149841,-0.2714386,-9.010864,-9.541199
2019-04-08 17:05:52,149861,-0.1565094,-9.759048,-10.409088
2019-04-08 17:05:52,149882,0.29240417,-9.433441,-9.447815
2019-04-08 17:05:52,149901,0.5713196,-9.158112,-8.966583
2019-04-08 17:05:52,149921,0.17028809,-8.515259,-9.058762
2019-04-08 17:05:52,149942,-0.1960144,-7.62941,-8.335709
2019-04-08 17:05:53,149961,-1.0495453,-6.282669,-8.284241
2019-04-08 17:05:53,149982,-0.64852905,-7.2176056,-8.357269
2019-04-08 17:05:53,150001,-0.44740295,-8.084305,-8.601471
2019-04-08 17:05:53,150022,-0.7371063,-7.876007,-8.949829
2019-04-08 17:05:53,150041,-0.6437378,-7.94664,-9.124603
2019-04-08 17:05:53,150062,-0.26185608,-8.923477,-9.6154175
2019-04-08 17:05:53,150081,-1.2231293,-9.3293,-8.965393
2019-04-08 17:05:53,150102,-0.7945709,-7.969391,-7.19487
2019-04-08 17:05:53,150121,0.68504333,-8.715179,-7.321762
2019-04-08 17:05:53,150142,0.18345642,-10.270218,-9.974548
2019-04-08 17:05:53,150161,-1.257843,-9.957779,-10.286987
2019-04-08 17:05:53,150182,-0.30615234,-8.662506,-9.063553
2019-04-08 17:05:53,150201,0.1870575,-7.460617,-7.1840973
2019-04-08 17:05:53,150222,-2.0407562,-4.716858,-6.8644714
2019-04-08 17:05:53,150241,-1.2901764,-4.524124,-7.630615
2019-04-08 17:05:53,150262,-0.40431213,-5.214859,-8.856445
2019-04-08 17:05:53,150281,0.256485,-5.6110992,-9.583099
2019-04-08 17:05:53,150301,1.0250244,-6.3796387,-9.445419
2019-04-08 17:05:53,150322,1.4727325,-5.7308044,-8.001724
2019-04-08 17:05:53,150341,0.7101898,-5.5213165,-7.2128296
2019-04-08 17:05:53,150362,-0.37557983,-4.6522217,-9.366425
2019-04-08 17:05:53,150381,-0.44262695,-4.783905,-12.237061
2019-04-08 17:05:53,150401,-2.616562,-6.835739,-14.008774
2019-04-08 17:05:53,150422,-2.518402,-6.7076416,-10.960953
2019-04-08 17:05:53,150442,-0.4091034,-5.234009,-9.125793
2019-04-08 17:05:53,150462,-0.35882568,-3.2037354,-8.079529
2019-04-08 17:05:53,150481,-2.0180054,-2.5321503,-6.841736
2019-04-08 17:05:53,150501,-3.7154999,-1.5876465,-7.210434
2019-04-08 17:05:53,150522,-2.8140717,-0.84184265,-6.613083
2019-04-08 17:05:53,150541,-1.9952545,-0.6575012,-7.5755615
2019-04-08 17:05:53,150561,-1.5679016,0.16012573,-7.996933
2019-04-08 17:05:53,150582,-2.735077,-0.25526428,-9.122208
2019-04-08 17:05:53,150601,-2.518402,-0.542572,-8.374023
2019-04-08 17:05:53,150621,-2.5016327,0.19125366,-6.920746
2019-04-08 17:05:53,150642,-2.7219086,1.2015991,-7.4031677
2019-04-08 17:05:53,150661,-1.9449768,0.6784668,-6.0265045
2019-04-08 17:05:53,150681,-1.1620789,-0.73172,-6.1294556
2019-04-08 17:05:53,150702,-2.5112152,-0.10324097,-4.940735
2019-04-08 17:05:53,150721,-3.2007446,0.6269989,-6.683716
2019-04-08 17:05:53,150741,-4.1679993,1.0651398,-7.5611877
2019-04-08 17:05:53,150762,-1.1872253,0.9777374,-8.453033
2019-04-08 17:05:53,150781,0.9136963,-2.4052582,-7.6940613
2019-04-08 17:05:53,150801,-1.0866547,-3.641861,-9.147354
2019-04-08 17:05:53,150822,-1.8156891,-3.633484,-9.493317
2019-04-08 17:05:53,150841,-1.6457062,-3.4072418,-9.945816
2019-04-08 17:05:53,150862,-1.2398834,-3.6442566,-9.506485
2019-04-08 17:05:53,150881,-0.7909851,-4.6989136,-8.268677
2019-04-08 17:05:53,150902,-1.0088501,-5.384842,-7.953842
2019-04-08 17:05:53,150922,-1.0423737,-5.017334,-8.272263
2019-04-08 17:05:53,150941,-0.6221924,-4.787491,-7.9191284
2019-04-08 17:05:54,150962,0.59646606,-6.061203,-8.186081
2019-04-08 17:05:54,150981,0.81433105,-6.9482574,-8.415924
2019-04-08 17:05:54,151002,0.57611084,-7.084732,-8.4219055
2019-04-08 17:05:54,151021,0.4324646,-7.670105,-8.924683
2019-04-08 17:05:54,151041,-0.20799255,-8.589493,-9.452606
2019-04-08 17:05:54,151062,-0.89871216,-8.947418,-9.514862
2019-04-08 17:05:54,151081,-0.40312195,-9.919464,-9.586685
2019-04-08 17:05:54,151102,0.3283081,-10.599411,-10.399521
2019-04-08 17:05:54,151121,-0.2642517,-9.814117,-10.368393
2019-04-08 17:05:54,151142,-0.39712524,-8.311752,-9.206009
2019-04-08 17:05:54,151161,0.19422913,-8.127411,-8.363251
2019-04-08 17:05:54,151182,-0.545578,-6.5998993,-7.4893646
2019-04-08 17:05:54,151201,-1.8432312,-5.110718,-6.965027
2019-04-08 17:05:54,151221,-1.3212891,-6.4299164,-7.783844
2019-04-08 17:05:54,151242,0.19064331,-9.532806,-10.133759
2019-04-08 17:05:54,151261,0.20739746,-11.247055,-13.412613
2019-04-08 17:05:54,151281,0.13917542,-11.5056305,-11.160873
2019-04-08 17:05:54,151302,1.3733826,-8.650543,-7.7886353
2019-04-08 17:05:54,151321,1.4260559,-7.2295837,-4.5588684
2019-04-08 17:05:54,151341,-0.629364,-8.348862,-4.501404
2019-04-08 17:05:54,151362,-2.775772,-8.352463,-6.8644714
2019-04-08 17:05:54,151381,-2.483673,-6.4706116,-7.956238
2019-04-08 17:05:54,151401,-1.0016632,-5.526108,-8.472183
2019-04-08 17:05:54,151422,-0.59106445,-5.0352936,-7.5599976
2019-04-08 17:05:54,151441,0.04699707,-4.6558075,-6.7184296
2019-04-08 17:05:54,151461,0.32112122,-5.285492,-7.794632
2019-04-08 17:05:54,151482,-0.6257782,-6.433502,-10.802933
2019-04-08 17:05:54,151501,-0.5419769,-7.8377075,-12.943359
2019-04-08 17:05:54,151521,-0.10862732,-7.764679,-11.801315
2019-04-08 17:05:54,151542,0.50668335,-6.4430847,-9.982925
2019-04-08 17:05:54,151561,-0.04399109,-5.5009613,-10.459366
2019-04-08 17:05:54,151581,-0.6114197,-5.372879,-9.610626
2019-04-08 17:05:54,151602,-1.2051697,-6.036072,-9.30896
2019-04-08 17:05:54,151621,-1.8085175,-5.321396,-9.0264435
2019-04-08 17:05:54,151642,-1.5631104,-3.5173645,-8.809769
2019-04-08 17:05:54,151662,-1.0746918,-2.6315155,-6.8992004
2019-04-08 17:05:54,151681,-1.5331879,-1.5481415,-6.7328033
2019-04-08 17:05:54,151702,-2.150879,-0.24330139,-7.8101807
2019-04-08 17:05:54,151721,-3.2977142,3.1995697,-8.642166
2019-04-08 17:05:54,151742,-1.5918427,-1.6451111,-8.533234
2019-04-08 17:05:54,151761,-0.9286499,-3.886078,-9.138962
2019-04-08 17:05:54,151782,-2.8894958,-0.850235,-7.5803375
2019-04-08 17:05:54,151801,-4.214691,1.1010437,-9.161713
2019-04-08 17:05:54,151822,-2.90625,0.6305847,-7.424713
2019-04-08 17:05:54,151841,-1.7953491,0.19963074,-6.881241
2019-04-08 17:05:54,151862,-2.2250977,1.1620941,-5.483017
2019-04-08 17:05:54,151881,-3.0534973,0.8580322,-6.26593
2019-04-08 17:05:54,151902,-2.8894958,0.010482788,-5.21727
2019-04-08 17:05:54,151921,-2.7889404,1.0950623,-7.0189056
2019-04-08 17:05:54,151941,-1.5008545,0.47735596,-6.9674225
2019-04-08 17:05:55,151962,-0.9837189,-1.7720032,-7.74794
2019-04-08 17:05:55,151981,-1.5750732,-2.6398926,-8.65654
2019-04-08 17:05:55,152002,-1.668457,-2.6339111,-10.194809
2019-04-08 17:05:55,152021,-1.1381378,-2.985855,-10.073898
2019-04-08 17:05:55,152042,-0.81851196,-3.2133026,-9.80217
2019-04-08 17:05:55,152061,-0.46775818,-4.077606,-8.917511
2019-04-08 17:05:55,152081,-0.6042328,-6.1102905,-8.462601
2019-04-08 17:05:55,152102,-0.7885895,-5.9008026,-8.425491
2019-04-08 17:05:55,152121,-0.14694214,-4.3708954,-8.38121
2019-04-08 17:05:55,152141,0.671875,-4.3278046,-6.1007233
2019-04-08 17:05:55,152162,-0.6796417,-4.301468,-7.3876038
2019-04-08 17:05:55,152181,-1.7247162,-5.0987396,-10.118195
2019-04-08 17:05:55,152201,-0.3109436,-7.6246185,-10.616196
2019-04-08 17:05:55,152222,0.6000519,-10.108612,-11.251846
2019-04-08 17:05:55,152241,-0.09666443,-11.0794525,-11.099823
2019-04-08 17:05:55,152261,-0.4306488,-10.070297,-9.32692
2019-04-08 17:05:55,152282,-0.545578,-8.394363,-8.979752
2019-04-08 17:05:55,152301,-0.44023132,-8.062759,-8.292618
2019-04-08 17:05:55,152321,-0.47853088,-8.378799,-8.289032
2019-04-08 17:05:55,152342,-0.7131653,-8.619415,-8.57872
2019-04-08 17:05:55,152361,-0.8711853,-8.326126,-8.785828
2019-04-08 17:05:55,152381,-1.0351868,-7.4390717,-8.47937
2019-04-08 17:05:55,152402,-0.3684082,-6.942276,-7.8365173
2019-04-08 17:05:55,152422,0.2780304,-7.6210327,-8.183685
2019-04-08 17:05:55,152441,-0.12658691,-8.192047,-9.002502
2019-04-08 17:05:55,152461,-1.0806732,-8.028046,-8.5954895
2019-04-08 17:05:55,152482,-0.47853088,-7.783844,-7.692871
2019-04-08 17:05:55,152501,-0.05355835,-8.779831,-8.429092
2019-04-08 17:05:55,152522,3.0517578E-4,-10.808914,-9.814133
2019-04-08 17:05:55,152541,-0.25827026,-10.134949,-9.368805
2019-04-08 17:05:55,152562,-0.52641296,-7.4235077,-8.297409
2019-04-08 17:05:55,152581,-0.13137817,-6.139023,-7.6354065
2019-04-08 17:05:55,152602,-0.05116272,-6.083954,-8.402756
2019-04-08 17:05:55,152621,0.14157104,-6.5364532,-8.007706
2019-04-08 17:05:55,152642,-0.7227478,-5.55484,-7.677307
2019-04-08 17:05:55,152661,-0.7658386,-4.9251556,-8.232758
2019-04-08 17:05:55,152682,-0.47135925,-5.4626617,-9.762665
2019-04-08 17:05:55,152701,0.105651855,-7.041641,-10.757446
2019-04-08 17:05:55,152722,0.03262329,-6.988968,-11.309311
2019-04-08 17:05:55,152741,-0.51564026,-5.570404,-10.547958
2019-04-08 17:05:55,152762,-0.7191467,-5.17894,-9.738724
2019-04-08 17:05:55,152781,-1.5942383,-4.9754333,-10.563522
2019-04-08 17:05:55,152802,-1.9749146,-5.048462,-10.875961
2019-04-08 17:05:55,152821,-1.3596039,-4.594757,-8.822937
2019-04-08 17:05:55,152842,-1.2985535,-3.9351501,-8.057983
2019-04-08 17:05:55,152861,-1.2602386,-2.8386078,-7.1242523
2019-04-08 17:05:55,152882,-2.2310944,-0.7460785,-6.12706
2019-04-08 17:05:55,152901,-3.4210052,1.2830048,-6.5113373
2019-04-08 17:05:55,152921,-2.890686,0.34088135,-6.1258698
2019-04-08 17:05:55,152942,-2.1053925,-0.07450867,-7.787445
2019-04-08 17:05:56,152961,-1.2985535,-0.033813477,-8.467392
2019-04-08 17:05:56,152981,-1.4733276,-0.6730652,-7.783844
2019-04-08 17:05:56,153002,-2.1664429,0.461792,-7.4295044
2019-04-08 17:05:56,153021,-2.9050598,0.9023285,-6.9674225
2019-04-08 17:05:56,153041,-2.4298096,1.0555573,-7.269104
2019-04-08 17:05:56,153062,-3.6580353,0.283432,-8.018478
2019-04-08 17:05:56,153081,-3.3671417,-0.14872742,-6.7184296
2019-04-08 17:05:56,153101,-1.4793091,-0.34265137,-4.8952484
2019-04-08 17:05:56,153122,-1.6983795,-0.3043518,-5.55365
2019-04-08 17:05:56,153141,-2.4417877,-0.11880493,-7.1924896
2019-04-08 17:05:56,153162,-1.5247955,-0.0050811768,-7.7335663
2019-04-08 17:05:56,153181,-0.213974,-0.9412079,-9.419098
2019-04-08 17:05:56,153201,0.8873596,-4.372101,-8.018478
2019-04-08 17:05:56,153222,-0.24629211,-5.199295,-9.30896
2019-04-08 17:05:56,153241,-1.3548126,-4.139862,-10.800537
2019-04-08 17:05:56,153261,-0.19122314,-4.337387,-10.029617
2019-04-08 17:05:56,153282,0.43605042,-5.9869843,-8.565552
2019-04-08 17:05:56,153301,-0.21876526,-6.7184143,-8.742722
2019-04-08 17:05:56,153322,-0.25468445,-7.459427,-10.549149
2019-04-08 17:05:56,153341,0.2672577,-8.238739,-8.389587
2019-04-08 17:05:56,153362,-0.4486084,-6.645401,-7.328949
2019-04-08 17:05:56,153382,-1.4685364,-4.7491913,-7.8760223
2019-04-08 17:05:56,153402,0.13438416,-6.62265,-8.779831
2019-04-08 17:05:56,153421,0.09487915,-8.37999,-8.801392
2019-04-08 17:05:56,153442,-0.39712524,-9.140152,-8.790619
2019-04-08 17:05:56,153461,-0.6042328,-10.25705,-9.867996
2019-04-08 17:05:56,153482,-0.8927307,-9.834473,-10.641327
2019-04-08 17:05:56,153501,-0.5419769,-8.844467,-9.538803
2019-04-08 17:05:56,153522,0.46717834,-9.677658,-8.873215
2019-04-08 17:05:56,153541,-0.21636963,-9.276627,-8.979752
2019-04-08 17:05:56,153562,-0.9549866,-8.0903015,-8.855255
2019-04-08 17:05:56,153581,-0.8352661,-7.431885,-7.6557617
2019-04-08 17:05:56,153602,-1.039978,-6.3269653,-6.8536987
2019-04-08 17:05:56,153621,-1.0112457,-6.396393,-7.0272827
2019-04-08 17:05:56,153642,-0.6664734,-7.3157654,-7.5444336
2019-04-08 17:05:56,153661,-0.17926025,-7.6329956,-8.617035
2019-04-08 17:05:56,153682,0.0074920654,-9.828491,-9.94223
2019-04-08 17:05:56,153701,-1.1022186,-9.925446,-10.085876
2019-04-08 17:05:56,153721,-0.4091034,-9.130569,-8.117844
2019-04-08 17:05:56,153742,0.46357727,-8.746307,-8.420715
2019-04-08 17:05:56,153761,0.1116333,-8.389572,-8.866028
2019-04-08 17:05:56,153782,-0.47373962,-7.539627,-9.198822
2019-04-08 17:05:56,153801,-0.55514526,-6.583145,-9.153336
2019-04-08 17:05:56,153821,-0.6856384,-6.5975037,-9.232346
2019-04-08 17:05:56,153842,-0.7538605,-6.139023,-8.123825
2019-04-08 17:05:56,153861,-0.8508301,-5.4734344,-7.7862396
2019-04-08 17:05:56,153881,-0.66049194,-5.380066,-8.368042
2019-04-08 17:05:56,153902,-0.60902405,-5.763138,-8.460205
2019-04-08 17:05:56,153921,-0.9501953,-5.285492,-10.213959
2019-04-08 17:05:56,153941,-0.3695984,-5.1214905,-11.037567
2019-04-08 17:05:57,153962,-0.028427124,-5.010147,-10.875961
2019-04-08 17:05:57,153981,-0.97055054,-4.8138275,-10.393524
2019-04-08 17:05:57,154001,-2.0072327,-4.2057037,-10.703583
2019-04-08 17:05:57,154022,-1.6768341,-3.5999756,-9.277832
2019-04-08 17:05:57,154041,-1.7390747,-2.70932,-7.8329315
2019-04-08 17:05:57,154061,-1.7714081,-1.4966583,-6.2479706
2019-04-08 17:05:57,154082,-2.4860687,-0.83825684,-6.2982483
2019-04-08 17:05:57,154102,-2.1532745,-0.22175598,-5.9355316
2019-04-08 17:05:57,154122,-2.7578125,1.4434204,-6.178543
2019-04-08 17:05:57,154141,-2.0922241,2.422638,-6.649002
2019-04-08 17:05:57,154162,-1.4960632,1.1788635,-5.7212524
2019-04-08 17:05:57,154181,-1.446991,0.36721802,-6.7184296
2019-04-08 17:05:57,154202,-3.316864,-0.38575745,-8.069962
2019-04-08 17:05:57,154221,-2.2921448,0.24632263,-8.708008
2019-04-08 17:05:57,154242,-4.4577026,0.43066406,-9.8919525
2019-04-08 17:05:57,154261,-2.1891937,-1.2560425,-7.4977417
2019-04-08 17:05:57,154281,-0.7131653,-1.1219635,-7.258316
2019-04-08 17:05:57,154302,-2.0742645,-0.1343689,-5.6063232
2019-04-08 17:05:57,154321,-2.482483,0.43545532,-6.5352783
2019-04-08 17:05:57,154342,-1.6038055,0.19483948,-7.439087
2019-04-08 17:05:57,154361,-0.3408661,-1.4320221,-8.177704
2019-04-08 17:05:57,154382,0.91848755,-3.965088,-7.3696594
2019-04-08 17:05:57,154401,-0.37557983,-6.028885,-7.375641
2019-04-08 17:05:57,154422,-2.245453,-3.558075,-11.682816
2019-04-08 17:05:57,154441,-0.506073,-3.456314,-9.688431
2019-04-08 17:05:57,154461,0.83947754,-5.254364,-7.8736267
2019-04-08 17:05:57,154482,-0.1960144,-7.606659,-8.901947
2019-04-08 17:05:57,154501,-0.5359955,-8.239929,-9.445419
2019-04-08 17:05:57,154522,-0.51924133,-7.646164,-10.472534
2019-04-08 17:05:57,154541,0.14276123,-7.388794,-9.0108795
2019-04-08 17:05:57,154561,-0.4881134,-6.648987,-6.554428
2019-04-08 17:05:57,154582,-1.1728516,-5.6362305,-7.2667084
2019-04-08 17:05:57,154601,-0.26783752,-6.7471466,-7.822159
2019-04-08 17:05:57,154622,0.40252686,-7.9801636,-8.719986
2019-04-08 17:05:57,154641,0.74250793,-10.677231,-10.348038
2019-04-08 17:05:57,154661,-0.30854797,-12.401062,-12.047928
2019-04-08 17:05:57,154682,-1.1716614,-9.756653,-10.921448
2019-04-08 17:05:57,154701,-1.3272858,-8.381195,-9.3233185
2019-04-08 17:05:57,154721,0.24571228,-9.608215,-7.993347
2019-04-08 17:05:57,154742,-0.49769592,-8.856445,-7.941864
2019-04-08 17:05:57,154761,-0.45100403,-7.961014,-7.9239044
2019-04-08 17:05:57,154781,-0.6724701,-7.5049133,-7.9310913
2019-04-08 17:05:57,154802,-1.1728516,-7.1062775,-7.2643127
2019-04-08 17:05:57,154821,-1.1261597,-6.911148,-7.032074
2019-04-08 17:05:57,154842,-0.5707092,-7.0548096,-7.2643127
2019-04-08 17:05:57,154861,0.36183167,-7.729965,-7.691681
2019-04-08 17:05:57,154881,0.3067627,-8.842072,-9.076721
2019-04-08 17:05:57,154902,-0.29896545,-8.819336,-10.083481
2019-04-08 17:05:57,154921,-0.3001709,-8.977341,-10.222351
2019-04-08 17:05:57,154941,-0.4893036,-8.196838,-10.1888275
2019-04-08 17:05:58,154962,0.04220581,-8.010086,-8.494934
2019-04-08 17:05:58,154982,-0.5168457,-7.0859222,-8.878006
2019-04-08 17:05:58,155002,-0.2834015,-5.9905853,-9.471756
2019-04-08 17:05:58,155021,1.0537567,-7.1421967,-8.383591
2019-04-08 17:05:58,155042,-0.27383423,-6.435898,-8.627808
2019-04-08 17:05:58,155061,-0.8173218,-4.6701813,-7.7371674
2019-04-08 17:05:58,155082,-0.121795654,-4.7431946,-8.49852
2019-04-08 17:05:58,155101,-0.7371063,-5.1705627,-10.3229065
2019-04-08 17:05:58,155122,-1.237503,-4.3673096,-10.512039
2019-04-08 17:05:58,155141,-0.7538605,-4.759964,-9.340088
2019-04-08 17:05:58,155162,-1.0016632,-4.8461456,-9.8177185
2019-04-08 17:05:58,155181,-1.3105164,-3.7747498,-10.020035
2019-04-08 17:05:58,155202,-2.257431,-3.5413055,-9.731537
2019-04-08 17:05:58,155221,-2.7566223,-3.423996,-8.571548
2019-04-08 17:05:58,155242,-2.6943665,-1.2237244,-7.8496857
2019-04-08 17:05:58,155261,-2.2753906,-0.20977783,-7.162552
2019-04-08 17:05:58,155282,-1.2722168,-0.4922943,-5.997772
2019-04-08 17:05:58,155301,-1.312912,-0.038589478,-5.9199677
2019-04-08 17:05:58,155321,-2.3938904,1.3859558,-6.5269012
2019-04-08 17:05:58,155342,-2.3507996,1.3967285,-6.5508423
2019-04-08 17:05:58,155361,-2.226303,1.6074219,-5.5392914
2019-04-08 17:05:58,155382,-1.91745,0.10505676,-6.1366425
2019-04-08 17:05:58,155401,-2.6680298,-0.40490723,-9.747101
2019-04-08 17:05:58,155422,-3.7693634,0.22476196,-8.072357
2019-04-08 17:05:58,155441,-1.6014099,-0.518631,-7.4761963
2019-04-08 17:05:58,155461,-1.3572083,-0.34146118,-7.0428467
2019-04-08 17:05:58,155482,-2.3400269,0.88197327,-8.072357
2019-04-08 17:05:58,155501,-0.684433,-0.65390015,-5.3549347
2019-04-08 17:05:58,155521,-0.7622528,-2.977478,-5.37648
2019-04-08 17:05:58,155542,-2.138916,-3.087616,-8.482956
2019-04-08 17:05:58,155561,-0.56591797,-2.7907257,-7.7311707
2019-04-08 17:05:58,155581,0.05656433,-1.6882019,-10.251068
2019-04-08 17:05:58,155602,0.9532013,-3.7687683,-10.880753
2019-04-08 17:05:58,155621,-0.8915405,-6.361679,-9.301773
2019-04-08 17:05:58,155642,-1.6588745,-7.302597,-9.830887
2019-04-08 17:05:58,155661,-1.0627136,-7.140991,-9.945816
2019-04-08 17:05:58,155681,0.52941895,-7.350479,-9.707596
2019-04-08 17:05:58,155702,0.6778717,-7.3241577,-8.10228
2019-04-08 17:05:58,155721,-0.04638672,-6.7627106,-8.032852
2019-04-08 17:05:58,155741,-0.24989319,-6.7591248,-8.75589
2019-04-08 17:05:58,155762,-0.96336365,-7.1026917,-8.5164795
2019-04-08 17:05:58,155781,-0.57310486,-7.3911896,-7.270294
2019-04-08 17:05:58,155802,-0.04159546,-8.32373,-7.8209534
2019-04-08 17:05:58,155822,0.01586914,-9.458588,-9.893143
2019-04-08 17:05:58,155842,-1.0734863,-9.355637,-11.397903
2019-04-08 17:05:58,155861,-1.7378845,-9.748276,-11.226715
2019-04-08 17:05:58,155882,-1.0411682,-10.816086,-10.286987
2019-04-08 17:05:58,155901,-0.550354,-9.84404,-9.226364
2019-04-08 17:05:58,155922,0.47076416,-9.140152,-8.172913
2019-04-08 17:05:58,155942,0.017059326,-8.602661,-8.204041
2019-04-08 17:05:59,155961,-1.2003937,-7.5444183,-7.7072296
2019-04-08 17:05:59,155982,-0.7119751,-6.633423,-6.3700714
2019-04-08 17:05:59,156001,-1.0722961,-6.1893005,-6.7962494
2019-04-08 17:05:59,156022,-0.6832428,-6.456253,-7.6162567
2019-04-08 17:05:59,156041,-0.3396759,-7.3205566,-8.597885
2019-04-08 17:05:59,156061,0.32351685,-8.657715,-9.930252
2019-04-08 17:05:59,156082,0.2313385,-9.621384,-10.620987
2019-04-08 17:05:59,156101,-0.9717407,-7.5527954,-9.504089
2019-04-08 17:05:59,156122,-0.37557983,-7.4414673,-8.057983
2019-04-08 17:05:59,156141,0.09248352,-8.10466,-8.560776
2019-04-08 17:05:59,156162,-0.26306152,-8.286621,-10.513245
2019-04-08 17:05:59,156181,-0.45339966,-6.906357,-10.036789
2019-04-08 17:05:59,156202,-0.4557953,-5.571594,-9.216782
2019-04-08 17:05:59,156221,-0.466568,-5.1466217,-8.55838
2019-04-08 17:05:59,156241,-0.30496216,-4.8174286,-8.10228
2019-04-08 17:05:59,156262,-0.506073,-4.855728,-8.978561
2019-04-08 17:05:59,156281,-1.0914459,-4.7575684,-9.01207
2019-04-08 17:05:59,156301,-1.3117218,-4.123108,-8.855255
2019-04-08 17:05:59,156322,-1.4266357,-4.448715,-8.582321
2019-04-08 17:05:59,156341,-1.0639191,-4.4151917,-10.219955
2019-04-08 17:05:59,156362,-1.573883,-2.8206635,-11.557114
2019-04-08 17:05:59,156381,-2.305313,-2.0844421,-9.731537
2019-04-08 17:05:59,156401,-1.7821808,-2.8721313,-8.14418
2019-04-08 17:05:59,156422,-1.5212097,-1.7037659,-7.854477
2019-04-08 17:05:59,156441,-2.0694885,-0.65989685,-6.411972
2019-04-08 17:05:59,156461,-2.269394,-0.8610077,-5.929535
2019-04-08 17:05:59,156482,-2.360382,1.2028046,-5.502182
2019-04-08 17:05:59,156501,-2.2035522,2.8607788,-4.364929
2019-04-08 17:05:59,156521,-2.7961273,3.1205597,-5.2831116
2019-04-08 17:05:59,156542,-1.4362183,1.2159729,-4.672592
2019-04-08 17:05:59,156561,-3.119339,0.5898895,-6.439499
2019-04-08 17:05:59,156581,-3.2043304,-0.12120056,-9.835678
2019-04-08 17:05:59,156602,-3.747818,-0.17266846,-10.4019165
2019-04-08 17:05:59,156621,-1.2781982,-1.9802856,-8.551193
2019-04-08 17:05:59,156642,-1.5068512,-2.388504,-9.975739
2019-04-08 17:05:59,156661,-1.58107,-2.8446045,-8.069962
2019-04-08 17:05:59,156682,-1.3033447,-2.0940094,-7.057205
2019-04-08 17:05:59,156702,-2.6321259,-0.6275635,-7.395996
2019-04-08 17:05:59,156722,-0.605423,-1.6463013,-5.9223633
2019-04-08 17:05:59,156741,0.26846313,-2.6159515,-6.5364685
2019-04-08 17:05:59,156762,-0.8017578,-3.3006897,-9.690826
2019-04-08 17:05:59,156781,0.24571228,-5.5775757,-8.548798
2019-04-08 17:05:59,156802,0.59765625,-6.7698975,-8.213608
2019-04-08 17:05:59,156821,-0.9477997,-6.0240936,-10.462967
2019-04-08 17:05:59,156842,-0.9011078,-5.6003265,-11.767807
2019-04-08 17:05:59,156861,0.71377563,-7.804184,-8.819336
2019-04-08 17:05:59,156882,-0.84843445,-7.6365967,-9.03363
2019-04-08 17:05:59,156901,-0.4521942,-9.499283,-10.880753
2019-04-08 17:05:59,156922,0.24450684,-10.446182,-8.967789
2019-04-08 17:05:59,156941,-0.0032806396,-8.661316,-7.8161774
2019-04-08 17:06:00,156962,-1.573883,-5.8529205,-7.155365
2019-04-08 17:06:00,156981,-1.3715668,-5.4219513,-6.9674225
2019-04-08 17:06:00,157001,-1.5391693,-6.5687866,-8.692444
2019-04-08 17:06:00,157022,-0.47853088,-10.334854,-10.922653
2019-04-08 17:06:00,157041,-0.64852905,-11.534348,-11.830048
2019-04-08 17:06:00,157061,-1.3344574,-8.804962,-9.693222
2019-04-08 17:06:00,157082,-1.4242401,-7.0117035,-8.257904
2019-04-08 17:06:00,157101,0.63357544,-9.422668,-6.5089417
2019-04-08 17:06:00,157121,0.53900146,-10.399506,-6.941086
2019-04-08 17:06:00,157141,-1.297348,-8.526047,-9.385574
2019-04-08 17:06:00,157161,-1.2446747,-8.113037,-9.1844635
2019-04-08 17:06:00,157182,-1.0591278,-6.8129883,-7.629425
2019-04-08 17:06:00,157201,0.14395142,-6.0312805,-6.968628
2019-04-08 17:06:00,157221,-0.2822113,-5.973816,-7.190094
2019-04-08 17:06:00,157242,-1.7558441,-5.930725,-8.594284
2019-04-08 17:06:00,157261,-0.16967773,-8.354858,-9.475357
2019-04-08 17:06:00,157282,0.29838562,-9.420273,-10.319305
2019-04-08 17:06:00,157301,-0.1457367,-7.9239044,-10.57309
2019-04-08 17:06:00,157321,0.04220581,-6.961426,-9.3628235
2019-04-08 17:06:00,157342,0.22895813,-7.4187164,-8.784622
2019-04-08 17:06:00,157361,-0.545578,-7.412735,-9.955399
2019-04-08 17:06:00,157381,-0.8927307,-6.4430847,-10.099045
2019-04-08 17:06:00,157402,-0.5168457,-5.4650574,-8.71759
2019-04-08 17:06:00,157421,-0.5994415,-5.5524445,-7.8449097
2019-04-08 17:06:00,157442,-1.139328,-4.649826,-8.232758
2019-04-08 17:06:00,157462,-1.3380585,-4.0548706,-8.3824005
2019-04-08 17:06:00,157482,-2.2634125,-2.9044495,-9.411911
2019-04-08 17:06:00,157501,-1.7259064,-2.6710205,-10.097839
2019-04-08 17:06:00,157522,-0.9944916,-3.93396,-11.01123
2019-04-08 17:06:00,157541,-1.2111664,-5.171768,-9.276642
2019-04-08 17:06:00,157562,-2.5890198,-2.7500305,-9.480148
2019-04-08 17:06:00,157581,-2.803299,-0.5066681,-8.763077
2019-04-08 17:06:00,157602,-2.6273346,-1.415268,-7.9981384
2019-04-08 17:06:00,157621,-2.0012512,-1.2309113,-7.012924
2019-04-08 17:06:00,157642,-2.2957306,0.54678345,-6.850113
2019-04-08 17:06:00,157661,-2.5124054,1.3045502,-6.7962494
2019-04-08 17:06:00,157682,-2.4980469,1.7654419,-5.7104645
2019-04-08 17:06:00,157701,-1.5786743,2.0120392,-3.2169037
2019-04-08 17:06:00,157722,-3.534729,1.5319977,-4.624695
2019-04-08 17:06:00,157741,-4.154831,0.9310608,-7.0655975
2019-04-08 17:06:00,157762,-2.0455322,-0.1966095,-7.949051
2019-04-08 17:06:00,157781,-1.6038055,-1.1411285,-9.833282
2019-04-08 17:06:00,157802,-2.1796112,-1.2608337,-9.276642
2019-04-08 17:06:00,157821,-2.1281433,-1.8258667,-9.7339325
2019-04-08 17:06:00,157842,-1.5571289,-1.3218842,-8.369232
2019-04-08 17:06:00,157861,-1.510437,-1.5505371,-7.1817017
2019-04-08 17:06:00,157881,-1.1141968,-3.0600739,-5.688919
2019-04-08 17:06:00,157902,-1.0627136,-3.7567902,-6.8932037
2019-04-08 17:06:00,157921,-0.38157654,-3.5245514,-7.7742767
2019-04-08 17:06:00,157941,0.5114746,-3.8932648,-7.9035645
2019-04-08 17:06:01,157962,0.4336548,-3.0732422,-9.568726
2019-04-08 17:06:01,157981,0.7951813,-5.144226,-10.958557
2019-04-08 17:06:01,158001,-0.20559692,-8.821716,-11.353607
2019-04-08 17:06:01,158021,-0.33009338,-10.755035,-11.24707
2019-04-08 17:06:01,158041,-1.0483551,-9.041992,-9.05278
2019-04-08 17:06:01,158062,-1.3548126,-7.460617,-8.405151
2019-04-08 17:06:01,158081,-0.24989319,-7.472595,-8.3033905
2019-04-08 17:06:01,158101,0.35105896,-8.097473,-7.466614
2019-04-08 17:06:01,158122,-0.022445679,-8.273453,-7.9394684
2019-04-08 17:06:01,158141,-0.5072632,-7.6006775,-8.869614
2019-04-08 17:06:01,158161,-0.43185425,-7.1062775,-9.31015
2019-04-08 17:06:01,158182,-0.47135925,-7.364853,-9.950607
2019-04-08 17:06:01,158201,-0.8173218,-8.418304,-10.079895
2019-04-08 17:06:01,158221,-1.470932,-8.814545,-9.597458
2019-04-08 17:06:01,158242,-1.4817047,-8.748703,-8.820541
2019-04-08 17:06:01,158262,-0.25827026,-10.245071,-9.32811
2019-04-08 17:06:01,158281,-0.8891449,-9.66687,-9.414307
2019-04-08 17:06:01,158301,-0.54437256,-8.1896515,-6.929123
2019-04-08 17:06:01,158321,0.074523926,-6.911148,-6.6190643
2019-04-08 17:06:01,158342,-0.8687897,-7.500122,-7.3397217
2019-04-08 17:06:01,158362,-0.87716675,-8.4207,-7.672516
2019-04-08 17:06:01,158381,-0.7538605,-7.9358673,-7.9514465
2019-04-08 17:06:01,158402,-0.63775635,-6.512512,-8.67569
2019-04-08 17:06:01,158421,-0.78738403,-6.2204285,-8.727173
2019-04-08 17:06:01,158442,-0.93463135,-6.9326935,-8.915115
2019-04-08 17:06:01,158461,-0.17567444,-8.145355,-9.219177
2019-04-08 17:06:01,158482,-0.58387756,-7.955017,-10.337265
2019-04-08 17:06:01,158501,-0.28579712,-7.5970917,-9.903915
2019-04-08 17:06:01,158521,-0.24031067,-7.435486,-9.251495
2019-04-08 17:06:01,158542,-0.50367737,-6.7232056,-9.313751
2019-04-08 17:06:01,158561,0.15353394,-6.3676605,-9.715973
2019-04-08 17:06:01,158582,-0.2319336,-6.1533813,-10.285797
2019-04-08 17:06:01,158601,-1.0854645,-5.5524445,-9.359238
2019-04-08 17:06:01,158621,-1.1381378,-4.6079254,-8.385986
2019-04-08 17:06:01,158642,-0.7550659,-3.9160004,-8.746323
2019-04-08 17:06:01,158661,-0.86639404,-3.5927887,-7.981369
2019-04-08 17:06:01,158681,-1.8276672,-3.3713226,-9.166504
2019-04-08 17:06:01,158701,-1.747467,-3.000229,-8.837296
2019-04-08 17:06:01,158722,-1.9880829,-1.9288177,-8.928284
2019-04-08 17:06:01,158741,-1.644516,-0.7377014,-8.268677
2019-04-08 17:06:01,158761,-1.7390747,-1.3470306,-8.542816
2019-04-08 17:06:01,158781,-1.9880829,-1.3769531,-8.75589
2019-04-08 17:06:01,158801,-2.209549,-1.0405731,-8.063965
2019-04-08 17:06:01,158822,-2.5818481,0.5695343,-7.4606323
2019-04-08 17:06:01,158841,-2.0323792,0.71199036,-4.917984
2019-04-08 17:06:01,158861,-1.8097076,-0.15351868,-4.973053
2019-04-08 17:06:01,158882,-2.7458496,1.3895416,-4.1135406
2019-04-08 17:06:01,158901,-3.071457,3.1480865,-5.517746
2019-04-08 17:06:01,158921,-3.6316986,2.7350922,-7.7886353
2019-04-08 17:06:01,158942,-2.277771,0.4438324,-6.9003906
2019-04-08 17:06:02,158961,-1.4960632,-2.1897888,-8.341705
2019-04-08 17:06:02,158981,-1.3332672,-2.9643097,-9.104248
2019-04-08 17:06:02,159001,-2.2861633,-1.399704,-9.6944275
2019-04-08 17:06:02,159022,-2.0790558,-0.8933258,-8.797791
2019-04-08 17:06:02,159041,-1.2243347,-1.586441,-7.771881
2019-04-08 17:06:02,159062,-1.3153076,-2.5130005,-8.486542
2019-04-08 17:06:02,159082,-0.7119751,-4.000992,-8.65773
2019-04-08 17:06:02,159101,-0.27981567,-4.957489,-7.5683746
2019-04-08 17:06:02,159122,-0.35403442,-4.4379425,-8.357269
2019-04-08 17:06:02,159141,-0.04878235,-4.1973267,-8.468597
2019-04-08 17:06:02,159162,-0.006881714,-5.072403,-8.081924
2019-04-08 17:06:02,159182,-0.02961731,-5.309433,-9.202408
2019-04-08 17:06:02,159201,0.3103485,-7.1709137,-10.049957
2019-04-08 17:06:02,159222,0.012283325,-8.523651,-9.415497
2019-04-08 17:06:02,159241,-0.18045044,-8.120224,-9.911102
2019-04-08 17:06:02,159262,0.027832031,-8.602661,-9.714767
2019-04-08 17:06:02,159281,0.6215973,-9.403519,-8.705612
2019-04-08 17:06:02,159302,-0.27023315,-8.906723,-8.490143
2019-04-08 17:06:02,159321,-0.9837189,-7.5492096,-8.3033905
2019-04-08 17:06:02,159341,-0.1277771,-8.247116,-8.370422
2019-04-08 17:06:02,159362,-0.33488464,-7.9047394,-8.658936
2019-04-08 17:06:02,159381,-1.071106,-7.029663,-8.994125
2019-04-08 17:06:02,159401,-1.1956024,-7.198456,-9.92067
2019-04-08 17:06:02,159422,0.048187256,-9.658493,-9.433456
2019-04-08 17:06:02,159441,-0.37078857,-9.670471,-9.954193
2019-04-08 17:06:02,159461,-0.43304443,-9.019241,-9.4023285
2019-04-08 17:06:02,159481,-1.3943176,-8.1896515,-7.1326294
2019-04-08 17:06:02,159502,-0.6329651,-7.907135,-4.533722
2019-04-08 17:06:02,159521,0.08529663,-8.242325,-6.331772
2019-04-08 17:06:02,159541,-0.3229065,-9.833267,-10.622177
2019-04-08 17:06:02,159561,-1.6959839,-8.396759,-9.917084
2019-04-08 17:06:02,159582,-1.3859406,-6.8896027,-8.08313
2019-04-08 17:06:02,159601,-0.14215088,-6.6430054,-7.5516205
2019-04-08 17:06:02,159621,-0.076309204,-7.0751495,-8.073547
2019-04-08 17:06:02,159642,-0.14215088,-7.6246185,-8.986938
2019-04-08 17:06:02,159661,-0.73591614,-7.263092,-8.949829
2019-04-08 17:06:02,159681,-0.8125305,-6.389221,-8.797791
2019-04-08 17:06:02,159702,-0.10983276,-6.037262,-8.996521
2019-04-08 17:06:02,159721,-0.08468628,-6.314987,-10.049957
2019-04-08 17:06:02,159741,-0.49649048,-6.7076416,-10.224747
2019-04-08 17:06:02,159762,-0.26783752,-6.4347076,-10.152908
2019-04-08 17:06:02,159781,-0.4126892,-6.5017395,-10.230728
2019-04-08 17:06:02,159801,-0.85920715,-5.563217,-10.5407715
2019-04-08 17:06:02,159822,-0.6437378,-4.785095,-8.10347
2019-04-08 17:06:02,159841,-1.4410095,-4.306259,-7.9358826
2019-04-08 17:06:02,159861,-1.8097076,-2.0377502,-8.48056
2019-04-08 17:06:02,159882,-2.3256683,-1.9384003,-8.906738
2019-04-08 17:06:02,159902,-3.0271606,-1.625946,-9.815338
2019-04-08 17:06:02,159922,-1.2626343,-1.6223602,-7.470215
2019-04-08 17:06:02,159941,-0.76104736,-3.5161743,-7.902359
2019-04-08 17:06:03,159961,-2.0563202,-0.61320496,-8.074753
2019-04-08 17:06:03,159982,-3.2558136,1.8564148,-7.996933
2019-04-08 17:06:03,160002,-3.2079315,0.6892395,-7.9550323
2019-04-08 17:06:03,160022,-1.6014099,0.2654724,-8.014893
2019-04-08 17:06:03,160041,-1.3380585,-0.12359619,-6.897995
2019-04-08 17:06:03,160062,-1.8025208,-1.2213287,-4.8078613
2019-04-08 17:06:03,160081,-2.82724,2.031189,-5.6111145
2019-04-08 17:06:03,160102,-4.5989532,2.9625397,-5.9558716
2019-04-08 17:06:03,160121,-2.4549408,2.180832,-6.4335175
2019-04-08 17:06:03,160142,-0.35523987,0.7682495,-6.9231415
2019-04-08 17:06:03,160161,-0.9071045,-1.7971344,-8.614639
2019-04-08 17:06:03,160181,-1.3787537,-3.8334045,-8.825333
2019-04-08 17:06:03,160202,-2.5997925,-2.6243286,-9.356842
2019-04-08 17:06:03,160221,-2.5555115,-0.50427246,-8.858841
2019-04-08 17:06:03,160242,-0.7778168,-1.6319427,-5.8720856
2019-04-08 17:06:03,160261,-1.5942383,-2.8864899,-9.002502
2019-04-08 17:06:03,160281,-0.79815674,-3.7508087,-10.537186
2019-04-08 17:06:03,160302,1.5613251,-5.724823,-6.0624237
2019-04-08 17:06:03,160321,-0.46536255,-5.7930603,-8.918701
2019-04-08 17:06:03,160341,-1.6792297,-5.309433,-10.521622
2019-04-08 17:06:03,160361,-0.073913574,-5.1071167,-7.5995026
2019-04-08 17:06:03,160382,0.15234375,-4.8497467,-9.755478
2019-04-08 17:06:03,160401,0.48034668,-7.8544617,-10.460571
2019-04-08 17:06:03,160421,0.39535522,-10.151703,-10.405502
2019-04-08 17:06:03,160442,-0.2822113,-9.946991,-10.076294
2019-04-08 17:06:03,160461,-0.9884949,-8.66011,-9.162918
2019-04-08 17:06:03,160481,-0.8065338,-8.101074,-8.175308
2019-04-08 17:06:03,160502,-0.28700256,-8.237534,-8.113052
2019-04-08 17:06:03,160521,-0.7658386,-7.9370728,-9.1689
2019-04-08 17:06:03,160541,-0.47853088,-7.8377075,-9.061157
2019-04-08 17:06:03,160562,-0.99209595,-6.887207,-9.068344
2019-04-08 17:06:03,160581,-0.9406128,-7.234375,-9.455002
2019-04-08 17:06:03,160601,0.0074920654,-10.091843,-9.2491
2019-04-08 17:06:03,160622,-0.605423,-9.84285,-9.1449585
2019-04-08 17:06:03,160641,-0.46536255,-8.314148,-8.886383
2019-04-08 17:06:03,160661,-0.26185608,-8.687653,-8.836105
2019-04-08 17:06:03,160682,-1.0052643,-8.885162,-7.6581573
2019-04-08 17:06:03,160701,-0.5994415,-7.3911896,-6.6501923
2019-04-08 17:06:03,160722,-0.82688904,-6.902771,-8.417114
2019-04-08 17:06:03,160742,-1.0603333,-8.210007,-9.652527
2019-04-08 17:06:03,160762,-0.8340759,-8.453018,-9.018066
2019-04-08 17:06:03,160781,0.30915833,-7.9095306,-7.7694855
2019-04-08 17:06:03,160801,-1.1046143,-6.314987,-7.554001
2019-04-08 17:06:03,160822,-1.747467,-5.4195557,-7.248749
2019-04-08 17:06:03,160842,-0.5467682,-7.2212067,-8.320145
2019-04-08 17:06:03,160861,-0.624588,-7.5839233,-10.037994
2019-04-08 17:06:03,160882,-0.5647278,-6.811798,-11.201569
2019-04-08 17:06:03,160901,0.2852173,-6.772293,-10.988495
2019-04-08 17:06:03,160922,0.49230957,-7.285843,-9.456207
2019-04-08 17:06:03,160941,-0.1960144,-6.3676605,-9.006088
2019-04-08 17:06:04,160962,-0.7885895,-5.427948,-9.832092
2019-04-08 17:06:04,160981,-0.91548157,-5.111908,-9.476547
2019-04-08 17:06:04,161001,-1.2386932,-4.9526978,-9.366425
2019-04-08 17:06:04,161022,-1.0531464,-4.739609,-8.036438
2019-04-08 17:06:04,161041,-1.2351074,-4.186554,-7.2750854
2019-04-08 17:06:04,161061,-1.9222412,-1.420044,-8.239944
2019-04-08 17:06:04,161081,-2.0467377,-0.8657837,-7.543228
2019-04-08 17:06:04,161102,-2.2131348,-2.1562653,-8.372818
2019-04-08 17:06:04,161121,-2.4525604,-0.9076843,-8.927078
2019-04-08 17:06:04,161141,-2.193985,-0.27082825,-8.691254
2019-04-08 17:06:04,161161,-2.1365204,-2.230484,-9.5208435
2019-04-08 17:06:04,161182,-1.9952545,-0.54615784,-8.866028
2019-04-08 17:06:04,161201,-2.0036469,-0.6910095,-7.974182
2019-04-08 17:06:04,161221,-2.1018066,-0.11401367,-5.404007
2019-04-08 17:06:04,161241,-1.9234314,1.8540192,-3.5868225
2019-04-08 17:06:04,161262,-2.5890198,2.730301,-4.9311523
2019-04-08 17:06:04,161281,-1.4445953,0.7107849,-4.05249
2019-04-08 17:06:04,161301,-1.9054718,0.60424805,-4.344574
2019-04-08 17:06:04,161322,-4.511566,1.5786896,-9.117416
2019-04-08 17:06:04,161341,-2.41185,-0.39892578,-8.444656
2019-04-08 17:06:04,161361,-0.14334106,-1.2045746,-10.126572
2019-04-08 17:06:04,161382,-0.60183716,-1.0345764,-8.409927
2019-04-08 17:06:04,161401,-1.649292,-1.6917877,-9.028839
2019-04-08 17:06:04,161421,-1.4589539,-2.9966278,-9.197632
2019-04-08 17:06:04,161442,-0.8400574,-4.2954865,-10.151718
2019-04-08 17:06:04,161461,0.2708435,-4.5720215,-8.473373
2019-04-08 17:06:04,161481,0.5820923,-4.7623596,-7.7132263
2019-04-08 17:06:04,161502,-0.69281006,-4.057266,-8.978561
2019-04-08 17:06:04,161522,-0.71795654,-3.1390839,-8.318954
2019-04-08 17:06:04,161541,-1.139328,-4.4570923,-7.625839
2019-04-08 17:06:04,161562,-2.1281433,-5.629059,-9.913498
2019-04-08 17:06:04,161582,-0.6832428,-6.3640747,-9.472961
2019-04-08 17:06:04,161601,-0.04638672,-5.7822876,-8.385986
2019-04-08 17:06:04,161622,-0.17807007,-7.3923798,-9.814133
2019-04-08 17:06:04,161641,-1.0519409,-10.840042,-10.089462
2019-04-08 17:06:04,161662,-1.4362183,-11.115372,-9.397537
2019-04-08 17:06:04,161682,-0.82569885,-8.630188,-8.280655
2019-04-08 17:06:04,161701,0.6383667,-8.089096,-8.710403
2019-04-08 17:06:04,161722,0.033828735,-9.010864,-10.654495
2019-04-08 17:06:04,161741,-0.64852905,-9.003677,-10.826874
2019-04-08 17:06:04,161761,0.33428955,-9.241913,-8.83371
2019-04-08 17:06:04,161782,-0.39593506,-7.206833,-8.095093
2019-04-08 17:06:04,161801,-1.3236847,-4.7575684,-8.369232
2019-04-08 17:06:04,161821,0.95199585,-9.271835,-7.84729
2019-04-08 17:06:04,161842,-1.3416443,-8.293808,-9.440643
2019-04-08 17:06:04,161861,-1.2793884,-7.29422,-8.4219055
2019-04-08 17:06:04,161882,-0.77900696,-7.642578,-7.285858
2019-04-08 17:06:04,161901,0.31274414,-8.0867,-7.562393
2019-04-08 17:06:04,161921,0.83229065,-10.848419,-9.337692
2019-04-08 17:06:04,161942,-2.3268585,-9.662094,-10.664078
2019-04-08 17:06:05,161961,-1.965332,-8.725952,-9.051575
2019-04-08 17:06:05,161982,0.6395569,-8.909119,-7.8568726
2019-04-08 17:06:05,162001,-0.22834778,-7.8891754,-8.526047
2019-04-08 17:06:05,162021,-1.7103577,-5.527298,-7.585129
2019-04-08 17:06:05,162042,-1.2793884,-4.610321,-6.7902527
2019-04-08 17:06:05,162061,-0.3791809,-5.2914734,-7.3109894
2019-04-08 17:06:05,162081,-0.38635254,-5.2495728,-8.453033
2019-04-08 17:06:05,162102,0.03981018,-5.763138,-9.413101
2019-04-08 17:06:05,162121,-0.03440857,-6.3401337,-11.134537
2019-04-08 17:06:05,162141,0.31513977,-7.716797,-9.939835
2019-04-08 17:06:05,162162,-0.23672485,-7.2295837,-10.55275
2019-04-08 17:06:05,162181,-0.91548157,-5.029312,-11.209946
2019-04-08 17:06:05,162202,-1.4541779,-4.7180634,-11.20636
2019-04-08 17:06:05,162221,-1.3296661,-4.8928375,-10.152908
2019-04-08 17:06:05,162241,-0.76104736,-4.3314056,-8.4614105
2019-04-08 17:06:05,162262,-1.1764374,-4.1841583,-7.182907
2019-04-08 17:06:05,162281,-1.7570343,-3.0062103,-6.8046265
2019-04-08 17:06:05,162301,-2.5902252,-0.79756165,-6.452667
2019-04-08 17:06:05,162322,-3.3228455,0.34687805,-7.1840973
2019-04-08 17:06:05,162341,-3.2210999,1.9964752,-7.5324554
2019-04-08 17:06:05,162362,-1.1836243,-0.26005554,-7.557602
2019-04-08 17:06:05,162382,-1.1297607,-1.281189,-9.64534
2019-04-08 17:06:05,162401,-2.4142456,-0.10922241,-8.860046
2019-04-08 17:06:05,162422,-2.2286987,0.5910797,-8.175308
2019-04-08 17:06:05,162442,-2.482483,0.98373413,-5.9630585
2019-04-08 17:06:05,162461,-3.1420898,0.78860474,-6.5041504
2019-04-08 17:06:05,162482,-2.028778,0.12181091,-5.5237274
2019-04-08 17:06:05,162501,-3.526352,0.6521301,-6.115097
2019-04-08 17:06:05,162522,-3.347992,1.1668854,-5.795471
2019-04-08 17:06:05,162541,-1.4876862,0.054779053,-6.151001
2019-04-08 17:06:05,162561,-2.2550354,1.2195587,-8.857651
2019-04-08 17:06:05,162582,-0.13975525,-0.37138367,-8.539215
2019-04-08 17:06:05,162602,-0.13975525,-3.6095428,-7.858078
2019-04-08 17:06:05,162621,-1.9365997,-3.4694824,-10.193619
2019-04-08 17:06:05,162641,-1.194397,-3.3485718,-9.286209
2019-04-08 17:06:05,162662,-0.102645874,-4.3948517,-8.279449
2019-04-08 17:06:05,162681,-0.63056946,-4.609131,-8.809769
2019-04-08 17:06:05,162702,-0.5970459,-4.649826,-8.159744
2019-04-08 17:06:05,162721,-0.21038818,-5.0664215,-9.921875
2019-04-08 17:06:05,162741,0.0206604,-6.2886505,-9.154526
2019-04-08 17:06:05,162762,-1.1477203,-5.8134155,-6.872864
2019-04-08 17:06:05,162781,-1.4984589,-4.752777,-7.464218
2019-04-08 17:06:05,162802,-0.7490845,-5.2364044,-7.7491302
2019-04-08 17:06:05,162821,-0.07989502,-6.490967,-8.108261
2019-04-08 17:06:05,162842,0.76405334,-10.085861,-9.775833
2019-04-08 17:06:05,162862,-0.42227173,-12.650055,-12.177216
2019-04-08 17:06:05,162881,-0.65211487,-11.467316,-11.469727
2019-04-08 17:06:05,162901,-0.68084717,-9.007278,-10.290573
2019-04-08 17:06:05,162922,-1.1010284,-8.388367,-9.137772
2019-04-08 17:06:05,162941,-0.114608765,-9.167679,-7.9155273
2019-04-08 17:06:06,162961,-0.71076965,-7.668915,-7.593506
2019-04-08 17:06:06,162982,-0.90231323,-7.191269,-8.168121
2019-04-08 17:06:06,163001,-0.021240234,-8.5811,-8.89357
2019-04-08 17:06:06,163022,-0.7909851,-7.747925,-9.358032
2019-04-08 17:06:06,163041,-0.62098694,-6.512512,-8.520065
2019-04-08 17:06:06,163061,-0.54078674,-6.2802734,-7.064392
2019-04-08 17:06:06,163082,-0.83647156,-7.350479,-6.459854
2019-04-08 17:06:06,163101,-1.0100403,-7.970581,-7.361267
2019-04-08 17:06:06,163121,0.1978302,-9.889542,-9.508865
2019-04-08 17:06:06,163142,-0.54797363,-10.801727,-11.326065
2019-04-08 17:06:06,163161,-1.4529724,-9.178467,-9.438248
2019-04-08 17:06:06,163181,-0.27742004,-8.260284,-8.716385
2019-04-08 17:06:06,163202,-0.057159424,-7.802994,-9.177277
2019-04-08 17:06:06,163221,-0.16848755,-7.2283783,-8.548798
2019-04-08 17:06:06,163242,-0.2642517,-6.0827637,-7.5647736
2019-04-08 17:06:06,163261,-0.96694946,-4.503784,-7.0464325
2019-04-08 17:06:06,163281,-0.38157654,-4.42836,-7.744339
2019-04-08 17:06:06,163301,-0.23672485,-5.7894745,-9.52803
2019-04-08 17:06:06,163322,-0.081100464,-6.9997406,-10.992081
2019-04-08 17:06:06,163341,0.375,-6.389221,-10.53479
2019-04-08 17:06:06,163362,0.12719727,-5.388443,-10.386353
2019-04-08 17:06:06,163381,-0.12539673,-5.230423,-9.225159
2019-04-08 17:06:06,163402,-1.2722168,-4.657013,-10.996872
2019-04-08 17:06:06,163421,-1.9617462,-5.0592346,-10.210373
2019-04-08 17:06:06,163442,-1.8959045,-5.4111786,-10.263046
2019-04-08 17:06:06,163461,-1.9150543,-3.9327698,-9.456207
2019-04-08 17:06:06,163481,-1.415863,-2.9200134,-6.76033
2019-04-08 17:06:06,163502,-1.2518616,-1.0250092,-5.6589966
2019-04-08 17:06:06,163522,-2.387909,2.079071,-5.1047363
2019-04-08 17:06:06,163541,-3.3671417,3.161255,-5.4219666
2019-04-08 17:06:06,163562,-2.8679504,2.149704,-5.5512543
2019-04-08 17:06:06,163581,-1.1920013,-1.0046539,-7.4259186
2019-04-08 17:06:06,163602,-1.8935089,-2.9667053,-9.7339325
2019-04-08 17:06:06,163621,-3.0020294,-0.07211304,-9.587875
2019-04-08 17:06:06,163642,-1.8504181,0.12660217,-8.099884
2019-04-08 17:06:06,163661,-1.7857666,2.2957458,-7.400772
2019-04-08 17:06:06,163681,-2.9433594,2.2969513,-6.8955994
2019-04-08 17:06:06,163702,-1.4685364,0.46897888,-4.8449707
2019-04-08 17:06:06,163721,-1.6433105,-1.2847748,-4.894043
2019-04-08 17:06:06,163741,-3.1971436,-1.2165375,-7.03566
2019-04-08 17:06:06,163761,-1.9330139,-0.9304352,-6.889618
2019-04-08 17:06:06,163782,-0.27742004,-0.7939606,-5.6434326
2019-04-08 17:06:06,163801,-0.62098694,-0.127182,-6.7064667
2019-04-08 17:06:06,163821,-0.64134216,-0.50427246,-7.8556824
2019-04-08 17:06:06,163842,-1.2758026,-2.9176178,-13.909409
2019-04-08 17:06:06,163861,1.2488861,-4.657013,-14.373886
2019-04-08 17:06:06,163881,2.5213928,-10.4904785,-8.751114
2019-04-08 17:06:06,163902,-2.1209564,-9.563919,-7.53006
2019-04-08 17:06:06,163921,-3.5275574,-6.258728,-9.653717
2019-04-08 17:06:06,163941,-2.7219086,-3.9686737,-8.49971
2019-04-08 17:06:07,163962,0.28163147,-3.7579803,-5.9822083
2019-04-08 17:06:07,163982,1.5804749,-3.7184753,-6.8082123
2019-04-08 17:06:07,164001,1.3326721,-6.808197,-8.47937
2019-04-08 17:06:07,164021,0.54977417,-10.95256,-9.826111
2019-04-08 17:06:07,164042,-1.3153076,-9.575897,-9.879974
2019-04-08 17:06:07,164062,-2.6871796,-6.796234,-9.05278
2019-04-08 17:06:07,164081,-1.7259064,-6.8524933,-7.51091
2019-04-08 17:06:07,164102,0.52104187,-9.347244,-8.00412
2019-04-08 17:06:07,164121,0.091278076,-10.683212,-10.745483
2019-04-08 17:06:07,164142,-0.07272339,-10.532379,-10.757446
2019-04-08 17:06:07,164161,-0.466568,-9.325699,-10.264236
2019-04-08 17:06:07,164182,-1.0016632,-7.3085938,-9.080307
2019-04-08 17:06:07,164201,0.33309937,-8.460205,-7.2631073
2019-04-08 17:06:07,164222,-0.21876526,-7.340912,-6.665756
2019-04-08 17:06:07,164241,-1.4960632,-5.2807007,-6.0779877
2019-04-08 17:06:07,164262,-1.2195435,-5.5296936,-5.8804626
2019-04-08 17:06:07,164281,-1.0375824,-6.844116,-7.597107
2019-04-08 17:06:07,164301,-0.34684753,-9.051559,-9.579498
2019-04-08 17:06:07,164322,-0.56114197,-9.057556,-9.531616
2019-04-08 17:06:07,164341,-0.81492615,-7.7742615,-9.434647
2019-04-08 17:06:07,164362,0.086502075,-8.941437,-7.656952
2019-04-08 17:06:07,164381,-0.10144043,-9.657303,-8.186081
2019-04-08 17:06:07,164401,-0.45100403,-9.117401,-10.203186
2019-04-08 17:06:07,164422,-0.51564026,-7.6784973,-9.894333
2019-04-08 17:06:07,164441,-0.44023132,-6.9638214,-9.042007
2019-04-08 17:06:07,164461,-0.59825134,-6.3592834,-7.882019
2019-04-08 17:06:07,164482,-0.46536255,-5.0783844,-7.573166
2019-04-08 17:06:07,164501,-0.22834778,-4.6438446,-8.099884
2019-04-08 17:06:07,164521,-0.2714386,-5.1538086,-8.878006
2019-04-08 17:06:07,164542,-0.35762024,-6.0264893,-9.14975
2019-04-08 17:06:07,164561,-0.58387756,-6.432312,-9.8572235
2019-04-08 17:06:07,164581,-0.9657593,-5.8960114,-10.415085
2019-04-08 17:06:07,164602,-1.0974426,-4.879669,-11.864761
2019-04-08 17:06:07,164621,-1.3069305,-4.5361023,-11.164459
2019-04-08 17:06:07,164641,-1.8635864,-4.524124,-10.072708
2019-04-08 17:06:07,164662,-2.341217,-3.6753845,-9.814133
2019-04-08 17:06:07,164681,-2.2406616,-1.423645,-7.9478607
2019-04-08 17:06:07,164701,-1.8216858,-2.080841,-5.3154297
2019-04-08 17:06:07,164722,-1.9461823,-1.7384796,-6.3377533
2019-04-08 17:06:07,164741,-2.241867,1.1154175,-4.988617
2019-04-08 17:06:07,164761,-3.4138336,1.6900177,-5.684143
2019-04-08 17:06:07,164782,-2.308899,2.4669342,-6.463455
2019-04-08 17:06:07,164801,-1.000473,0.48693848,-6.221634
2019-04-08 17:06:07,164821,-1.6193695,0.37200928,-8.104675
2019-04-08 17:06:07,164842,-3.127716,0.23434448,-7.74794
2019-04-08 17:06:07,164861,-2.6692352,0.36123657,-9.311356
2019-04-08 17:06:07,164882,-1.941391,-0.6048279,-9.3029785
2019-04-08 17:06:07,164902,-2.013214,-0.70777893,-9.64415
2019-04-08 17:06:07,164921,-2.012024,-0.463562,-7.217621
2019-04-08 17:06:07,164942,-1.7606354,-0.74728394,-5.562027
2019-04-08 17:06:08,164961,-2.439392,0.47016907,-6.158188
2019-04-08 17:06:08,164982,-2.2957306,0.5791168,-7.265503
2019-04-08 17:06:08,165001,-0.7143707,-1.9910583,-6.8836365
2019-04-08 17:06:08,165022,-0.44262695,-3.7017212,-7.059601
2019-04-08 17:06:08,165041,-1.257843,-4.373291,-9.475357
2019-04-08 17:06:08,165062,-1.4972687,-5.032898,-11.053131
2019-04-08 17:06:08,165081,-0.6066284,-5.820587,-10.057144
2019-04-08 17:06:08,165102,-0.6353607,-5.9845886,-9.708786
2019-04-08 17:06:08,165121,-0.85801697,-6.617859,-9.4813385
2019-04-08 17:06:08,165142,-0.7526703,-8.097473,-9.001297
2019-04-08 17:06:08,165161,-0.6473236,-8.461395,-9.37001
2019-04-08 17:06:08,165181,-0.30854797,-7.978958,-8.388382
2019-04-08 17:06:08,165202,-0.23791504,-5.341751,-6.5197144
2019-04-08 17:06:08,165221,-0.49050903,-4.028534,-7.1374207
2019-04-08 17:06:08,165242,0.56892395,-6.085144,-8.256699
2019-04-08 17:06:08,165261,1.1686707,-8.378799,-9.042007
2019-04-08 17:06:08,165281,-0.7131653,-10.950165,-13.116928
2019-04-08 17:06:08,165302,-1.4697418,-12.134094,-12.377121
2019-04-08 17:06:08,165321,-0.76464844,-10.1540985,-9.034821
2019-04-08 17:06:08,165341,0.122406006,-7.45224,-7.5516205
2019-04-08 17:06:08,165362,0.71617126,-8.365631,-7.222412
2019-04-08 17:06:08,165381,-0.49769592,-8.608643,-7.9322968
2019-04-08 17:06:08,165401,-0.81970215,-9.112625,-9.180862
2019-04-08 17:06:08,165422,-0.6557007,-8.860031,-9.587875
2019-04-08 17:06:08,165441,-0.25946045,-7.6401825,-8.18129
2019-04-08 17:06:08,165462,-0.6281738,-5.9199524,-6.91835
2019-04-08 17:06:08,165481,-1.2111664,-5.851715,-5.900818
2019-04-08 17:06:08,165501,-1.8216858,-6.255142,-5.696106
2019-04-08 17:06:08,165522,-1.3164978,-6.0624084,-6.6310425
2019-04-08 17:06:08,165541,0.45040894,-8.662506,-10.729919
2019-04-08 17:06:08,165561,1.3661957,-13.078613,-12.919418
2019-04-08 17:06:08,165582,-0.8855438,-10.861588,-11.867157
2019-04-08 17:06:08,165601,-0.9944916,-6.925522,-8.822937
2019-04-08 17:06:08,165621,-0.55155945,-6.6477814,-8.777451
2019-04-08 17:06:08,165642,-0.545578,-7.3133698,-9.777023
2019-04-08 17:06:08,165661,-0.36001587,-6.346115,-9.506485
2019-04-08 17:06:08,165682,-0.33728027,-5.2495728,-6.8321533
2019-04-08 17:06:08,165701,-0.3396759,-4.776718,-6.7268066
2019-04-08 17:06:08,165722,-1.0112457,-4.467865,-8.535629
2019-04-08 17:06:08,165742,-2.2131348,-3.1917572,-10.919052
2019-04-08 17:06:08,165761,-0.59106445,-3.894455,-8.812164
2019-04-08 17:06:08,165782,0.36302185,-5.6745453,-8.649353
2019-04-08 17:06:08,165801,-2.0180054,-3.6083527,-12.978073
2019-04-08 17:06:08,165822,-2.617752,-3.1833801,-11.587036
2019-04-08 17:06:08,165841,-3.0930023,-5.8816376,-11.818085
2019-04-08 17:06:08,165862,-1.1836243,-3.5305328,-9.531616
2019-04-08 17:06:08,165881,-1.2207336,-0.27801514,-5.3106384
2019-04-08 17:06:08,165902,-1.1405334,-0.49827576,-4.1255035
2019-04-08 17:06:08,165921,-2.5734558,2.1832275,-3.7388458
2019-04-08 17:06:08,165942,-2.2753906,3.0200043,-3.2312775
2019-04-08 17:06:09,165961,-3.1696167,1.3009644,-5.8409576
2019-04-08 17:06:09,165982,-1.3955078,1.0040741,-6.565201
2019-04-08 17:06:09,166001,-1.1800385,-3.7711487,-4.8964386
2019-04-08 17:06:09,166021,-5.0346985,2.098236,-6.83934
2019-04-08 17:06:09,166042,-2.3184814,5.7673492,-11.606201
2019-04-08 17:06:09,166061,-1.3488312,1.6361542,-11.578659
2019-04-08 17:06:09,166081,-0.052368164,-5.5440674,-11.603806
2019-04-08 17:06:09,166102,-2.238266,-5.31781,-10.778992
2019-04-08 17:06:09,166121,-1.7642212,-4.906006,-5.170578
2019-04-08 17:06:09,166142,-2.0658875,-0.48510742,-3.1007996
2019-04-08 17:06:09,166161,-5.412979,4.196747,-4.892853
2019-04-08 17:06:09,166181,-2.640503,2.0682983,-5.2543793
2019-04-08 17:06:09,166201,1.7528687,-2.4028625,-8.541611
2019-04-08 17:06:09,166222,4.5588684,-7.729965,-11.7187195
2019-04-08 17:06:09,166241,1.9910889,-11.473297,-11.619354
2019-04-08 17:06:09,166261,-2.1221619,-9.9039,-11.217133
2019-04-08 17:06:09,166281,-3.7274628,-6.6765137,-11.334457
2019-04-08 17:06:09,166301,-2.6704254,-7.443863,-8.442261
2019-04-08 17:06:09,166321,-2.202362,-8.286621,-7.8006134
2019-04-08 17:06:09,166341,-0.68803406,-7.721588,-11.037567
2019-04-08 17:06:09,166362,4.059677,-11.023193,-9.915894
2019-04-08 17:06:09,166381,2.1993866,-8.511673,-7.443878
2019-04-08 17:06:09,166401,-3.474884,-3.7017212,-7.217621
2019-04-08 17:06:09,166422,-2.4369965,-6.6561737,-9.64534
2019-04-08 17:06:09,166441,0.04220581,-9.466965,-11.415848
2019-04-08 17:06:09,166461,0.52104187,-8.692444,-11.387131
2019-04-08 17:06:09,166482,-1.5822601,-8.830109,-10.307343
2019-04-08 17:06:09,166502,-0.7670288,-10.182831,-9.840469
2019-04-08 17:06:09,166522,-0.117004395,-9.134171,-8.409927
2019-04-08 17:06:09,166541,-0.26904297,-8.672089,-6.8596954
2019-04-08 17:06:09,166561,0.0014953613,-8.664902,-7.5013275
2019-04-08 17:06:09,166582,0.9388275,-9.957779,-8.839691
2019-04-08 17:06:09,166601,-1.194397,-7.9167175,-8.5164795
2019-04-08 17:06:09,166621,-3.3312225,-4.2799225,-6.799835
2019-04-08 17:06:09,166641,-1.7797852,-3.7077026,-6.5664062
2019-04-08 17:06:09,166662,2.2484589,-9.401123,-8.06517
2019-04-08 17:06:09,166682,-0.1960144,-8.30098,-9.749496
2019-04-08 17:06:09,166701,-1.8396454,-6.3712616,-8.752304
2019-04-08 17:06:09,166722,-1.2111664,-6.7112274,-6.609497
2019-04-08 17:06:09,166741,-0.24629211,-9.613007,-10.410294
2019-04-08 17:06:09,166762,0.24690247,-11.895874,-12.960114
2019-04-08 17:06:09,166781,-1.0387726,-8.284225,-12.258606
2019-04-08 17:06:09,166801,0.105651855,-6.973404,-9.372406
2019-04-08 17:06:09,166822,0.033828735,-7.1374054,-7.5013275
2019-04-08 17:06:09,166841,-1.2362976,-5.605118,-7.3002167
2019-04-08 17:06:09,166862,-1.925827,-3.7196808,-7.8880005
2019-04-08 17:06:09,166881,-1.1381378,-4.0859985,-7.485779
2019-04-08 17:06:09,166901,-1.2877808,-4.3314056,-6.2240295
2019-04-08 17:06:09,166922,-2.0347595,-1.1028137,-8.561966
2019-04-08 17:06:09,166941,-1.534378,-2.0018463,-9.701599
2019-04-08 17:06:10,166962,-1.3045349,-3.1929626,-12.815262
2019-04-08 17:06:10,166981,-0.56951904,-2.6195374,-8.889969
2019-04-08 17:06:10,167001,-1.7067566,-3.823822,-11.427826
2019-04-08 17:06:10,167022,-2.5267792,-0.62158203,-8.269867
2019-04-08 17:06:10,167041,-2.9996338,-0.3115387,-7.301422
2019-04-08 17:06:10,167062,-1.8504181,-3.0852203,-7.123047
2019-04-08 17:06:10,167081,-2.0970154,0.09188843,-6.447891
2019-04-08 17:06:10,167101,-2.4453735,2.4525757,-6.1174927
2019-04-08 17:06:10,167121,-2.5279694,1.105835,-5.6661835
2019-04-08 17:06:10,167141,-0.7933655,2.094635,-3.8813019
2019-04-08 17:06:10,167162,-3.1073608,1.5954437,-4.300293
2019-04-08 17:06:10,167181,-4.2673645,1.3679962,-7.7622986
2019-04-08 17:06:10,167201,-2.3101044,-0.755661,-8.200439
2019-04-08 17:06:10,167222,-0.48332214,-1.6834106,-9.046799
2019-04-08 17:06:10,167241,-2.2011566,-1.4020996,-9.6944275
2019-04-08 17:06:10,167261,-0.90231323,-2.0162048,-7.818573
2019-04-08 17:06:10,167282,-1.7330933,-0.8238983,-7.404373
2019-04-08 17:06:10,167301,-2.838028,-0.7879791,-8.208817
2019-04-08 17:06:10,167322,-1.8575897,-1.3350525,-6.91835
2019-04-08 17:06:10,167341,-0.6161957,-3.048111,-7.8999634
2019-04-08 17:06:10,167362,-0.121795654,-4.8880463,-9.544785
2019-04-08 17:06:10,167382,-0.25946045,-6.4538574,-9.176086
2019-04-08 17:06:10,167401,-0.8017578,-6.1533813,-8.053192
2019-04-08 17:06:10,167421,-1.470932,-4.115921,-8.049606
2019-04-08 17:06:10,167442,-1.3440399,-3.1007843,-10.743088
2019-04-08 17:06:10,167462,0.414505,-6.895584,-9.293396
2019-04-08 17:06:10,167481,0.09727478,-9.779404,-10.550354
2019-04-08 17:06:10,167502,-1.297348,-9.946991,-9.648941
2019-04-08 17:06:10,167521,-0.4414215,-6.846512,-7.685684
2019-04-08 17:06:10,167542,0.04220581,-4.1147156,-6.83934
2019-04-08 17:06:10,167561,0.91249084,-6.5951233,-6.683716
2019-04-08 17:06:10,167582,-0.73831177,-7.5013275,-8.036438
2019-04-08 17:06:10,167601,-1.2925568,-7.187683,-9.455002
2019-04-08 17:06:10,167621,-0.21038818,-9.0156555,-12.033554
2019-04-08 17:06:10,167642,0.22296143,-11.853973,-12.322067
2019-04-08 17:06:10,167661,-0.12658691,-12.974472,-11.162064
2019-04-08 17:06:10,167681,-0.9035034,-10.749054,-10.512039
2019-04-08 17:06:10,167702,-0.9980774,-6.5651855,-6.3389435
2019-04-08 17:06:10,167721,-0.8795624,-5.819397,-4.5205536
2019-04-08 17:06:10,167741,0.78559875,-7.859253,-5.153824
2019-04-08 17:06:10,167761,0.24092102,-8.0867,-10.286987
2019-04-08 17:06:10,167782,-2.530365,-5.2567596,-10.166077
2019-04-08 17:06:10,167801,-3.4605103,-5.9762115,-7.6186523
2019-04-08 17:06:10,167821,-0.9597626,-8.551178,-4.945526
2019-04-08 17:06:10,167842,1.7744141,-10.15889,-8.345291
2019-04-08 17:06:10,167861,0.9998779,-9.528015,-11.306915
2019-04-08 17:06:10,167881,-0.8831482,-6.7471466,-8.673294
2019-04-08 17:06:10,167902,-1.5571289,-6.121063,-7.0213013
2019-04-08 17:06:10,167921,-0.98490906,-7.4701996,-8.095093
2019-04-08 17:06:10,167941,-0.3336792,-8.662506,-10.429443
2019-04-08 17:06:11,167962,0.35105896,-7.8257294,-9.913498
2019-04-08 17:06:11,167981,0.12840271,-5.7906647,-7.6006927
2019-04-08 17:06:11,168001,-0.644928,-5.0580444,-7.0787506
2019-04-08 17:06:11,168022,-1.0914459,-5.527298,-8.933075
2019-04-08 17:06:11,168041,-0.6916199,-5.653,-9.201218
2019-04-08 17:06:11,168061,-1.1441193,-4.1841583,-10.31691
2019-04-08 17:06:11,168082,-1.3164978,-3.1773987,-10.1996
2019-04-08 17:06:11,168101,0.908905,-6.933899,-9.118622
2019-04-08 17:06:11,168122,-0.46417236,-6.696869,-11.5224
2019-04-08 17:06:11,168141,-2.5734558,-4.2847137,-11.238678
2019-04-08 17:06:11,168161,-2.442978,-4.0021973,-11.391907
2019-04-08 17:06:11,168182,-1.3607941,-2.4806824,-8.899551
2019-04-08 17:06:11,168201,-1.3452301,-2.4375916,-6.886032
2019-04-08 17:06:11,168222,-1.9473724,-1.8007202,-6.941086
2019-04-08 17:06:11,168242,-3.699936,3.1013947,-8.153748
2019-04-08 17:06:11,168261,-2.5830383,0.9490204,-6.4658356
2019-04-08 17:06:11,168281,-0.8532257,-3.3318176,-6.716034
2019-04-08 17:06:11,168302,-0.8639984,-0.91607666,-5.910385
2019-04-08 17:06:11,168321,-3.229477,1.9725342,-4.853348
2019-04-08 17:06:11,168341,-4.063858,2.572281,-4.892853
2019-04-08 17:06:11,168362,-3.3551636,4.482849,-6.092346
2019-04-08 17:06:11,168381,-2.0000458,3.063095,-9.871597
2019-04-08 17:06:11,168402,-0.7825928,-3.356964,-9.591476
2019-04-08 17:06:11,168421,-1.3177032,-5.2842865,-9.50528
2019-04-08 17:06:11,168442,-3.9908295,-2.2843628,-10.364807
2019-04-08 17:06:11,168461,-4.1488495,0.5336151,-9.464584
2019-04-08 17:06:11,168481,-1.4493866,0.29060364,-5.8086395
2019-04-08 17:06:11,168502,-0.81851196,-0.70417786,-6.013336
2019-04-08 17:06:11,168521,-1.5439606,0.19004822,-6.7543488
2019-04-08 17:06:11,168541,0.10206604,-2.6829834,-3.3653564
2019-04-08 17:06:11,168562,-3.067871,-3.2516174,-8.883987
2019-04-08 17:06:11,168581,-2.028778,-3.8070679,-11.850403
2019-04-08 17:06:11,168601,2.5046387,-7.1062775,-7.2248077
2019-04-08 17:06:11,168621,-0.37557983,-3.9591064,-11.288956
2019-04-08 17:06:11,168641,-0.76104736,-7.538437,-12.063492
2019-04-08 17:06:11,168662,-0.92744446,-9.216766,-11.438599
2019-04-08 17:06:11,168681,-0.86997986,-9.203598,-11.032776
2019-04-08 17:06:11,168701,-0.83647156,-8.822922,-9.718369
2019-04-08 17:06:11,168722,0.31513977,-8.256699,-8.606262
2019-04-08 17:06:11,168741,0.27323914,-7.6784973,-7.9705963
2019-04-08 17:06:11,168761,-0.5168457,-6.894394,-6.589142
2019-04-08 17:06:11,168782,-1.3895264,-4.8305817,-6.1007233
2019-04-08 17:06:11,168801,-1.1070099,-3.827423,-6.763916
2019-04-08 17:06:11,168821,-0.9693451,-5.3716736,-9.222763
2019-04-08 17:06:11,168842,-0.20678711,-10.041565,-12.320862
2019-04-08 17:06:11,168861,-1.5056458,-12.442947,-11.864761
2019-04-08 17:06:11,168881,-1.4565735,-9.314926,-10.196014
2019-04-08 17:06:11,168902,-1.0878601,-8.93306,-9.616608
2019-04-08 17:06:11,168921,0.084106445,-12.191559,-6.8573
2019-04-08 17:06:11,168941,-0.6401367,-10.157684,-5.699692
2019-04-08 17:06:12,168962,-0.6066284,-7.653351,-6.534073
2019-04-08 17:06:12,168982,-1.1309509,-6.433502,-7.5049286
2019-04-08 17:06:12,169002,-0.7658386,-6.22641,-8.205231
2019-04-08 17:06:12,169021,0.2995758,-6.748352,-8.620621
2019-04-08 17:06:12,169042,-0.114608765,-6.864456,-8.030457
2019-04-08 17:06:12,169061,-2.301712,-5.772705,-7.6713257
2019-04-08 17:06:12,169082,-1.6564789,-5.7200317,-6.380844
2019-04-08 17:06:12,169101,0.62519836,-8.965378,-6.4299316
2019-04-08 17:06:12,169121,-0.31692505,-8.403931,-10.097839
2019-04-08 17:06:12,169142,-0.6976013,-8.26268,-11.89949
2019-04-08 17:06:12,169161,-1.233902,-7.7503204,-11.520004
2019-04-08 17:06:12,169182,0.7305298,-9.289795,-9.840469
2019-04-08 17:06:12,169201,-0.22714233,-7.9490356,-10.052353
2019-04-08 17:06:12,169222,-0.80055237,-6.233597,-9.22995
2019-04-08 17:06:12,169241,-0.9286499,-5.7332,-7.7658997
2019-04-08 17:06:12,169261,-0.63775635,-6.115082,-6.2431793
2019-04-08 17:06:12,169281,-1.237503,-5.5296936,-7.6150665
2019-04-08 17:06:12,169302,-2.7446442,-3.6286926,-10.1194
2019-04-08 17:06:12,169321,-2.4298096,-3.376114,-10.976517
2019-04-08 17:06:12,169341,-0.82688904,-3.1211243,-10.462967
2019-04-08 17:06:12,169361,0.28401184,-4.131485,-8.168121
2019-04-08 17:06:12,169382,-1.4781189,-3.4970245,-10.026016
2019-04-08 17:06:12,169401,-2.3029175,-2.9248047,-8.65654
2019-04-08 17:06:12,169421,-3.8220367,-2.6446838,-9.937439
2019-04-08 17:06:12,169442,-2.6632385,-1.6103821,-9.080307
2019-04-08 17:06:12,169461,-1.6923981,-1.8593903,-8.486542
2019-04-08 17:06:12,169481,-0.6904144,0.204422,-7.2667084
2019-04-08 17:06:12,169502,-0.7945709,-0.1738739,-5.1837463
2019-04-08 17:06:12,169521,-2.9960327,1.0818939,-5.755966
2019-04-08 17:06:12,169541,-4.156021,7.3343506,-3.850174
2019-04-08 17:06:12,169562,-2.387909,1.5786896,-5.9786224
2019-04-08 17:06:12,169581,0.40731812,-3.3833008,-6.8596954
2019-04-08 17:06:12,169601,-3.5526886,-2.3262482,-5.8242035
2019-04-08 17:06:12,169621,-4.36911,2.4238434,-8.682877
2019-04-08 17:06:12,169642,-3.364746,2.86557,-10.849625
2019-04-08 17:06:12,169661,0.65631104,-1.8821259,-9.271851
2019-04-08 17:06:12,169681,-0.42227173,-1.5301819,-9.921875
2019-04-08 17:06:12,169702,-3.3779144,-0.11161804,-10.158905
2019-04-08 17:06:12,169721,-1.6744385,-2.1407013,-8.704422
2019-04-08 17:06:12,169741,-0.30734253,-3.4622955,-6.166565
2019-04-08 17:06:12,169762,-1.9162598,-4.282318,-6.8992004
2019-04-08 17:06:12,169781,-2.6261292,-3.494629,-7.660553
2019-04-08 17:06:12,169802,0.23493958,-2.091629,-4.684555
2019-04-08 17:06:12,169821,0.4767456,-1.5565186,-7.233185
2019-04-08 17:06:12,169842,-1.2171478,-2.3370209,-12.581833
2019-04-08 17:06:12,169861,2.7680054,-8.882782,-9.325714
2019-04-08 17:06:12,169882,-0.7622528,-9.873978,-9.438248
2019-04-08 17:06:12,169901,-3.3970642,-9.109024,-13.990814
2019-04-08 17:06:12,169922,-1.8587952,-8.763062,-11.224319
2019-04-08 17:06:12,169942,0.5665283,-7.6952515,-10.212769
2019-04-08 17:06:13,169961,1.3278961,-9.160507,-9.413101
2019-04-08 17:06:13,169982,-0.17926025,-9.319717,-7.3792267
2019-04-08 17:06:13,170001,-1.1297607,-7.0907135,-6.482605
2019-04-08 17:06:13,170021,-1.7462616,-4.17099,-7.3504944
2019-04-08 17:06:13,170041,-0.9825134,-4.412796,-8.341705
2019-04-08 17:06:13,170062,0.6970215,-7.571945,-8.244736
2019-04-08 17:06:13,170081,0.18106079,-6.998535,-8.703217
2019-04-08 17:06:13,170102,-3.0427246,-4.108734,-9.135376
2019-04-08 17:06:13,170121,-2.3340454,-5.277115,-10.303741
2019-04-08 17:06:13,170141,-0.004486084,-11.784546,-11.039963
2019-04-08 17:06:13,170161,2.5740662,-19.723724,-13.741821
2019-04-08 17:06:13,170182,-0.63775635,-14.80722,-13.356354
2019-04-08 17:06:13,170201,-0.9035034,-9.787781,-7.167343
2019-04-08 17:06:13,170222,-3.1851807,-4.1805573,0.5886688
2019-04-08 17:06:13,170241,-0.19961548,-7.4414673,-2.2819824
2019-04-08 17:06:13,170261,1.082489,-7.5611725,-8.200439
2019-04-08 17:06:13,170281,-1.2626343,-5.073593,-11.245865
2019-04-08 17:06:13,170302,-1.6744385,-3.5305328,-8.791809
2019-04-08 17:06:13,170321,-1.3141174,-4.627075,-6.482605
2019-04-08 17:06:13,170341,-0.85562134,-6.748352,-6.407181
2019-04-08 17:06:13,170362,-0.59825134,-7.5132904,-6.498169
2019-04-08 17:06:13,170381,-0.213974,-6.28627,-7.494156
2019-04-08 17:06:13,170401,-0.49050903,-5.9606476,-9.349655
2019-04-08 17:06:13,170422,-0.27383423,-7.745529,-10.423462
2019-04-08 17:06:13,170441,0.21099854,-8.783417,-10.307343
2019-04-08 17:06:13,170461,0.036224365,-6.686096,-10.411484
2019-04-08 17:06:13,170482,0.3283081,-6.281479,-10.470139
2019-04-08 17:06:13,170501,-0.25827026,-6.6956787,-10.223541
2019-04-08 17:06:13,170521,-0.49409485,-6.9243164,-9.13298
2019-04-08 17:06:13,170542,-0.80773926,-5.700882,-7.33255
2019-04-08 17:06:13,170561,-1.376358,-4.1338806,-6.7591248
2019-04-08 17:06:13,170581,-1.846817,-2.826645,-6.226425
2019-04-08 17:06:13,170602,-3.308487,-1.5218048,-8.573944
2019-04-08 17:06:13,170621,-2.352005,-1.0010681,-8.837296
2019-04-08 17:06:13,170642,-0.26783752,-3.6322937,-7.277481
2019-04-08 17:06:13,170662,-0.6329651,-2.7931213,-7.862854
2019-04-08 17:06:13,170681,-1.9090729,0.09428406,-7.5168915
2019-04-08 17:06:13,170702,-2.5291748,-0.86938477,-5.9044037
2019-04-08 17:06:13,170721,-3.191162,-1.8246765,-9.526825
2019-04-08 17:06:13,170741,-2.301712,-0.44560242,-9.445419
2019-04-08 17:06:13,170762,-2.798523,-0.6670685,-10.896317
2019-04-08 17:06:13,170782,-0.20559692,-2.143097,-11.278183
2019-04-08 17:06:13,170801,-1.9306183,-2.2256927,-11.698364
2019-04-08 17:06:13,170822,-3.668808,-1.2237244,-9.660904
2019-04-08 17:06:13,170841,-4.3355865,0.8520508,-7.842514
2019-04-08 17:06:13,170862,-2.8056946,0.6784668,-4.732437
2019-04-08 17:06:13,170881,-0.80415344,0.23674011,-3.3414154
2019-04-08 17:06:13,170902,-1.7749939,0.19963074,-2.4244232
2019-04-08 17:06:13,170921,-3.5371246,2.0371857,-3.1594543
2019-04-08 17:06:13,170941,-2.6656342,2.857193,-3.7687683
2019-04-08 17:06:14,170962,0.5030823,-0.6191864,-3.1283264
2019-04-08 17:06:14,170981,-2.4693146,-0.16668701,-9.162918
2019-04-08 17:06:14,171001,-2.4537506,3.813675,-13.614929
2019-04-08 17:06:14,171021,2.68779,-5.49617,-10.783783
2019-04-08 17:06:14,171041,-2.791336,-4.313446,-15.156799
2019-04-08 17:06:14,171061,-2.5902252,-5.9367065,-17.166733
2019-04-08 17:06:14,171081,0.7149811,-8.200424,-12.03595
2019-04-08 17:06:14,171101,-1.1560974,-8.269867,-8.484161
2019-04-08 17:06:14,171122,-1.5774689,-5.934311,-6.7375793
2019-04-08 17:06:14,171141,-1.391922,-2.8374176,-6.237198
2019-04-08 17:06:14,171161,-0.5312042,-1.5553284,-6.6789246
2019-04-08 17:06:14,171181,1.2596588,-3.6598206,-7.3301544
2019-04-08 17:06:14,171202,1.1722717,-7.0595856,-7.0608063
2019-04-08 17:06:14,171221,-1.7510529,-8.030441,-9.031235
2019-04-08 17:06:14,171241,-2.6357117,-7.476181,-9.698013
2019-04-08 17:06:14,171261,-0.86639404,-6.6956787,-8.573944
2019-04-08 17:06:14,171281,1.6403351,-8.670883,-8.120239
2019-04-08 17:06:14,171301,0.91249084,-11.037552,-9.204803
2019-04-08 17:06:14,171321,0.048187256,-12.5914,-10.691605
2019-04-08 17:06:14,171341,-0.06074524,-12.043121,-11.631332
2019-04-08 17:06:14,171362,-1.8575897,-7.6246185,-10.816101
2019-04-08 17:06:14,171381,-2.1760254,-5.4818115,-8.494934
2019-04-08 17:06:14,171401,-0.37078857,-7.6557465,-7.3899994
2019-04-08 17:06:14,171422,-0.84843445,-8.707993,-8.3979645
2019-04-08 17:06:14,171441,-0.67126465,-8.666107,-8.594284
2019-04-08 17:06:14,171461,-1.0064545,-8.238739,-8.909119
2019-04-08 17:06:14,171482,-1.3105164,-8.943832,-8.856445
2019-04-08 17:06:14,171501,-1.4589539,-8.089096,-6.1282654
2019-04-08 17:06:14,171522,-0.040390015,-6.607086,-6.1857147
2019-04-08 17:06:14,171541,-0.51564026,-7.7598877,-7.6701202
2019-04-08 17:06:14,171562,-0.77182007,-8.925873,-8.619431
2019-04-08 17:06:14,171581,-0.6401367,-8.322525,-8.952225
2019-04-08 17:06:14,171602,-0.059555054,-7.8616486,-9.671677
2019-04-08 17:06:14,171621,-0.5826874,-6.5484314,-8.802582
2019-04-08 17:06:14,171642,-1.0531464,-5.113098,-8.02327
2019-04-08 17:06:14,171661,-0.9873047,-5.4853973,-8.293808
2019-04-08 17:06:14,171682,-0.12060547,-7.1649323,-8.99292
2019-04-08 17:06:14,171701,0.3055725,-7.4414673,-9.489716
2019-04-08 17:06:14,171722,0.5820923,-6.578354,-9.464584
2019-04-08 17:06:14,171741,0.3929596,-5.9163666,-8.745117
2019-04-08 17:06:14,171761,0.45161438,-6.452667,-7.4738007
2019-04-08 17:06:14,171782,-1.3596039,-5.7379913,-10.749069
2019-04-08 17:06:14,171801,-2.17482,-4.5600433,-11.430222
2019-04-08 17:06:14,171821,-1.6828156,-4.66539,-10.79097
2019-04-08 17:06:14,171842,-1.6983795,-4.0812073,-10.993271
2019-04-08 17:06:14,171861,-0.8244934,-4.056061,-9.769836
2019-04-08 17:06:14,171881,-0.3121338,-5.3944244,-7.874832
2019-04-08 17:06:14,171901,-0.9549866,-3.7543945,-7.419937
2019-04-08 17:06:14,171922,-2.822464,-0.56651306,-8.095093
2019-04-08 17:06:14,171941,-4.254196,-0.46116638,-8.778641
2019-04-08 17:06:15,171961,-2.2167206,-1.1746368,-8.640976
2019-04-08 17:06:15,171981,-0.2247467,-2.6398926,-8.504501
2019-04-08 17:06:15,172002,-2.2227173,-0.3737793,-9.255081
2019-04-08 17:06:15,172021,-3.3731232,1.2411041,-8.205231
2019-04-08 17:06:15,172041,-2.7410583,0.22117615,-6.056427
2019-04-08 17:06:15,172062,-1.9006958,0.78500366,-5.866089
2019-04-08 17:06:15,172081,-2.257431,1.442215,-6.139038
2019-04-08 17:06:15,172101,-1.6193695,0.4713745,-5.439926
2019-04-08 17:06:15,172122,-1.8875275,-0.5174408,-5.332184
2019-04-08 17:06:15,172141,-4.4457245,0.95739746,-7.4845734
2019-04-08 17:06:15,172161,-3.5491028,2.0335846,-8.078339
2019-04-08 17:06:15,172182,-1.3799591,2.9661255,-9.049179
2019-04-08 17:06:15,172201,0.22535706,1.4170837,-7.3074036
2019-04-08 17:06:15,172221,0.064941406,-2.8254395,-7.692871
2019-04-08 17:06:15,172242,-2.7697906,-4.66658,-11.024399
2019-04-08 17:06:15,172261,-0.9226532,-4.435547,-9.435852
2019-04-08 17:06:15,172281,-0.07989502,-4.34816,-7.8676453
2019-04-08 17:06:15,172302,-1.6062012,-3.7950897,-11.071091
2019-04-08 17:06:15,172321,-1.1896057,-3.724472,-9.762665
2019-04-08 17:06:15,172342,0.6108246,-4.064438,-8.554779
2019-04-08 17:06:15,172361,-0.6736603,-5.587158,-8.225586
2019-04-08 17:06:15,172382,-1.4817047,-6.8129883,-10.689209
2019-04-08 17:06:15,172402,-0.466568,-6.973404,-9.004898
2019-04-08 17:06:15,172422,-0.49050903,-6.38562,-7.3421173
2019-04-08 17:06:15,172441,-1.0854645,-5.6517944,-7.052429
2019-04-08 17:06:15,172462,-0.6509247,-6.399994,-5.481827
2019-04-08 17:06:15,172481,-0.59825134,-6.1091003,-6.1605835
2019-04-08 17:06:15,172502,-0.27981567,-6.7591248,-7.6425934
2019-04-08 17:06:15,172521,0.55096436,-8.376404,-10.334869
2019-04-08 17:06:15,172542,-0.014053345,-9.747086,-11.764206
2019-04-08 17:06:15,172561,-0.39712524,-8.474564,-11.883926
2019-04-08 17:06:15,172582,-1.0076599,-11.083054,-12.9206085
2019-04-08 17:06:15,172601,-1.4050903,-15.023895,-12.933777
2019-04-08 17:06:15,172621,-0.4593811,-11.646881,-8.743927
2019-04-08 17:06:15,172641,2.0485382,-6.751938,-6.468231
2019-04-08 17:06:15,172662,1.8605957,-4.301468,-6.558014
2019-04-08 17:06:15,172681,-0.76464844,-2.6758118,-7.0979156
2019-04-08 17:06:15,172701,-4.020752,-1.894104,-4.9993896
2019-04-08 17:06:15,172721,-2.6776123,-6.1019135,-3.5437164
2019-04-08 17:06:15,172742,0.3474579,-9.806931,-6.724411
2019-04-08 17:06:15,172761,1.7815857,-12.747025,-13.909409
2019-04-08 17:06:15,172781,0.46238708,-13.877075,-16.32277
2019-04-08 17:06:15,172802,-1.0208282,-10.689194,-10.757446
2019-04-08 17:06:15,172821,-2.1101837,-7.366043,-6.5005646
2019-04-08 17:06:15,172841,-1.1453247,-8.384781,-7.9310913
2019-04-08 17:06:15,172861,1.6211853,-13.08699,-11.557114
2019-04-08 17:06:15,172882,-0.78019714,-8.960587,-9.757874
2019-04-08 17:06:15,172901,-1.1046143,-3.882492,-4.502594
2019-04-08 17:06:15,172921,-1.4086761,-1.6008148,-1.2644348
2019-04-08 17:06:15,172942,-2.0742645,-3.0983887,-4.0620575
2019-04-08 17:06:16,172961,-3.3743286,-3.1067657,-9.17009
2019-04-08 17:06:16,172981,-0.9262543,-4.803055,-13.077423
2019-04-08 17:06:16,173002,2.2233276,-6.672928,-10.27861
2019-04-08 17:06:16,173021,2.8877106,-6.4742126,-11.254242
2019-04-08 17:06:16,173041,1.6199799,-3.9172058,-10.528809
2019-04-08 17:06:16,173062,-0.6616974,-5.408783,-9.791382
2019-04-08 17:06:16,173081,-2.712326,-5.824188,-11.124954
2019-04-08 17:06:16,173101,-2.7470398,-4.6474304,-11.154892
2019-04-08 17:06:16,173122,-1.6133881,-4.9790344,-9.365219
2019-04-08 17:06:16,173142,-1.0974426,-3.621521,-8.142975
2019-04-08 17:06:16,173162,-0.9825134,-1.9000854,-7.43071
2019-04-08 17:06:16,173181,-1.6552887,-0.20259094,-6.490982
2019-04-08 17:06:16,173202,-2.937378,0.8269043,-6.874054
2019-04-08 17:06:16,173221,-3.0235748,1.7319183,-6.1653748
2019-04-08 17:06:16,173242,-2.4525604,0.061965942,-6.7375793
2019-04-08 17:06:16,173262,-0.49290466,-1.4451904,-7.562393
2019-04-08 17:06:16,173281,-2.4729004,0.8269043,-8.08313
2019-04-08 17:06:16,173302,-2.5195923,1.1094208,-8.536819
2019-04-08 17:06:16,173321,-2.2837677,-0.41088867,-8.669708
2019-04-08 17:06:16,173341,-4.8024597,-0.11520386,-8.723572
2019-04-08 17:06:16,173362,-4.1524353,-0.22653198,-7.8101807
2019-04-08 17:06:16,173381,-2.2873535,-0.029022217,-5.9223633
2019-04-08 17:06:16,173402,-1.7007751,0.5036926,-6.3138123
2019-04-08 17:06:16,173421,-3.033142,1.1357574,-6.316208
2019-04-08 17:06:16,173441,-1.9928741,0.2331543,-6.404785
2019-04-08 17:06:16,173462,-1.8815308,-1.4140625,-7.949051
2019-04-08 17:06:16,173481,-1.4685364,-2.2484436,-9.182068
2019-04-08 17:06:16,173501,-0.0655365,-2.8649445,-10.400711
2019-04-08 17:06:16,173521,0.71617126,-3.5556793,-9.1689
2019-04-08 17:06:16,173542,-0.59225464,-3.5149689,-9.379593
2019-04-08 17:06:16,173561,-1.0531464,-3.9363556,-8.43866
2019-04-08 17:06:16,173581,-0.7909851,-5.3166046,-8.384796
2019-04-08 17:06:16,173601,0.05178833,-6.222824,-10.046371
2019-04-08 17:06:16,173622,1.1806488,-7.0559998,-8.506897
2019-04-08 17:06:16,173641,-1.1357422,-6.523285,-7.6940613
2019-04-08 17:06:16,173661,-2.2119293,-4.7228546,-9.117416
2019-04-08 17:06:16,173682,-0.510849,-5.293869,-8.346481
2019-04-08 17:06:16,173701,0.91848755,-6.6585693,-8.210022
2019-04-08 17:06:16,173721,0.7724304,-8.1345825,-9.216782
2019-04-08 17:06:16,173741,0.8861542,-10.105011,-10.2379
2019-04-08 17:06:16,173761,0.09727478,-10.805313,-10.920258
2019-04-08 17:06:16,173781,-0.19482422,-9.686035,-9.772232
2019-04-08 17:06:16,173801,-0.49169922,-7.907135,-7.819763
2019-04-08 17:06:16,173821,-0.3444519,-8.482941,-8.024475
2019-04-08 17:06:16,173841,-0.6628876,-9.178467,-8.696045
2019-04-08 17:06:16,173862,-0.68203735,-8.858841,-8.664917
2019-04-08 17:06:16,173881,-0.5958557,-8.253098,-8.795395
2019-04-08 17:06:16,173901,-0.3121338,-7.460617,-9.0108795
2019-04-08 17:06:16,173922,-0.081100464,-6.9602356,-9.143753
2019-04-08 17:06:16,173941,0.19902039,-7.3840027,-8.845673
2019-04-08 17:06:17,173961,-1.1417236,-7.926285,-7.6749115
2019-04-08 17:06:17,173982,-1.5882416,-7.0200806,-6.403595
2019-04-08 17:06:17,174002,-0.6185913,-7.6198273,-6.7579346
2019-04-08 17:06:17,174021,0.52464294,-10.37796,-9.003693
2019-04-08 17:06:17,174042,-0.39234924,-10.532379,-10.717941
2019-04-08 17:06:17,174061,-1.1477203,-7.4546356,-9.569931
2019-04-08 17:06:17,174082,0.28640747,-6.124649,-8.581116
2019-04-08 17:06:17,174101,0.36183167,-6.8524933,-7.811386
2019-04-08 17:06:17,174122,-0.6042328,-6.751938,-8.296204
2019-04-08 17:06:17,174141,-0.5072632,-6.2683105,-7.8365173
2019-04-08 17:06:17,174162,-0.5276184,-5.7104645,-7.0775604
2019-04-08 17:06:17,174181,-0.47853088,-4.874878,-8.151367
2019-04-08 17:06:17,174202,0.45999146,-5.6506042,-9.574707
2019-04-08 17:06:17,174221,0.40852356,-5.57518,-10.014053
2019-04-08 17:06:17,174241,0.103256226,-5.0855713,-9.96138
2019-04-08 17:06:17,174261,0.12121582,-6.377243,-10.465363
2019-04-08 17:06:17,174281,0.2852173,-7.6748962,-9.99968
2019-04-08 17:06:17,174301,-1.4230499,-5.5847626,-11.675629
2019-04-08 17:06:17,174322,-1.9473724,-4.2631683,-10.716751
2019-04-08 17:06:17,174341,-0.747879,-5.4662476,-9.349655
2019-04-08 17:06:17,174361,-0.43304443,-4.459488,-8.885178
2019-04-08 17:06:17,174381,-2.0431519,-1.3889313,-8.278259
2019-04-08 17:06:17,174402,-2.6045837,-1.7193298,-6.581955
2019-04-08 17:06:17,174421,-2.3077087,-1.9802856,-7.3780365
2019-04-08 17:06:17,174441,-1.9629364,0.44862366,-6.510132
2019-04-08 17:06:17,174461,-1.9665375,-4.1602173,-6.7974396
2019-04-08 17:06:17,174482,-3.0499115,1.1273804,-8.089111
2019-04-08 17:06:17,174501,-2.3579865,3.3372345,-6.3102264
2019-04-08 17:06:17,174521,-3.364746,0.8987427,-7.756317
2019-04-08 17:06:17,174542,-1.5056458,0.8735962,-8.553589
2019-04-08 17:06:17,174561,-2.1185608,-0.9795227,-8.690063
2019-04-08 17:06:17,174581,-2.0467377,-0.6575012,-6.268326
2019-04-08 17:06:17,174601,-6.472412,0.8556366,-8.522461
2019-04-08 17:06:17,174622,-3.9561157,1.5523529,-6.174942
2019-04-08 17:06:17,174641,1.1399384,-0.83106995,-6.0408783
2019-04-08 17:06:17,174661,-2.3077087,-0.9795227,-5.663788
2019-04-08 17:06:17,174682,-3.364746,0.461792,-8.583511
2019-04-08 17:06:17,174701,-1.0303955,0.13020325,-8.067566
2019-04-08 17:06:17,174721,-0.008071899,-1.22612,-9.58429
2019-04-08 17:06:17,174742,0.42288208,-3.573639,-7.593506
2019-04-08 17:06:17,174761,-0.664093,-4.083603,-7.7048492
2019-04-08 17:06:17,174782,-1.4912872,-3.6394806,-10.225937
2019-04-08 17:06:17,174801,-0.63056946,-3.4754639,-10.1888275
2019-04-08 17:06:17,174822,1.3075409,-5.1897125,-10.849625
2019-04-08 17:06:17,174841,0.86820984,-8.190857,-8.89357
2019-04-08 17:06:17,174862,-1.1716614,-8.199234,-9.474152
2019-04-08 17:06:17,174882,-2.7111206,-5.620682,-9.226364
2019-04-08 17:06:17,174902,-1.2015839,-4.0464935,-8.2638855
2019-04-08 17:06:17,174921,0.6108246,-5.175354,-6.9039764
2019-04-08 17:06:17,174942,0.8083496,-7.421112,-8.248322
2019-04-08 17:06:18,174961,0.58688354,-8.509277,-8.549988
2019-04-08 17:06:18,174982,-0.36601257,-8.241135,-8.700836
2019-04-08 17:06:18,175001,-0.09666443,-8.473373,-8.960602
2019-04-08 17:06:18,175022,-0.25468445,-8.657715,-8.9318695
2019-04-08 17:06:18,175041,-0.9118805,-8.062759,-9.001297
2019-04-08 17:06:18,175061,-1.163269,-8.486542,-9.358032
2019-04-08 17:06:18,175082,-0.83766174,-9.478928,-9.701599
2019-04-08 17:06:18,175101,-0.59465027,-9.636948,-9.517258
2019-04-08 17:06:18,175121,-0.80773926,-8.718765,-9.40831
2019-04-08 17:06:18,175142,0.79278564,-9.820099,-9.313751
2019-04-08 17:06:18,175161,0.3103485,-8.608643,-8.777451
2019-04-08 17:06:18,175181,-0.2032013,-5.9115753,-7.126648
2019-04-08 17:06:18,175201,-0.4378357,-4.8305817,-5.145447
2019-04-08 17:06:18,175221,-0.36601257,-6.5208893,-6.468231
2019-04-08 17:06:18,175241,-0.3229065,-8.218384,-7.804199
2019-04-08 17:06:18,175261,-0.5348053,-10.199585,-10.2438965
2019-04-08 17:06:18,175281,-0.82569885,-9.64772,-10.221146
2019-04-08 17:06:18,175301,0.2086029,-8.815735,-8.794205
2019-04-08 17:06:18,175322,0.0014953613,-8.026855,-8.874405
2019-04-08 17:06:18,175341,-0.253479,-8.566742,-9.313751
2019-04-08 17:06:18,175361,-0.18644714,-8.257889,-9.595062
2019-04-08 17:06:18,175382,-0.81492615,-6.7243958,-9.186859
2019-04-08 17:06:18,175401,-0.8999176,-6.20726,-8.395569
2019-04-08 17:06:18,175421,-0.44262695,-6.1904907,-7.58873
2019-04-08 17:06:18,175442,-0.25228882,-5.5368805,-7.862854
2019-04-08 17:06:18,175461,-0.75027466,-4.5097656,-8.502106
2019-04-08 17:06:18,175481,-1.2997437,-4.1781616,-8.882782
2019-04-08 17:06:18,175502,-0.38755798,-6.0911407,-8.840897
2019-04-08 17:06:18,175521,-1.1273651,-6.0276947,-11.712738
2019-04-08 17:06:18,175541,-1.2554474,-4.419983,-11.084259
2019-04-08 17:06:18,175562,-0.53718567,-5.427948,-10.556335
2019-04-08 17:06:18,175581,-0.85562134,-5.104721,-10.902298
2019-04-08 17:06:18,175602,-1.4912872,-4.0943756,-9.589081
2019-04-08 17:06:18,175621,-2.0263824,-3.3401947,-9.167694
2019-04-08 17:06:18,175642,-1.9330139,-2.017395,-7.823349
2019-04-08 17:06:18,175662,-1.8085175,-2.020996,-5.917572
2019-04-08 17:06:18,175681,-1.7067566,-0.57011414,-6.083969
2019-04-08 17:06:18,175702,-1.9473724,1.0076752,-5.6314697
2019-04-08 17:06:18,175722,-2.759018,-0.45518494,-6.3425446
2019-04-08 17:06:18,175741,-2.9720917,2.5639038,-8.206421
2019-04-08 17:06:18,175762,-1.526001,0.8053589,-8.250717
2019-04-08 17:06:18,175781,-1.4386139,-1.8881226,-9.894333
2019-04-08 17:06:18,175802,-2.4944458,-0.27920532,-8.923492
2019-04-08 17:06:18,175821,-3.71669,0.75868225,-7.624634
2019-04-08 17:06:18,175842,-3.7178955,0.8149414,-8.91272
2019-04-08 17:06:18,175861,-2.5004425,-0.21936035,-6.99736
2019-04-08 17:06:18,175882,-2.0623016,-0.22055054,-6.878845
2019-04-08 17:06:18,175901,-2.6321259,0.08470154,-6.0456543
2019-04-08 17:06:18,175921,-2.2227173,0.27503967,-5.7619476
2019-04-08 17:06:18,175942,-2.2191162,0.23434448,-7.170929
2019-04-08 17:06:19,175961,-1.3643951,-1.3745575,-8.40036
2019-04-08 17:06:19,175981,0.079315186,-2.5285645,-7.5803375
2019-04-08 17:06:19,176001,-0.3229065,-2.7212982,-8.150162
2019-04-08 17:06:19,176022,-1.6768341,-2.9415588,-10.654495
2019-04-08 17:06:19,176041,-1.3811493,-3.7017212,-12.469299
2019-04-08 17:06:19,176061,0.5054779,-7.519272,-9.968567
2019-04-08 17:06:19,176081,-0.38635254,-7.8807983,-9.2491
2019-04-08 17:06:19,176102,-1.2063751,-6.3880157,-8.781036
2019-04-08 17:06:19,176121,-0.8340759,-4.7156677,-8.966583
2019-04-08 17:06:19,176141,-0.5024719,-4.442734,-8.512878
2019-04-08 17:06:19,176161,0.08769226,-5.7547455,-7.380432
2019-04-08 17:06:19,176182,0.2888031,-6.633423,-5.7930756
2019-04-08 17:06:19,176201,-0.35284424,-6.1581726,-7.209244
2019-04-08 17:06:19,176221,-0.605423,-6.243164,-8.940247
2019-04-08 17:06:19,176242,0.5617523,-8.0867,-9.601044
2019-04-08 17:06:19,176261,-0.021240234,-9.287399,-10.032013
2019-04-08 17:06:19,176281,-0.7119751,-10.111008,-10.042786
2019-04-08 17:06:19,176302,-1.4805145,-9.949387,-10.242691
2019-04-08 17:06:19,176321,-0.72991943,-10.61618,-10.260651
2019-04-08 17:06:19,176341,-0.23432922,-10.031998,-8.99292
2019-04-08 17:06:19,176362,-0.05595398,-8.662506,-7.676117
2019-04-08 17:06:19,176381,-0.10862732,-7.1529694,-7.309799
2019-04-08 17:06:19,176401,-0.93104553,-6.249161,-7.2607117
2019-04-08 17:06:19,176422,-1.1441193,-5.7930603,-6.984192
2019-04-08 17:06:19,176441,-0.69641113,-6.538849,-7.01651
2019-04-08 17:06:19,176462,-0.3217163,-7.297821,-7.764694
2019-04-08 17:06:19,176482,-0.6772461,-7.7993927,-9.093475
2019-04-08 17:06:19,176501,-0.6114197,-7.737152,-7.9346924
2019-04-08 17:06:19,176522,-0.012863159,-7.773056,-6.7028656
2019-04-08 17:06:19,176541,-0.045181274,-9.310135,-7.8496857
2019-04-08 17:06:19,176562,-0.42825317,-9.814117,-9.703995
2019-04-08 17:06:19,176581,-0.3731842,-9.787781,-10.734711
2019-04-08 17:06:19,176602,-0.39952087,-8.547592,-10.023621
2019-04-08 17:06:19,176621,-0.28100586,-7.151764,-7.917923
2019-04-08 17:06:19,176642,-0.5072632,-6.0671997,-6.9422913
2019-04-08 17:06:19,176661,-0.84843445,-6.0073395,-7.443878
2019-04-08 17:06:19,176682,-0.897522,-6.487381,-8.532043
2019-04-08 17:06:19,176701,-0.69999695,-6.479004,-8.535629
2019-04-08 17:06:19,176722,-0.5874634,-5.326187,-8.441055
2019-04-08 17:06:19,176741,-0.2427063,-4.3278046,-8.792999
2019-04-08 17:06:19,176761,-0.15771484,-5.068817,-9.653717
2019-04-08 17:06:19,176782,-0.37678528,-5.913971,-10.582672
2019-04-08 17:06:19,176801,-0.8388672,-5.295059,-10.862793
2019-04-08 17:06:19,176821,-0.70957947,-5.8576965,-11.075882
2019-04-08 17:06:19,176841,-0.624588,-5.7739105,-9.182068
2019-04-08 17:06:19,176862,-1.7618256,-3.7172852,-9.081512
2019-04-08 17:06:19,176881,-2.8320312,-1.7636108,-9.617813
2019-04-08 17:06:19,176901,-2.5914154,-2.3585815,-8.504501
2019-04-08 17:06:19,176921,-2.111374,-2.9654999,-8.492538
2019-04-08 17:06:19,176942,-2.3986816,-1.5110321,-8.722382
2019-04-08 17:06:20,176961,-2.2634125,-0.0038757324,-7.4726105
2019-04-08 17:06:20,176981,-1.273407,-0.47554016,-6.435913
2019-04-08 17:06:20,177002,-1.4637451,-0.35942078,-6.4323273
2019-04-08 17:06:20,177021,-2.7805634,1.2315369,-6.1773376
2019-04-08 17:06:20,177041,-2.7506256,1.4146881,-6.818985
2019-04-08 17:06:20,177061,-2.360382,1.0483704,-6.3988037
2019-04-08 17:06:20,177082,-1.8528137,0.9274597,-6.6980743
2019-04-08 17:06:20,177101,-2.3903046,-0.52342224,-8.522461
2019-04-08 17:06:20,177121,-2.6440887,-0.81192017,-9.457397
2019-04-08 17:06:20,177142,-3.3862915,0.10386658,-7.988556
2019-04-08 17:06:20,177161,-2.4130554,0.8544464,-7.597107
2019-04-08 17:06:20,177181,-1.115387,0.9705658,-7.3433228
2019-04-08 17:06:20,177202,-0.5874634,0.52523804,-7.886795
2019-04-08 17:06:20,177222,-0.64134216,-1.993454,-6.9123535
2019-04-08 17:06:20,177241,-1.3572083,-4.313446,-6.7423706
2019-04-08 17:06:20,177262,-1.7977448,-2.9283905,-6.720825
2019-04-08 17:06:20,177281,-1.8240814,-0.58447266,-7.075165
2019-04-08 17:06:20,177302,-2.068283,0.20202637,-9.518448
2019-04-08 17:06:20,177321,0.56533813,-2.985855,-10.005676
2019-04-08 17:06:20,177342,1.3829498,-7.369644,-10.045181
2019-04-08 17:06:20,177361,-1.2123566,-8.075928,-12.355576
2019-04-08 17:06:20,177382,-1.1620789,-6.9075623,-9.765045
2019-04-08 17:06:20,177401,-0.332489,-4.625885,-6.929123
2019-04-08 17:06:20,177422,-1.2087708,-5.016144,-8.985733
2019-04-08 17:06:20,177441,-1.0136414,-8.128601,-8.889969
2019-04-08 17:06:20,177462,0.24212646,-9.061142,-9.148544
2019-04-08 17:06:20,177483,0.41210938,-7.2403564,-8.238754
2019-04-08 17:06:20,177501,0.21937561,-6.2599335,-8.3824005
2019-04-08 17:06:20,177521,0.34268188,-7.2331696,-8.71759
2019-04-08 17:06:20,177542,-0.9298401,-7.364853,-8.644562
2019-04-08 17:06:20,177561,-1.0411682,-6.6322327,-8.154953
2019-04-08 17:06:20,177582,-1.194397,-6.9710083,-8.802582
2019-04-08 17:06:20,177601,-0.19242859,-9.263458,-10.272629
2019-04-08 17:06:20,177622,0.24690247,-12.547104,-11.984482
2019-04-08 17:06:20,177641,-0.073913574,-12.757797,-10.922653
2019-04-08 17:06:20,177661,-0.5683136,-7.8652344,-8.371628
2019-04-08 17:06:20,177682,-0.9118805,-3.4383545,-5.3860626
2019-04-08 17:06:20,177701,0.9065094,-7.7383423,-4.8437653
2019-04-08 17:06:20,177721,0.35943604,-10.810104,-8.411133
2019-04-08 17:06:20,177742,-1.6900024,-9.231125,-10.789764
2019-04-08 17:06:20,177761,-1.7426758,-6.8129883,-7.806595
2019-04-08 17:06:20,177782,-2.0072327,-5.6709595,-6.70047
2019-04-08 17:06:20,177801,0.48872375,-8.492523,-6.827362
2019-04-08 17:06:20,177821,0.20620728,-8.455414,-9.613022
2019-04-08 17:06:20,177842,-0.97532654,-6.5364532,-10.281006
2019-04-08 17:06:20,177861,0.4827423,-7.94545,-7.9203186
2019-04-08 17:06:20,177881,-0.42227173,-7.855667,-7.2128296
2019-04-08 17:06:20,177902,-1.4421997,-6.289856,-8.395569
2019-04-08 17:06:20,177921,0.34387207,-7.3636475,-9.592667
2019-04-08 17:06:20,177941,0.8442688,-9.051559,-9.162918
2019-04-08 17:06:21,177962,-1.7606354,-5.3357697,-9.038406
2019-04-08 17:06:21,177981,-0.99687195,-4.1099396,-10.036789
2019-04-08 17:06:21,178001,-0.09906006,-8.047195,-12.462128
2019-04-08 17:06:21,178022,-0.21278381,-9.334076,-12.126938
2019-04-08 17:06:21,178041,0.036224365,-6.9961395,-8.816956
2019-04-08 17:06:21,178061,-1.415863,-3.9674835,-8.305786
2019-04-08 17:06:21,178082,-1.4661407,-3.052887,-7.3002167
2019-04-08 17:06:21,178102,-1.91745,-4.305069,-6.142624
2019-04-08 17:06:21,178121,-2.1963806,-4.317032,-8.187271
2019-04-08 17:06:21,178141,-2.5746613,-1.4882812,-11.668442
2019-04-08 17:06:21,178161,-1.6062012,-1.5996094,-9.64534
2019-04-08 17:06:21,178182,-0.88435364,-4.6510315,-8.820541
2019-04-08 17:06:21,178202,-1.446991,-2.436386,-9.513657
2019-04-08 17:06:21,178221,-3.289322,0.52763367,-7.842514
2019-04-08 17:06:21,178242,-3.4736786,0.6784668,-5.9702454
2019-04-08 17:06:21,178261,-2.9553375,0.84965515,-6.2324066
2019-04-08 17:06:21,178282,-1.0279999,0.18885803,-7.146988
2019-04-08 17:06:21,178301,-1.9904785,0.5419922,-7.162552
2019-04-08 17:06:21,178322,-2.0970154,1.0328064,-4.795883
2019-04-08 17:06:21,178341,-2.2346802,0.9059143,-4.8952484
2019-04-08 17:06:21,178361,-3.7514038,2.604599,-7.507324
2019-04-08 17:06:21,178382,-3.284546,3.4808807,-9.101852
2019-04-08 17:06:21,178401,-0.61021423,-0.98669434,-8.542816
2019-04-08 17:06:21,178422,-2.5638885,-3.344986,-12.9673
2019-04-08 17:06:21,178441,-1.2099609,-3.925583,-10.25946
2019-04-08 17:06:21,178461,-1.6708527,-3.1977386,-9.1892395
2019-04-08 17:06:21,178482,-2.1281433,-0.7568512,-5.609909
2019-04-08 17:06:21,178501,-0.8675995,-0.12837219,-3.019394
2019-04-08 17:06:21,178521,-1.8216858,0.6210022,-5.5751953
2019-04-08 17:06:21,178542,-1.5954285,-0.72094727,-11.224319
2019-04-08 17:06:21,178561,2.344223,-6.8141785,-10.235519
2019-04-08 17:06:21,178581,2.031784,-8.353653,-7.6102753
2019-04-08 17:06:21,178602,-2.0742645,-5.4423065,-10.04039
2019-04-08 17:06:21,178621,-3.0235748,-3.2468262,-10.411484
2019-04-08 17:06:21,178641,-1.3440399,-4.9790344,-7.807785
2019-04-08 17:06:21,178662,-1.1357422,-6.8249664,-9.721954
2019-04-08 17:06:21,178681,0.7879944,-10.836441,-11.709137
2019-04-08 17:06:21,178701,2.2508545,-13.860321,-11.639709
2019-04-08 17:06:21,178722,0.108047485,-10.90947,-10.575485
2019-04-08 17:06:21,178741,-0.035614014,-7.9131165,-7.3576813
2019-04-08 17:06:21,178761,-0.34207153,-3.9770508,-4.24881
2019-04-08 17:06:21,178781,-1.3332672,-0.23970032,-3.2683868
2019-04-08 17:06:21,178801,-4.065048,0.45581055,-5.900818
2019-04-08 17:06:21,178822,-0.73831177,-7.424713,-8.274658
2019-04-08 17:06:21,178841,2.276001,-18.91568,-16.757324
2019-04-08 17:06:21,178861,-1.257843,-16.074951,-14.66478
2019-04-08 17:06:21,178882,-0.6006317,-6.354492,-11.371567
2019-04-08 17:06:21,178901,1.2345123,-3.5532837,-6.0193176
2019-04-08 17:06:21,178922,-0.05355835,-7.2654877,-3.201355
2019-04-08 17:06:21,178941,0.43486023,-10.43541,-4.023758
2019-04-08 17:06:22,178962,-1.3141174,-10.5060425,-10.303741
2019-04-08 17:06:22,178981,-0.6066284,-10.899887,-12.647675
2019-04-08 17:06:22,179002,-0.4486084,-8.919891,-9.933838
2019-04-08 17:06:22,179022,-0.94181824,-6.152191,-6.36409
2019-04-08 17:06:22,179041,-1.2243347,-3.8046722,-2.5321655
2019-04-08 17:06:22,179062,-2.1712341,-3.0301514,-3.0541077
2019-04-08 17:06:22,179081,-1.1010284,-4.8066406,-5.7691345
2019-04-08 17:06:22,179102,1.8366547,-10.559921,-15.007156
2019-04-08 17:06:22,179121,0.43125916,-14.179947,-14.124893
2019-04-08 17:06:22,179142,-0.6066284,-8.30098,-10.575485
2019-04-08 17:06:22,179161,-0.6461334,-4.0620575,-4.595978
2019-04-08 17:06:22,179182,-1.0495453,-6.528076,-5.210083
2019-04-08 17:06:22,179201,-2.217926,-6.6920776,-10.541977
2019-04-08 17:06:22,179221,-1.1656647,-7.270279,-11.903076
2019-04-08 17:06:22,179242,0.14276123,-7.0105133,-8.420715
2019-04-08 17:06:22,179261,0.4875183,-5.9115753,-8.216003
2019-04-08 17:06:22,179282,-0.8220978,-5.111908,-9.093475
2019-04-08 17:06:22,179301,-3.004425,-4.58757,-11.174042
2019-04-08 17:06:22,179321,-2.0778656,-3.5568695,-10.491699
2019-04-08 17:06:22,179342,-0.67126465,-2.3657532,-8.684067
2019-04-08 17:06:22,179361,-0.17686462,-2.8733368,-7.7144165
2019-04-08 17:06:22,179381,-2.2837677,-4.222458,-11.464935
2019-04-08 17:06:22,179402,-1.3428345,-4.818619,-8.399155
2019-04-08 17:06:22,179421,-2.8715363,-4.6522217,-9.167694
2019-04-08 17:06:22,179441,-2.0108185,0.89035034,-7.167343
2019-04-08 17:06:22,179462,-1.9868774,2.4693298,-4.5636444
2019-04-08 17:06:22,179481,-2.2131348,-0.127182,-7.7778625
2019-04-08 17:06:22,179501,-1.9425964,0.07034302,-7.7814636
2019-04-08 17:06:22,179521,-3.210312,0.018859863,-9.288605
2019-04-08 17:06:22,179541,-1.7965393,2.3771515,-8.65654
2019-04-08 17:06:22,179562,-1.0818787,0.040420532,-6.751953
2019-04-08 17:06:22,179581,-1.9198456,-2.2256927,-5.708084
2019-04-08 17:06:22,179601,-2.2837677,-1.2560425,-2.9140472
2019-04-08 17:06:22,179621,-4.9365387,2.6165771,-4.830597
2019-04-08 17:06:22,179642,-7.067383,7.276886,-8.879196
2019-04-08 17:06:22,179661,1.2021942,-0.80952454,-11.411072
2019-04-08 17:06:22,179681,2.3454285,-5.0065613,-8.214813
2019-04-08 17:06:22,179702,-1.7247162,-4.7491913,-5.004181
2019-04-08 17:06:22,179722,-6.0546265,-1.9156494,-8.172913
2019-04-08 17:06:22,179741,-6.8878174,0.06436157,-14.202698
2019-04-08 17:06:22,179762,-0.0942688,-1.54216,-10.170868
2019-04-08 17:06:22,179781,3.185791,-5.1705627,-6.9877777
2019-04-08 17:06:22,179802,-0.78019714,-4.9886017,-7.7491302
2019-04-08 17:06:22,179822,-1.7941437,-3.9710693,-7.8688507
2019-04-08 17:06:22,179841,-2.3220673,-3.2599945,-6.762726
2019-04-08 17:06:22,179862,-4.456497,-3.166626,-8.582321
2019-04-08 17:06:22,179881,-0.090667725,-5.3992157,-7.337326
2019-04-08 17:06:22,179902,3.623932,-7.6964417,-7.33255
2019-04-08 17:06:22,179921,-0.44262695,-6.2060547,-11.557114
2019-04-08 17:06:22,179942,1.3111267,-9.914673,-12.697952
2019-04-08 17:06:23,179961,0.7987671,-10.849609,-9.56514
2019-04-08 17:06:23,179982,-2.9158325,-3.9004364,-5.411194
2019-04-08 17:06:23,180001,-2.8571777,-4.0812073,-6.99736
2019-04-08 17:06:23,180021,2.9691162,-14.968842,-13.197144
2019-04-08 17:06:23,180042,1.5792847,-16.900955,-14.874283
2019-04-08 17:06:23,180061,-1.8240814,-9.907501,-9.463379
2019-04-08 17:06:23,180082,-1.7031708,-5.365692,-4.7599792
2019-04-08 17:06:23,180101,-2.0036469,-2.9726868,-7.230789
2019-04-08 17:06:23,180121,0.8442688,-6.004944,-6.716034
2019-04-08 17:06:23,180142,0.60842896,-8.059174,-6.841736
2019-04-08 17:06:23,180161,-2.5195923,-7.3552704,-9.077911
2019-04-08 17:06:23,180181,-2.478897,-7.053604,-9.94223
2019-04-08 17:06:23,180202,-0.28819275,-8.952209,-6.644211
2019-04-08 17:06:23,180221,1.0884705,-10.182831,-7.041641
2019-04-08 17:06:23,180242,0.34866333,-9.087479,-9.511261
2019-04-08 17:06:23,180261,-0.18884277,-8.445831,-8.644562
2019-04-08 17:06:23,180281,-0.98132324,-8.127411,-7.7611084
2019-04-08 17:06:23,180301,-2.150879,-5.9798126,-6.8596954
2019-04-08 17:06:23,180322,-0.8125305,-7.800598,-6.810608
2019-04-08 17:06:23,180341,-2.1963806,-9.434647,-11.448181
2019-04-08 17:06:23,180362,0.21218872,-12.073044,-11.959335
2019-04-08 17:06:23,180381,1.3039551,-7.4630127,-7.981369
2019-04-08 17:06:23,180401,-0.59825134,-3.2133026,-4.8210297
2019-04-08 17:06:23,180422,-2.6907806,-2.9367828,-5.6697693
2019-04-08 17:06:23,180441,-0.4378357,-6.222824,-9.646545
2019-04-08 17:06:23,180461,0.18466187,-8.511673,-11.229111
2019-04-08 17:06:23,180481,-0.31573486,-7.831726,-9.057571
2019-04-08 17:06:23,180501,-1.1022186,-6.4861755,-8.919907
2019-04-08 17:06:23,180521,-1.4637451,-5.6949005,-11.627747
2019-04-08 17:06:23,180542,-0.90589905,-5.83136,-9.836884
2019-04-08 17:06:23,180561,-0.19361877,-5.247177,-8.146576
2019-04-08 17:06:23,180581,-1.2781982,-3.657425,-7.646179
2019-04-08 17:06:23,180602,-3.416214,0.5108795,-12.237061
2019-04-08 17:06:23,180621,-1.446991,-1.5577087,-6.723221
2019-04-08 17:06:23,180642,-0.124191284,-10.619766,-9.069534
2019-04-08 17:06:23,180662,-1.150116,-6.115082,-7.791031
2019-04-08 17:06:23,180681,-5.205887,3.5790405,-9.727936
2019-04-08 17:06:23,180702,-5.1615906,2.4441986,-7.794632
2019-04-08 17:06:23,180721,-1.1070099,-4.785095,-7.8724365
2019-04-08 17:06:23,180742,-2.0862427,0.15414429,-8.249527
2019-04-08 17:06:23,180761,-3.2031403,2.647705,-7.1613617
2019-04-08 17:06:23,180782,-2.6991577,-0.20140076,-7.261917
2019-04-08 17:06:23,180801,-1.9449768,-0.7017822,-6.1857147
2019-04-08 17:06:23,180821,-1.6397247,0.8987427,-2.8817291
2019-04-08 17:06:23,180842,-2.0060425,1.9605713,-2.6387177
2019-04-08 17:06:23,180861,-3.8759003,4.5834045,-4.3577423
2019-04-08 17:06:23,180882,-1.6588745,1.1273804,-10.699982
2019-04-08 17:06:23,180901,-0.071517944,-3.147461,-11.570282
2019-04-08 17:06:23,180921,-0.20080566,-2.5249786,-13.264175
2019-04-08 17:06:23,180942,-3.38031,-3.1977386,-11.413467
2019-04-08 17:06:24,180961,-2.5674744,-2.9511414,-9.877579
2019-04-08 17:06:24,180981,-2.1915894,-2.953537,-9.140167
2019-04-08 17:06:24,181002,-1.1932068,-3.274353,-4.8246155
2019-04-08 17:06:24,181021,-1.8348541,-1.8414307,-6.1091003
2019-04-08 17:06:24,181042,-1.6792297,-0.2756195,-9.451416
2019-04-08 17:06:24,181061,3.5054169,-5.2100677,-6.486191
2019-04-08 17:06:24,181081,0.49830627,-6.5448303,-6.762726
2019-04-08 17:06:24,181102,-2.2227173,-5.676941,-7.4498596
2019-04-08 17:06:24,181121,-3.2785492,-2.843399,-9.122208
2019-04-08 17:06:24,181141,-1.1572876,-1.1363373,-10.284592
2019-04-08 17:06:24,181162,4.0429077,-8.24353,-11.231506
2019-04-08 17:06:24,181181,0.110443115,-16.766876,-16.153976
2019-04-08 17:06:24,181201,-2.0012512,-15.148407,-12.118546
2019-04-08 17:06:24,181222,-0.52163696,-5.743973,-5.024536
2019-04-08 17:06:24,181241,-0.97772217,-1.9790955,-4.1315002
2019-04-08 17:06:24,181261,-0.9884949,-7.2415466,-6.3305664
2019-04-08 17:06:24,181282,-1.4769135,-9.380768,-8.6397705
2019-04-08 17:06:24,181301,-1.039978,-7.235565,-8.345291
2019-04-08 17:06:24,181321,0.1690979,-6.6418,-8.482956
2019-04-08 17:06:24,181342,0.105651855,-6.696869,-10.763428
2019-04-08 17:06:24,181362,-0.71076965,-8.535614,-13.324036
2019-04-08 17:06:24,181381,0.48991394,-13.113327,-10.061935
2019-04-08 17:06:24,181402,-0.3899536,-10.387527,-7.422333
2019-04-08 17:06:24,181421,-2.4980469,-3.712494,-6.953064
2019-04-08 17:06:24,181441,-0.6868286,-8.548782,-5.8325806
2019-04-08 17:06:24,181461,1.6343536,-15.106506,-7.7886353
2019-04-08 17:06:24,181482,-1.0734863,-9.741104,-10.496475
2019-04-08 17:06:24,181502,-1.4733276,-4.998184,-7.685684
2019-04-08 17:06:24,181521,-2.1018066,-4.8533325,-5.424362
2019-04-08 17:06:24,181542,-0.26185608,-8.761871,-7.2044525
2019-04-08 17:06:24,181561,0.7401123,-10.45697,-10.883148
2019-04-08 17:06:24,181582,-1.2386932,-7.3397064,-10.975327
2019-04-08 17:06:24,181601,-1.4182587,-5.5285034,-8.409927
2019-04-08 17:06:24,181622,-0.30136108,-7.3241577,-8.24353
2019-04-08 17:06:24,181641,0.6431427,-9.883545,-10.53598
2019-04-08 17:06:24,181661,0.46357727,-8.077133,-10.091858
2019-04-08 17:06:24,181682,-1.8049164,-4.4846344,-7.685684
2019-04-08 17:06:24,181701,-1.016037,-4.4630737,-7.7850494
2019-04-08 17:06:24,181721,0.6491394,-6.712433,-9.1844635
2019-04-08 17:06:24,181742,-0.6042328,-7.2092285,-10.526413
2019-04-08 17:06:24,181761,-1.7498627,-5.365692,-10.21875
2019-04-08 17:06:24,181782,-1.1417236,-3.4515228,-10.008057
2019-04-08 17:06:24,181801,-0.44502258,-4.029724,-8.605057
2019-04-08 17:06:24,181821,-1.2877808,-4.230835,-8.702026
2019-04-08 17:06:24,181842,-1.6062012,-1.6139832,-8.724777
2019-04-08 17:06:24,181861,-2.4058685,-1.1530914,-10.186432
2019-04-08 17:06:24,181881,-2.0371552,-1.7169342,-10.45697
2019-04-08 17:06:24,181902,0.7700348,-6.933899,-7.4366913
2019-04-08 17:06:24,181921,-0.70957947,-5.2052765,-7.8161774
2019-04-08 17:06:24,181942,-2.954132,3.3252563,-7.328949
2019-04-08 17:06:25,181961,-3.7897186,3.154068,-7.6940613
2019-04-08 17:06:25,181981,-1.8551941,-0.6407318,-8.530838
2019-04-08 17:06:25,182002,0.3067627,-0.23851013,-7.7467346
2019-04-08 17:06:25,182021,-2.356781,-0.44322205,-7.036865
2019-04-08 17:06:25,182041,-3.6783905,-0.6694641,-6.2599487
2019-04-08 17:06:25,182062,-4.337982,2.0240173,-4.4367523
2019-04-08 17:06:25,182081,-2.052719,2.2981415,-5.332184
2019-04-08 17:06:25,182101,0.45880127,-0.3163147,-2.0258026
2019-04-08 17:06:25,182122,-4.879074,0.46897888,-7.625839
2019-04-08 17:06:25,182141,-5.4417114,4.5894012,-14.518738
2019-04-08 17:06:25,182161,4.7970886,-3.8585358,-6.8046265
2019-04-08 17:06:25,182182,-3.9716797,-2.395691,-9.86322
2019-04-08 17:06:25,182201,-3.6400757,-2.491455,-11.549927
2019-04-08 17:06:25,182222,-1.5643005,-4.004593,-10.775406
2019-04-08 17:06:25,182242,-1.4086761,-3.8094635,-8.226776
2019-04-08 17:06:25,182261,-1.4457855,-3.040924,-6.7507477
2019-04-08 17:06:25,182282,-1.6121826,-2.009018,-8.998901
2019-04-08 17:06:25,182301,-0.5755005,-2.3681488,-8.915115
2019-04-08 17:06:25,182322,1.2105713,-3.9998016,-5.1645966
2019-04-08 17:06:25,182341,-0.018844604,-4.60553,-6.0348816
2019-04-08 17:06:25,182362,-1.4254456,-3.8358002,-5.644638
2019-04-08 17:06:25,182381,-1.9090729,-2.6817932,-4.6713867
2019-04-08 17:06:25,182402,-3.285736,-0.96635437,-11.698364
2019-04-08 17:06:25,182421,3.7795563,-9.198807,-12.187988
2019-04-08 17:06:25,182442,2.6411133,-15.047852,-11.748642
2019-04-08 17:06:25,182461,-2.5363464,-12.075439,-12.207138
2019-04-08 17:06:25,182481,-1.7642212,-11.399078,-13.115738
2019-04-08 17:06:25,182502,0.54977417,-10.707153,-10.201996
2019-04-08 17:06:25,182521,0.9555969,-9.0707245,-8.074753
2019-04-08 17:06:25,182542,-0.7059784,-6.8297424,-6.2671204
2019-04-08 17:06:25,182561,-1.6935883,-5.1095123,-5.4602814
2019-04-08 17:06:25,182581,-0.32650757,-6.2599335,-6.886032
2019-04-08 17:06:25,182602,-0.16011047,-6.099518,-7.862854
2019-04-08 17:06:25,182621,-0.7814026,-5.0544434,-8.443451
2019-04-08 17:06:25,182641,-0.8628082,-7.483368,-8.459015
2019-04-08 17:06:25,182662,-2.0144196,-6.3820343,-9.280228
2019-04-08 17:06:25,182681,0.87060547,-9.769821,-9.482544
2019-04-08 17:06:25,182701,0.5114746,-12.339996,-10.292969
2019-04-08 17:06:25,182722,-1.8013306,-11.160858,-10.555145
2019-04-08 17:06:25,182741,0.13317871,-11.893478,-9.258682
2019-04-08 17:06:25,182762,0.30795288,-11.001648,-8.961792
2019-04-08 17:06:25,182781,-0.8783722,-7.507309,-6.8692627
2019-04-08 17:06:25,182801,-0.7706299,-4.7707367,-5.2041016
2019-04-08 17:06:25,182822,-1.0579376,-3.8070679,-5.6422424
2019-04-08 17:06:25,182841,-0.18165588,-5.0281067,-5.838562
2019-04-08 17:06:25,182861,-0.8460388,-5.776306,-6.7172394
2019-04-08 17:06:25,182882,-1.1776428,-5.4339294,-6.9746094
2019-04-08 17:06:25,182901,-0.68084717,-6.336548,-9.07074
2019-04-08 17:06:25,182921,-1.0746918,-6.332947,-12.204742
2019-04-08 17:06:25,182942,1.9958801,-9.143738,-12.013214
2019-04-08 17:06:26,182961,1.0501556,-9.788986,-12.208328
2019-04-08 17:06:26,182981,-0.7371063,-6.783066,-10.3624115
2019-04-08 17:06:26,183002,0.072128296,-7.519272,-9.846451
2019-04-08 17:06:26,183021,-1.5547333,-8.870804,-11.142914
2019-04-08 17:06:26,183042,-1.8300629,-7.5803223,-9.687241
2019-04-08 17:06:26,183062,-1.3691711,-4.5133514,-8.406342
2019-04-08 17:06:26,183081,-0.8496399,-2.5716553,-6.9722137
2019-04-08 17:06:26,183102,-0.6760559,-2.7105255,-4.9024353
2019-04-08 17:06:26,183121,-2.0958252,-1.502655,-5.4925995
2019-04-08 17:06:26,183141,-3.0786438,0.15414429,-8.887573
2019-04-08 17:06:26,183162,-3.1887665,0.059570312,-10.37558
2019-04-08 17:06:26,183181,-1.5164185,-2.8852997,-9.063553
2019-04-08 17:06:26,183201,-0.842453,-6.1174774,-10.483307
2019-04-08 17:06:26,183222,-2.0371552,-2.9559326,-9.40831
2019-04-08 17:06:26,183241,-3.8603516,0.17089844,-9.336487
2019-04-08 17:06:26,183262,-2.9804688,-1.30513,-8.570343
2019-04-08 17:06:26,183281,-3.0379333,1.852829,-9.592667
2019-04-08 17:06:26,183301,-1.5188141,2.9182434,-8.1058655
2019-04-08 17:06:26,183322,-0.40551758,-1.6846008,-5.9474945
2019-04-08 17:06:26,183341,-1.2554474,-0.345047,-3.9866486
2019-04-08 17:06:26,183362,-4.403824,1.1177979,-3.6059723
2019-04-08 17:06:26,183381,-2.9349823,-0.07330322,-6.2802887
2019-04-08 17:06:26,183401,-2.6847992,0.9202881,-6.826172
2019-04-08 17:06:26,183422,-1.6349335,1.2554779,-8.148972
2019-04-08 17:06:26,183441,-1.1513062,0.3348999,-9.818924
2019-04-08 17:06:26,183462,-1.5271912,-0.676651,-9.6154175
2019-04-08 17:06:26,183481,-1.2554474,-2.1478882,-9.080307
2019-04-08 17:06:26,183501,-2.1245422,-3.2133026,-9.672882
2019-04-08 17:06:26,183522,-0.8795624,-2.8864899,-10.069122
2019-04-08 17:06:26,183541,-0.037994385,-2.6279297,-10.2834015
2019-04-08 17:06:26,183561,-0.095458984,-4.1410522,-9.001297
2019-04-08 17:06:26,183582,-0.664093,-4.878479,-8.564362
2019-04-08 17:06:26,183601,-0.9250488,-4.483429,-7.625839
2019-04-08 17:06:26,183621,-1.826477,-2.8960724,-7.9825745
2019-04-08 17:06:26,183642,-0.8328705,-2.9595184,-7.270294
2019-04-08 17:06:26,183661,-0.58029175,-4.290695,-6.978195
2019-04-08 17:06:26,183681,-0.86997986,-6.30542,-9.712387
2019-04-08 17:06:26,183702,-0.5359955,-7.986145,-10.272629
2019-04-08 17:06:26,183721,0.50668335,-8.637375,-10.047562
2019-04-08 17:06:26,183741,-0.20918274,-8.036423,-8.882782
2019-04-08 17:06:26,183761,-0.5132446,-7.5025177,-8.723572
2019-04-08 17:06:26,183781,0.63716125,-8.899536,-9.534012
2019-04-08 17:06:26,183802,0.22895813,-10.095444,-8.916306
2019-04-08 17:06:26,183821,-0.47613525,-8.384781,-7.6785126
2019-04-08 17:06:26,183841,-0.50367737,-7.618637,-7.6749115
2019-04-08 17:06:26,183862,-0.27023315,-7.155365,-8.631393
2019-04-08 17:06:26,183881,-0.55874634,-7.0739594,-8.942642
2019-04-08 17:06:26,183902,-0.90231323,-7.7395477,-8.846878
2019-04-08 17:06:26,183921,-0.8328705,-8.056778,-8.022079
2019-04-08 17:06:26,183942,-0.98132324,-7.211624,-8.148972
2019-04-08 17:06:27,183961,-0.6473236,-7.728775,-8.569153
2019-04-08 17:06:27,183982,-0.5790863,-9.204788,-8.7582855
2019-04-08 17:06:27,184001,-0.42227173,-9.358017,-8.176498
2019-04-08 17:06:27,184022,-0.121795654,-8.594269,-8.069962
2019-04-08 17:06:27,184041,0.13677979,-8.227966,-8.054398
2019-04-08 17:06:27,184062,-0.6461334,-8.133392,-6.609497
2019-04-08 17:06:27,184081,-0.9789276,-7.222397,-5.7607574
2019-04-08 17:06:27,184102,-0.18165588,-7.899948,-8.014893
2019-04-08 17:06:27,184121,-0.30615234,-8.293808,-9.937439
2019-04-08 17:06:27,184141,-0.51205444,-8.1896515,-9.519653
2019-04-08 17:06:27,184162,-1.0172272,-7.747925,-8.633789
2019-04-08 17:06:27,184181,-1.2231293,-7.3947754,-8.356064
2019-04-08 17:06:27,184202,-0.27023315,-7.4378815,-8.383591
2019-04-08 17:06:27,184221,-0.08468628,-6.854889,-8.743927
2019-04-08 17:06:27,184241,-0.38157654,-5.570404,-8.699631
2019-04-08 17:06:27,184262,-0.18644714,-5.7667236,-8.159744
2019-04-08 17:06:27,184281,-0.51924133,-5.705673,-8.631393
2019-04-08 17:06:27,184301,-0.8807678,-6.361679,-10.076294
2019-04-08 17:06:27,184322,-0.4701538,-6.4466705,-9.456207
2019-04-08 17:06:27,184341,-0.91667175,-5.4063873,-9.463379
2019-04-08 17:06:27,184361,-1.197998,-4.1494446,-8.312973
2019-04-08 17:06:27,184382,-0.97772217,-3.6263123,-9.059967
2019-04-08 17:06:27,184401,-1.2698212,-4.0512695,-9.690826
2019-04-08 17:06:27,184421,-1.6744385,-3.6310883,-10.0703125
2019-04-08 17:06:27,184442,-1.66008,-2.704544,-9.574707
2019-04-08 17:06:27,184461,-1.2901764,-3.456314,-8.425491
2019-04-08 17:06:27,184482,-1.2051697,-4.5767975,-8.00531
2019-04-08 17:06:27,184501,-2.2861633,-1.5541229,-7.756317
2019-04-08 17:06:27,184521,-3.622116,-0.08169556,-7.0452423
2019-04-08 17:06:27,184542,-3.0582886,0.64375305,-8.478165
2019-04-08 17:06:27,184561,-1.5870514,0.92866516,-8.317764
2019-04-08 17:06:27,184581,-0.83766174,-1.7109375,-8.029251
2019-04-08 17:06:27,184602,-1.1896057,-2.5118103,-8.946228
2019-04-08 17:06:27,184621,-2.4250183,0.3648224,-7.7311707
2019-04-08 17:06:27,184641,-3.5083923,2.9613342,-6.20607
2019-04-08 17:06:27,184662,-2.0000458,0.4031372,-6.945877
2019-04-08 17:06:27,184681,-1.4194489,0.4103241,-6.410782
2019-04-08 17:06:27,184702,-2.2191162,-0.8514252,-7.447464
2019-04-08 17:06:27,184721,-3.7909088,-1.6439056,-6.665756
2019-04-08 17:06:27,184742,-4.0554657,1.5535431,-7.569565
2019-04-08 17:06:27,184762,-0.92025757,1.7498779,-7.0859375
2019-04-08 17:06:27,184782,-0.20799255,-0.19062805,-7.956238
2019-04-08 17:06:27,184801,-0.052368164,-1.973114,-7.209244
2019-04-08 17:06:27,184822,-1.4924774,-1.3506165,-8.210022
2019-04-08 17:06:27,184841,-2.0491333,-1.6032104,-9.775833
2019-04-08 17:06:27,184861,-0.4186859,-3.6705933,-8.885178
2019-04-08 17:06:27,184882,-0.7933655,-4.1410522,-10.464157
2019-04-08 17:06:27,184901,-0.34207153,-4.8892517,-9.356842
2019-04-08 17:06:27,184922,-0.37557983,-5.08078,-7.5947113
2019-04-08 17:06:27,184941,-2.0790558,-3.9471283,-10.125381
2019-04-08 17:06:28,184961,-1.1716614,-4.550461,-10.190018
2019-04-08 17:06:28,184982,0.82510376,-6.3185883,-7.294235
2019-04-08 17:06:28,185001,0.008682251,-6.5579987,-6.890808
2019-04-08 17:06:28,185022,-1.4421997,-5.408783,-8.532043
2019-04-08 17:06:28,185041,-1.6193695,-5.6901093,-10.009262
2019-04-08 17:06:28,185061,1.0968475,-9.6046295,-10.694
2019-04-08 17:06:28,185082,0.572525,-10.804123,-9.760269
2019-04-08 17:06:28,185101,-0.77900696,-9.064728,-9.040802
2019-04-08 17:06:28,185121,-0.3899536,-7.811371,-8.430283
2019-04-08 17:06:28,185141,-0.4079132,-7.131424,-8.789413
2019-04-08 17:06:28,185161,-0.4953003,-8.265076,-9.079117
2019-04-08 17:06:28,185181,-0.24629211,-10.89032,-9.550766
2019-04-08 17:06:28,185202,-0.037994385,-9.997284,-9.021652
2019-04-08 17:06:28,185221,-1.0471649,-6.727997,-8.955811
2019-04-08 17:06:28,185241,-1.1824341,-7.1062775,-7.9718018
2019-04-08 17:06:28,185262,-0.8532257,-7.9813538,-6.6825104
2019-04-08 17:06:28,185281,-1.0854645,-6.7160187,-6.6071014
2019-04-08 17:06:28,185301,-0.35643005,-7.199646,-7.7742767
2019-04-08 17:06:28,185322,-0.08947754,-8.913895,-8.972565
2019-04-08 17:06:28,185341,-0.73831177,-8.93425,-9.563934
2019-04-08 17:06:28,185361,-1.0974426,-8.992905,-9.195236
2019-04-08 17:06:28,185382,-0.6401367,-10.693985,-8.723572
2019-04-08 17:06:28,185401,-0.91308594,-9.256271,-7.787445
2019-04-08 17:06:28,185421,0.47434998,-8.068741,-8.138199
2019-04-08 17:06:28,185442,-0.37199402,-6.6190643,-9.079117
2019-04-08 17:06:28,185461,-1.0722961,-6.282669,-8.24234
2019-04-08 17:06:28,185481,-0.51924133,-6.231201,-6.854904
2019-04-08 17:06:28,185502,-1.0148315,-4.92276,-6.4873962
2019-04-08 17:06:28,185521,-0.5168457,-5.183731,-7.6401978
2019-04-08 17:06:28,185541,0.02545166,-6.689682,-10.164886
2019-04-08 17:06:28,185562,0.18106079,-7.934677,-11.575073
2019-04-08 17:06:28,185581,-0.17207336,-7.3672485,-11.217133
2019-04-08 17:06:28,185602,0.1116333,-6.3269653,-10.976517
2019-04-08 17:06:28,185621,-0.62098694,-6.6920776,-11.773788
2019-04-08 17:06:28,185642,-1.218338,-6.925522,-11.460144
2019-04-08 17:06:28,185661,-1.2458801,-6.1102905,-9.693222
2019-04-08 17:06:28,185682,-0.92744446,-4.9239655,-7.5552063
2019-04-08 17:06:28,185701,-1.3392487,-4.053665,-6.8321533
2019-04-08 17:06:28,185722,-2.1042023,-2.2280884,-7.965805
2019-04-08 17:06:28,185741,-2.324463,-1.7959442,-8.5164795
2019-04-08 17:06:28,185762,-1.8743591,-2.3262482,-8.508102
2019-04-08 17:06:28,185781,-1.4242401,-1.9228363,-8.583511
2019-04-08 17:06:28,185801,-1.9270325,-0.8334656,-8.47937
2019-04-08 17:06:28,185822,-3.0343475,-0.35462952,-8.585907
2019-04-08 17:06:28,185841,-2.712326,-0.91607666,-8.528442
2019-04-08 17:06:28,185862,-2.6452942,-0.7460785,-8.739136
2019-04-08 17:06:28,185881,-2.5351562,0.29660034,-7.9825745
2019-04-08 17:06:28,185901,-2.5100098,1.7163544,-6.890808
2019-04-08 17:06:28,185921,-1.2913666,-0.82629395,-4.5516815
2019-04-08 17:06:28,185942,-2.5171967,0.204422,-3.5018158
2019-04-08 17:06:29,185961,-4.6001587,3.5287628,-6.3940125
2019-04-08 17:06:29,185981,-4.7701416,3.4820862,-9.121017
2019-04-08 17:06:29,186001,0.12840271,-0.96635437,-7.0979156
2019-04-08 17:06:29,186021,-0.9226532,-3.495819,-8.897156
2019-04-08 17:06:29,186041,-2.7805634,-2.3035126,-9.958984
2019-04-08 17:06:29,186061,-1.6026154,-1.6223602,-8.618225
2019-04-08 17:06:29,186082,-1.5786743,-0.6000366,-7.811386
2019-04-08 17:06:29,186101,-1.6852112,-0.75205994,-8.204041
2019-04-08 17:06:29,186121,-0.41629028,-3.087616,-7.835327
2019-04-08 17:06:29,186142,-0.26664734,-4.8916473,-9.905121
2019-04-08 17:06:29,186161,-0.45458984,-5.736801,-10.557526
2019-04-08 17:06:29,186181,0.2660675,-4.9311523,-9.178467
2019-04-08 17:06:29,186202,-0.6161957,-4.522934,-8.1250305
2019-04-08 17:06:29,186221,-1.9461823,-4.5444794,-7.514496
2019-04-08 17:06:29,186241,-1.8563995,-5.072403,-8.443451
2019-04-08 17:06:29,186262,-0.8436432,-6.851288,-8.995316
2019-04-08 17:06:29,186281,0.49230957,-8.089096,-9.360428
2019-04-08 17:06:29,186301,1.1052246,-8.840881,-9.455002
2019-04-08 17:06:29,186322,0.4719696,-9.885941,-10.015244
2019-04-08 17:06:29,186342,-0.27262878,-9.999664,-9.597458
2019-04-08 17:06:29,186362,-1.1129913,-8.861221,-8.91391
2019-04-08 17:06:29,186381,-1.2985535,-7.436676,-8.316559
2019-04-08 17:06:29,186401,-0.7514801,-6.93869,-8.248322
2019-04-08 17:06:29,186422,-0.028427124,-7.879608,-8.623016
2019-04-08 17:06:29,186442,0.03501892,-9.026428,-8.951019
2019-04-08 17:06:29,186462,-0.6760559,-8.012482,-8.279449
2019-04-08 17:06:29,186481,-0.83047485,-6.2288055,-7.691681
2019-04-08 17:06:29,186502,0.17507935,-6.6190643,-7.7383575
2019-04-08 17:06:29,186521,1.4416199,-8.552368,-7.949051
2019-04-08 17:06:29,186542,-0.38276672,-7.119446,-8.414719
2019-04-08 17:06:29,186561,-1.0519409,-6.5532227,-7.7622986
2019-04-08 17:06:29,186582,-1.0244141,-8.324921,-7.360077
2019-04-08 17:06:29,186601,-0.69880676,-9.709976,-7.1445923
2019-04-08 17:06:29,186621,0.3175354,-11.333237,-10.261856
2019-04-08 17:06:29,186642,0.61680603,-12.660828,-12.1341095
2019-04-08 17:06:29,186661,-0.960968,-9.477737,-8.3033905
2019-04-08 17:06:29,186681,-1.4841003,-5.7296143,-5.6362457
2019-04-08 17:06:29,186702,-1.1824341,-4.490616,-5.4758453
2019-04-08 17:06:29,186721,-0.28819275,-6.8177795,-7.320572
2019-04-08 17:06:29,186741,-0.60902405,-7.3684387,-10.31572
2019-04-08 17:06:29,186762,-0.27742004,-6.7782745,-9.881165
2019-04-08 17:06:29,186781,0.64793396,-6.8536835,-7.4534454
2019-04-08 17:06:29,186801,-0.1852417,-5.9953613,-7.111084
2019-04-08 17:06:29,186822,-1.3117218,-5.3226013,-7.8006134
2019-04-08 17:06:29,186841,-1.6768341,-5.484207,-9.88356
2019-04-08 17:06:29,186862,-1.1524963,-6.037262,-12.033554
2019-04-08 17:06:29,186881,0.5665283,-6.6286316,-12.019196
2019-04-08 17:06:29,186901,1.0501556,-7.321762,-10.752655
2019-04-08 17:06:29,186922,-0.32769775,-6.073181,-9.336487
2019-04-08 17:06:29,186941,-1.4505768,-4.424774,-8.402756
2019-04-08 17:06:30,186961,-2.3184814,-3.6191254,-8.492538
2019-04-08 17:06:30,186982,-2.5291748,-3.0349426,-9.293396
2019-04-08 17:06:30,187001,-2.8918915,-1.2321014,-9.695618
2019-04-08 17:06:30,187021,-1.4410095,-2.2352753,-6.9506683
2019-04-08 17:06:30,187042,-1.0722961,-3.9279785,-7.446274
2019-04-08 17:06:30,187061,-2.0539246,-1.5637054,-6.9638367
2019-04-08 17:06:30,187081,-4.6683807,0.75268555,-8.092697
2019-04-08 17:06:30,187102,-5.1604004,3.7777557,-7.751526
2019-04-08 17:06:30,187121,-1.273407,0.13139343,-7.0619965
2019-04-08 17:06:30,187142,-0.16369629,-0.66467285,-6.659775
2019-04-08 17:06:30,187161,-2.672821,1.5008698,-6.969818
2019-04-08 17:06:30,187182,-2.6536713,-0.5222168,-6.6549835
2019-04-08 17:06:30,187201,-2.6045837,0.78022766,-6.474228
2019-04-08 17:06:30,187222,-2.890686,3.1037903,-8.764282
2019-04-08 17:06:30,187241,-0.85920715,0.5264435,-8.384796
2019-04-08 17:06:30,187262,-1.1477203,-1.4667358,-8.737946
2019-04-08 17:06:30,187282,-1.6109924,-1.7576294,-7.3864136
2019-04-08 17:06:30,187301,-3.0702515,-0.53060913,-6.7938538
2019-04-08 17:06:30,187322,-2.3771362,0.033233643,-7.5647736
2019-04-08 17:06:30,187341,-0.9537811,-0.8933258,-7.7371674
2019-04-08 17:06:30,187362,-0.5755005,-2.7967224,-9.286209
2019-04-08 17:06:30,187381,0.7281494,-5.1418304,-8.618225
2019-04-08 17:06:30,187402,0.027832031,-5.609909,-7.6006927
2019-04-08 17:06:30,187421,-2.822464,-2.0545197,-11.111786
2019-04-08 17:06:30,187442,-1.1884155,-2.7452393,-10.07869
2019-04-08 17:06:30,187461,0.24450684,-5.9594574,-7.538452
2019-04-08 17:06:30,187481,-1.0830688,-6.9638214,-7.6270294
2019-04-08 17:06:30,187501,-1.3452301,-6.768692,-8.131012
2019-04-08 17:06:30,187522,-0.921463,-4.985016,-9.05397
2019-04-08 17:06:30,187541,0.4372406,-5.2280273,-9.238327
2019-04-08 17:06:30,187561,0.7879944,-6.6418,-7.8137817
2019-04-08 17:06:30,187582,-0.21995544,-6.354492,-6.767517
2019-04-08 17:06:30,187601,-0.6832428,-6.164154,-7.617447
2019-04-08 17:06:30,187621,-0.466568,-7.45343,-10.926239
2019-04-08 17:06:30,187641,0.41809082,-11.408661,-12.714706
2019-04-08 17:06:30,187662,0.033828735,-13.632874,-11.863571
2019-04-08 17:06:30,187681,0.014663696,-11.233887,-9.477753
2019-04-08 17:06:30,187701,-0.37199402,-7.3792114,-7.727585
2019-04-08 17:06:30,187722,-0.4019165,-6.3820343,-7.1170654
2019-04-08 17:06:30,187741,0.08769226,-7.653351,-6.8644714
2019-04-08 17:06:30,187761,-0.44502258,-8.357254,-8.000519
2019-04-08 17:06:30,187782,-0.6760559,-8.296204,-8.564362
2019-04-08 17:06:30,187801,-1.1572876,-7.3600616,-8.608658
2019-04-08 17:06:30,187821,-1.4493866,-6.488571,-8.034042
2019-04-08 17:06:30,187842,-0.29058838,-8.594269,-7.4331055
2019-04-08 17:06:30,187861,-1.1022186,-8.686447,-7.309799
2019-04-08 17:06:30,187881,-0.94181824,-8.002899,-7.8532867
2019-04-08 17:06:30,187902,-0.46536255,-9.162903,-8.527252
2019-04-08 17:06:30,187921,0.07572937,-10.834045,-8.655334
2019-04-08 17:06:30,187941,-1.4182587,-8.488922,-9.393951
2019-04-08 17:06:31,187962,-1.4039001,-6.9913635,-8.99173
2019-04-08 17:06:31,187981,-0.43304443,-7.156555,-8.65654
2019-04-08 17:06:31,188002,-0.3899536,-7.835312,-8.645767
2019-04-08 17:06:31,188022,-0.86639404,-7.641388,-9.051575
2019-04-08 17:06:31,188042,-0.937027,-6.851288,-9.265854
2019-04-08 17:06:31,188061,-0.23432922,-6.9865723,-8.352478
2019-04-08 17:06:31,188082,-0.7814026,-6.2683105,-8.098694
2019-04-08 17:06:31,188102,-0.98609924,-4.724045,-7.929901
2019-04-08 17:06:31,188121,-0.48213196,-4.230835,-9.166504
2019-04-08 17:06:31,188142,-0.79696655,-4.818619,-11.531967
2019-04-08 17:06:31,188161,-0.8675995,-5.7116547,-11.154892
2019-04-08 17:06:31,188181,-0.9394226,-6.361679,-10.167282
2019-04-08 17:06:31,188202,-1.2949524,-5.357315,-9.641754
2019-04-08 17:06:31,188222,-1.5367737,-3.8465729,-9.123413
2019-04-08 17:06:31,188241,-1.9832916,-3.4132233,-9.246704
2019-04-08 17:06:31,188262,-1.5140228,-3.5712433,-9.148544
2019-04-08 17:06:31,188281,-1.3260803,-1.9467773,-8.820541
2019-04-08 17:06:31,188302,-1.8049164,-1.0992279,-8.431488
2019-04-08 17:06:31,188321,-2.0658875,-0.8167114,-7.819763
2019-04-08 17:06:31,188341,-1.5295868,-1.2548523,-6.7962494
2019-04-08 17:06:31,188362,-2.2993317,0.27503967,-5.716461
2019-04-08 17:06:31,188381,-2.442978,0.9310608,-3.9399567
2019-04-08 17:06:31,188401,-1.8109131,2.4190521,-6.1569977
2019-04-08 17:06:31,188421,-1.3703766,1.7534637,-6.336563
2019-04-08 17:06:31,188442,-2.6788025,0.84965515,-8.4219055
2019-04-08 17:06:31,188461,-3.2474365,0.18048096,-9.682449
2019-04-08 17:06:31,188481,-2.6237335,-0.57489014,-8.748718
2019-04-08 17:06:31,188501,-1.925827,-0.38215637,-8.431488
2019-04-08 17:06:31,188522,-2.0862427,-0.3917389,-8.887573
2019-04-08 17:06:31,188541,-2.5746613,-0.22415161,-8.662521
2019-04-08 17:06:31,188561,-1.865982,-1.1854095,-7.921524
2019-04-08 17:06:31,188582,-1.3428345,-2.9978333,-6.119873
2019-04-08 17:06:31,188601,-1.446991,-2.7428436,-6.633438
2019-04-08 17:06:31,188621,-1.8420258,-1.3194885,-7.3852234
2019-04-08 17:06:31,188642,-0.9537811,-0.43603516,-7.155365
2019-04-08 17:06:31,188661,0.8478546,-1.7552338,-7.5360565
2019-04-08 17:06:31,188681,0.5617523,-3.716095,-10.028412
2019-04-08 17:06:31,188701,0.03262329,-6.8680573,-12.0550995
2019-04-08 17:06:31,188721,0.0206604,-8.954605,-9.4418335
2019-04-08 17:06:31,188742,-0.4198761,-7.914322,-9.621399
2019-04-08 17:06:31,188761,-1.4529724,-6.076767,-9.658508
2019-04-08 17:06:31,188781,-0.57310486,-5.2759094,-9.523239
2019-04-08 17:06:31,188802,0.8598175,-6.6082764,-9.106644
2019-04-08 17:06:31,188821,0.60842896,-8.269867,-8.791809
2019-04-08 17:06:31,188842,-0.6616974,-8.698425,-8.615829
2019-04-08 17:06:31,188861,-1.1489105,-7.4187164,-7.703644
2019-04-08 17:06:31,188882,-0.45100403,-7.2176056,-8.285431
2019-04-08 17:06:31,188902,0.05895996,-8.237534,-8.628998
2019-04-08 17:06:31,188922,-0.3444519,-8.672089,-9.05278
2019-04-08 17:06:31,188941,-1.2362976,-8.997696,-10.225937
2019-04-08 17:06:32,188962,-0.7825928,-9.502869,-10.207977
2019-04-08 17:06:32,188982,0.08050537,-8.782227,-8.949829
2019-04-08 17:06:32,189001,0.22775269,-6.9291077,-7.8760223
2019-04-08 17:06:32,189022,-0.114608765,-7.448654,-7.6545563
2019-04-08 17:06:32,189042,-0.78977966,-8.505692,-7.490555
2019-04-08 17:06:32,189061,-0.42585754,-8.0950775,-6.763916
2019-04-08 17:06:32,189082,-0.26185608,-7.5647736,-6.569992
2019-04-08 17:06:32,189101,-0.42825317,-7.366043,-6.3736725
2019-04-08 17:06:32,189122,-0.04878235,-7.7742615,-8.63858
2019-04-08 17:06:32,189141,0.041000366,-9.094666,-9.739914
2019-04-08 17:06:32,189162,-0.9693451,-9.307739,-9.828491
2019-04-08 17:06:32,189181,-1.0926514,-7.3480988,-10.079895
2019-04-08 17:06:32,189201,0.7951813,-8.642151,-9.460983
2019-04-08 17:06:32,189221,0.5892792,-7.9921265,-6.817795
2019-04-08 17:06:32,189241,-0.78738403,-7.0823364,-4.8090515
2019-04-08 17:06:32,189261,-1.5714874,-6.353302,-4.276352
2019-04-08 17:06:32,189281,-1.5571289,-6.5400543,-8.107071
2019-04-08 17:06:32,189301,-1.644516,-7.490555,-13.407837
2019-04-08 17:06:32,189322,-0.071517944,-8.059174,-12.170029
2019-04-08 17:06:32,189341,0.493515,-6.5603943,-11.084259
2019-04-08 17:06:32,189361,0.07333374,-4.866501,-11.071091
2019-04-08 17:06:32,189382,1.7720184,-7.0871277,-9.610626
2019-04-08 17:06:32,189401,0.87898254,-8.75827,-9.522034
2019-04-08 17:06:32,189421,-1.0914459,-6.2084503,-7.9394684
2019-04-08 17:06:32,189442,-0.8460388,-3.5197601,-6.696884
2019-04-08 17:06:32,189461,-0.71076965,-4.3110504,-6.7375793
2019-04-08 17:06:32,189481,-1.139328,-3.8178406,-6.2324066
2019-04-08 17:06:32,189502,-2.3388367,-1.1339417,-9.055176
2019-04-08 17:06:32,189521,-3.3707275,4.11055,-12.770966
2019-04-08 17:06:32,189541,-0.59825134,-0.8322754,-7.5312653
2019-04-08 17:06:32,189562,-0.6904144,-7.03685,-9.9517975
2019-04-08 17:06:32,189581,-1.5834656,-2.503418,-9.334091
2019-04-08 17:06:32,189601,-4.154831,-0.45159912,-7.3145905
2019-04-08 17:06:32,189622,-3.2019348,-1.8976898,-8.154953
2019-04-08 17:06:32,189642,-1.8959045,1.0806885,-6.4371185
2019-04-08 17:06:32,189662,-3.0115967,2.565094,-5.404007
2019-04-08 17:06:32,189681,-2.2478485,1.8600006,-5.305847
2019-04-08 17:06:32,189702,-2.921814,3.18161,-5.151428
2019-04-08 17:06:32,189721,-3.4377747,0.7107849,-6.2802887
2019-04-08 17:06:32,189742,-2.027588,-0.5222168,-8.150162
2019-04-08 17:06:32,189761,-3.4856567,-1.2452698,-9.393951
2019-04-08 17:06:32,189782,-1.494873,-0.9699402,-9.530426
2019-04-08 17:06:32,189801,-0.5348053,-0.71495056,-9.640549
2019-04-08 17:06:32,189822,-1.1836243,-0.9412079,-8.190872
2019-04-08 17:06:32,189841,-2.459732,-0.2720337,-8.255508
2019-04-08 17:06:32,189862,-1.6552887,-1.0932465,-6.968628
2019-04-08 17:06:32,189881,-1.2614441,-2.3717499,-6.9470825
2019-04-08 17:06:32,189901,-0.84843445,-2.5800323,-8.043625
2019-04-08 17:06:32,189922,0.57969666,-3.186966,-8.99173
2019-04-08 17:06:32,189941,0.51864624,-3.511383,-9.037216
2019-04-08 17:06:33,189962,-0.6664734,-4.4295654,-9.040802
2019-04-08 17:06:33,189981,-1.470932,-5.0305023,-9.165298
2019-04-08 17:06:33,190001,-0.9873047,-5.757141,-9.902725
2019-04-08 17:06:33,190022,-0.48332214,-7.172119,-10.190018
2019-04-08 17:06:33,190041,0.0027008057,-7.5731506,-10.391144
2019-04-08 17:06:33,190061,0.18226624,-8.098679,-9.40831
2019-04-08 17:06:33,190081,-0.5755005,-8.455414,-8.945038
2019-04-08 17:06:33,190102,-1.1261597,-7.009308,-7.7539215
2019-04-08 17:06:33,190121,0.024246216,-6.8129883,-6.7184296
2019-04-08 17:06:33,190141,0.26367188,-6.554413,-7.3038177
2019-04-08 17:06:33,190162,-0.08708191,-6.4430847,-8.561966
2019-04-08 17:06:33,190181,-0.30734253,-7.5527954,-10.324097
2019-04-08 17:06:33,190201,-0.7778168,-8.93306,-11.670837
2019-04-08 17:06:33,190222,-0.9908905,-9.571106,-10.716751
2019-04-08 17:06:33,190241,-1.2279205,-9.638153,-9.9122925
2019-04-08 17:06:33,190261,-0.30734253,-8.842072,-8.198044
2019-04-08 17:06:33,190282,-0.7706299,-8.16571,-6.999756
2019-04-08 17:06:33,190301,-0.39712524,-8.673279,-6.6477966
2019-04-08 17:06:33,190321,-0.8639984,-8.625397,-7.5480194
2019-04-08 17:06:33,190342,-1.1644745,-7.6641235,-8.172913
2019-04-08 17:06:33,190361,-1.3667908,-7.7598877,-8.667313
2019-04-08 17:06:33,190381,-2.0694885,-8.327316,-7.630615
2019-04-08 17:06:33,190402,-1.2362976,-7.4570312,-6.4969635
2019-04-08 17:06:33,190421,-0.5084686,-6.3353424,-7.214035
2019-04-08 17:06:33,190441,-0.28579712,-6.732788,-8.037643
2019-04-08 17:06:33,190462,-0.8017578,-6.088745,-8.063965
2019-04-08 17:06:33,190482,-0.87358093,-6.9326935,-6.6825104
2019-04-08 17:06:33,190501,-2.3903046,-8.364426,-8.589493
2019-04-08 17:06:33,190522,-2.1963806,-11.5056305,-13.449722
2019-04-08 17:06:33,190541,-0.8927307,-11.832428,-12.251434
2019-04-08 17:06:33,190561,-1.0926514,-4.9562836,-10.592255
2019-04-08 17:06:33,190582,0.1978302,-3.7340393,-7.5133057
2019-04-08 17:06:33,190601,-1.099823,-6.743561,-9.956589
2019-04-08 17:06:33,190622,-1.6720428,-7.4175262,-11.183624
2019-04-08 17:06:33,190641,-1.4026947,-6.4813843,-7.1481934
2019-04-08 17:06:33,190662,-1.6792297,-4.82341,-6.3150024
2019-04-08 17:06:33,190681,-1.0986328,-3.4539185,-8.40036
2019-04-08 17:06:33,190702,-1.0806732,-3.2312622,-8.627808
2019-04-08 17:06:33,190721,-1.110611,-3.6322937,-7.467819
2019-04-08 17:06:33,190742,-2.3005219,-1.6618652,-10.5252075
2019-04-08 17:06:33,190761,-1.3955078,-0.94599915,-12.696747
2019-04-08 17:06:33,190782,-0.4953003,-2.850586,-9.457397
2019-04-08 17:06:33,190801,-1.3260803,-4.826996,-12.338821
2019-04-08 17:06:33,190821,-1.0818787,-6.5364532,-6.198883
2019-04-08 17:06:33,190842,-4.383484,2.5938263,-8.909119
2019-04-08 17:06:33,190861,-3.5131836,3.7633972,-8.462601
2019-04-08 17:06:33,190881,-0.25587463,-3.784317,-6.6585693
2019-04-08 17:06:33,190902,-0.9597626,0.7431183,-5.9163666
2019-04-08 17:06:33,190921,-3.237854,2.968521,-4.6426544
2019-04-08 17:06:33,190942,-2.8212585,1.2614594,-5.94989
2019-04-08 17:06:34,190961,-2.514801,0.61502075,-5.000595
2019-04-08 17:06:34,190981,-2.4070587,0.7275543,-5.45549
2019-04-08 17:06:34,191002,-2.3101044,0.3744049,-7.822159
2019-04-08 17:06:34,191021,-2.5028381,-1.8581848,-9.913498
2019-04-08 17:06:34,191041,-1.0770874,-0.9615631,-9.13298
2019-04-08 17:06:34,191062,-0.42227173,0.47496033,-5.6853333
2019-04-08 17:06:34,191081,-3.2198944,-1.48349,-10.903488
2019-04-08 17:06:34,191101,-2.478897,-4.6785583,-13.600571
2019-04-08 17:06:34,191122,1.2716217,-3.7077026,-5.855316
2019-04-08 17:06:34,191141,-1.8647766,-1.4487762,-6.0229187
2019-04-08 17:06:34,191162,-3.031952,-1.0082397,-9.708786
2019-04-08 17:06:34,191181,-0.018844604,-2.553711,-8.351273
2019-04-08 17:06:34,191202,0.045791626,-4.09317,-6.965027
2019-04-08 17:06:34,191221,0.48632812,-5.2244415,-9.550766
2019-04-08 17:06:34,191241,-0.34207153,-6.440689,-9.52803
2019-04-08 17:06:34,191262,-1.9701233,-6.042053,-10.452194
2019-04-08 17:06:34,191281,-0.9406128,-7.388794,-10.461761
2019-04-08 17:06:34,191302,0.6706848,-8.333313,-9.07074
2019-04-08 17:06:34,191321,0.75209045,-8.623001,-7.1649475
2019-04-08 17:06:34,191342,-2.1042023,-6.037262,-8.808563
2019-04-08 17:06:34,191362,1.6989899,-9.423859,-10.799347
2019-04-08 17:06:34,191382,1.1303711,-13.298874,-12.761398
2019-04-08 17:06:34,191401,-0.1625061,-9.141342,-7.107483
2019-04-08 17:06:34,191422,-1.8396454,-4.17099,-5.0065765
2019-04-08 17:06:34,191441,-1.3093262,-4.3517456,-6.5053406
2019-04-08 17:06:34,191462,-0.41508484,-6.1114807,-7.419937
2019-04-08 17:06:34,191481,0.40612793,-9.437027,-8.777451
2019-04-08 17:06:34,191502,-1.3643951,-10.12178,-11.539154
2019-04-08 17:06:34,191521,-0.99328613,-9.777008,-11.488876
2019-04-08 17:06:34,191541,-0.9597626,-9.945801,-10.922653
2019-04-08 17:06:34,191562,-0.37078857,-11.249451,-9.56633
2019-04-08 17:06:34,191581,-0.20201111,-9.66687,-7.538452
2019-04-08 17:06:34,191602,0.4839325,-7.7862244,-6.9434814
2019-04-08 17:06:34,191621,0.9843292,-8.614624,-6.8441315
2019-04-08 17:06:34,191641,0.47434998,-8.819336,-6.890808
2019-04-08 17:06:34,191662,-1.0890503,-5.290283,-7.870041
2019-04-08 17:06:34,191681,-1.1896057,-4.419983,-7.5995026
2019-04-08 17:06:34,191702,-1.8360443,-5.0065613,-7.4175415
2019-04-08 17:06:34,191721,-1.0303955,-5.65419,-8.63858
2019-04-08 17:06:34,191741,0.6682892,-6.8979797,-8.560776
2019-04-08 17:06:34,191762,0.4647827,-7.7108154,-7.756317
2019-04-08 17:06:34,191781,-0.2786255,-7.6940613,-9.411911
2019-04-08 17:06:34,191801,-0.02961731,-6.6166687,-10.380356
2019-04-08 17:06:34,191822,-0.6509247,-6.233597,-11.340439
2019-04-08 17:06:34,191841,-1.3009491,-6.2216187,-11.123764
2019-04-08 17:06:34,191861,-0.91667175,-6.021698,-10.203186
2019-04-08 17:06:34,191882,-1.0447693,-5.0460663,-9.677658
2019-04-08 17:06:34,191901,-1.5523376,-3.7831268,-9.893143
2019-04-08 17:06:34,191921,-0.93104553,-4.7863007,-9.293396
2019-04-08 17:06:34,191941,-0.18284607,-5.23761,-7.6342163
2019-04-08 17:06:35,191961,-0.4881134,-3.4180145,-7.1924896
2019-04-08 17:06:35,191982,-0.9082947,-2.7775574,-6.649002
2019-04-08 17:06:35,192001,-2.444168,-3.8166504,-6.9901733
2019-04-08 17:06:35,192021,-7.482773,5.0897827,-14.660004
2019-04-08 17:06:35,192042,0.91249084,-0.51504517,-5.0927734
2019-04-08 17:06:35,192061,0.2492981,-10.134949,-10.011658
2019-04-08 17:06:35,192081,-1.9042816,-0.96754456,-8.425491
2019-04-08 17:06:35,192102,-4.352356,4.9221954,-6.933914
2019-04-08 17:06:35,192121,-4.0111847,1.0603485,-6.874054
2019-04-08 17:06:35,192142,-0.30256653,-1.1878052,-5.6458282
2019-04-08 17:06:35,192162,-0.52163696,0.1984253,-4.9515076
2019-04-08 17:06:35,192181,-3.3934784,1.3105316,-6.092346
2019-04-08 17:06:35,192202,-3.0439148,2.125763,-7.483383
2019-04-08 17:06:35,192222,-1.6421204,1.1620941,-7.58992
2019-04-08 17:06:35,192241,-1.83844,0.047592163,-7.2667084
2019-04-08 17:06:35,192262,-1.1285553,-1.2344971,-9.062347
2019-04-08 17:06:35,192281,-0.5719147,-2.3322449,-7.744339
2019-04-08 17:06:35,192302,-1.7797852,-1.9384003,-9.32692
2019-04-08 17:06:35,192321,-2.1760254,-1.6367188,-9.221573
2019-04-08 17:06:35,192342,-1.2482758,-2.7296753,-8.267487
2019-04-08 17:06:35,192361,-1.4050903,-3.6502533,-8.681671
2019-04-08 17:06:35,192382,-1.4098816,-3.9363556,-8.370422
2019-04-08 17:06:35,192401,-1.7594299,-3.4096375,-9.7052
2019-04-08 17:06:35,192421,0.12121582,-4.2919006,-8.127411
2019-04-08 17:06:35,192442,-0.7658386,-4.8042603,-8.38121
2019-04-08 17:06:35,192461,-0.8233032,-4.1769714,-10.197205
2019-04-08 17:06:35,192481,-0.1457367,-7.1290283,-7.4965515
2019-04-08 17:06:35,192502,-1.3009491,-6.4454803,-8.467392
2019-04-08 17:06:35,192521,-0.3396759,-7.413925,-10.191223
2019-04-08 17:06:35,192541,1.1878357,-9.2730255,-9.440643
2019-04-08 17:06:35,192562,0.7089844,-8.182465,-9.372406
2019-04-08 17:06:35,192581,0.064941406,-9.323303,-10.158905
2019-04-08 17:06:35,192601,0.045791626,-9.414291,-9.135376
2019-04-08 17:06:35,192621,0.4731598,-8.49971,-7.9131317
2019-04-08 17:06:35,192642,-0.466568,-7.4414673,-7.601898
2019-04-08 17:06:35,192661,-0.9873047,-6.100708,-7.4259186
2019-04-08 17:06:35,192681,-1.0232086,-7.5420227,-9.186859
2019-04-08 17:06:35,192702,-0.58029175,-9.4466095,-11.417053
2019-04-08 17:06:35,192721,-0.2319336,-10.606598,-11.328461
2019-04-08 17:06:35,192741,-1.391922,-9.423859,-10.4019165
2019-04-08 17:06:35,192762,-1.3224945,-7.9909363,-8.126221
2019-04-08 17:06:35,192781,-0.32530212,-7.744339,-4.6474457
2019-04-08 17:06:35,192801,0.28401184,-7.828125,-4.913208
2019-04-08 17:06:35,192822,0.3055725,-9.134171,-8.293808
2019-04-08 17:06:35,192841,-0.7454834,-9.377182,-11.209946
2019-04-08 17:06:35,192862,-1.0327911,-8.557159,-10.298965
2019-04-08 17:06:35,192881,-0.39593506,-7.692856,-8.99292
2019-04-08 17:06:35,192901,-0.506073,-6.7902374,-8.24234
2019-04-08 17:06:35,192922,-0.3336792,-6.6011047,-8.63739
2019-04-08 17:06:35,192941,0.43963623,-7.4785767,-8.862442
2019-04-08 17:06:36,192962,0.041000366,-6.767502,-8.279449
2019-04-08 17:06:36,192982,-0.5024719,-5.8816376,-7.7658997
2019-04-08 17:06:36,193001,-0.63775635,-6.0911407,-7.5803375
2019-04-08 17:06:36,193022,-0.59225464,-7.0033264,-10.263046
2019-04-08 17:06:36,193042,-0.114608765,-6.88002,-10.150513
2019-04-08 17:06:36,193061,0.07810974,-5.9055786,-10.032013
2019-04-08 17:06:36,193082,-0.802948,-5.234009,-11.464935
2019-04-08 17:06:36,193101,-0.7131653,-5.858902,-12.787735
2019-04-08 17:06:36,193122,-0.27383423,-6.5532227,-9.873993
2019-04-08 17:06:36,193141,-1.8899231,-5.0077667,-9.30896
2019-04-08 17:06:36,193162,-1.4134674,-2.795517,-8.880402
2019-04-08 17:06:36,193181,-1.2063751,-3.882492,-8.154953
2019-04-08 17:06:36,193201,-1.6947937,-2.9200134,-7.629425
2019-04-08 17:06:36,193222,-1.9545593,-1.0477448,-6.7100525
2019-04-08 17:06:36,193241,-2.190384,1.3368683,-7.217621
2019-04-08 17:06:36,193262,-2.0383606,0.5372162,-7.9047546
2019-04-08 17:06:36,193281,-1.9832916,-2.0425415,-7.9131317
2019-04-08 17:06:36,193302,-2.4896698,-0.305542,-8.411133
2019-04-08 17:06:36,193321,-3.498825,3.2378693,-7.862854
2019-04-08 17:06:36,193341,-1.494873,0.79100037,-6.110306
2019-04-08 17:06:36,193361,-1.2841797,-1.1818237,-6.3664856
2019-04-08 17:06:36,193382,-2.360382,0.69163513,-5.3812714
2019-04-08 17:06:36,193401,-2.6584625,0.8939514,-5.61351
2019-04-08 17:06:36,193422,-3.1229248,1.6744537,-8.277054
2019-04-08 17:06:36,193441,-2.6057892,-0.16070557,-7.498947
2019-04-08 17:06:36,193461,-0.8891449,-3.1103516,-10.108627
2019-04-08 17:06:36,193482,-1.9365997,-2.5010376,-9.165298
2019-04-08 17:06:36,193501,-1.446991,-1.6163788,-7.637802
2019-04-08 17:06:36,193521,-2.4776917,0.54678345,-8.965393
2019-04-08 17:06:36,193542,-0.82688904,-0.89811707,-7.3708496
2019-04-08 17:06:36,193561,0.8191223,-4.4463196,-5.079605
2019-04-08 17:06:36,193581,-0.30734253,-5.5536346,-6.6238556
2019-04-08 17:06:36,193602,-1.079483,-4.340973,-8.025665
2019-04-08 17:06:36,193621,-1.0818787,-3.1247253,-9.941025
2019-04-08 17:06:36,193642,1.655899,-5.0281067,-9.511261
2019-04-08 17:06:36,193661,0.14395142,-4.776718,-6.8249664
2019-04-08 17:06:36,193681,-2.4286194,-2.680603,-8.072357
2019-04-08 17:06:36,193702,-1.7342987,-4.123108,-11.135727
2019-04-08 17:06:36,193721,1.355423,-10.369568,-11.231506
2019-04-08 17:06:36,193741,1.5098572,-14.284088,-10.846039
2019-04-08 17:06:36,193762,-1.2698212,-12.820038,-11.078278
2019-04-08 17:06:36,193782,-0.9537811,-8.056778,-6.909973
2019-04-08 17:06:36,193801,-0.34684753,-5.5608215,-6.696884
2019-04-08 17:06:36,193822,0.35224915,-5.721237,-7.3026123
2019-04-08 17:06:36,193842,-0.14334106,-6.320984,-6.93631
2019-04-08 17:06:36,193861,-1.2985535,-6.749542,-7.8951874
2019-04-08 17:06:36,193882,-1.3332672,-8.36084,-10.989685
2019-04-08 17:06:36,193901,0.47914124,-13.635269,-13.288116
2019-04-08 17:06:36,193922,-1.367981,-14.188324,-11.411072
2019-04-08 17:06:36,193941,-1.3787537,-7.516876,-9.042007
2019-04-08 17:06:37,193962,0.75686646,-3.9196014,-4.756378
2019-04-08 17:06:37,193981,0.3977356,-5.1071167,-2.8709412
2019-04-08 17:06:37,194002,-1.2063751,-5.5680084,-4.379303
2019-04-08 17:06:37,194021,-1.4649506,-7.330139,-8.7187805
2019-04-08 17:06:37,194041,-0.9825134,-12.179596,-15.797241
2019-04-08 17:06:37,194062,-0.8065338,-12.824829,-11.274597
2019-04-08 17:06:37,194081,-0.28579712,-6.456253,-6.2587433
2019-04-08 17:06:37,194102,0.110443115,-4.0069885,-4.806656
2019-04-08 17:06:37,194121,-0.50128174,-5.0628204,-3.5078125
2019-04-08 17:06:37,194141,-0.7167511,-6.732788,-6.9674225
2019-04-08 17:06:37,194162,-1.3943176,-7.627014,-12.555496
2019-04-08 17:06:37,194181,-1.510437,-7.2834473,-13.532333
2019-04-08 17:06:37,194201,2.1562805,-10.211563,-9.672882
2019-04-08 17:06:37,194222,1.221344,-7.977768,-8.984543
2019-04-08 17:06:37,194241,-0.7012024,-5.9690247,-6.451477
2019-04-08 17:06:37,194261,-2.5686798,-6.154587,-9.671677
2019-04-08 17:06:37,194282,-2.8847046,-6.8058014,-16.533463
2019-04-08 17:06:37,194301,0.37260437,-7.411545,-9.793777
2019-04-08 17:06:37,194322,2.071289,-7.046417,-6.8872223
2019-04-08 17:06:37,194341,0.4827423,-3.471878,-6.3509216
2019-04-08 17:06:37,194361,-1.0339966,-2.6949615,-5.2783203
2019-04-08 17:06:37,194382,-3.3910828,-1.7767792,-6.0779877
2019-04-08 17:06:37,194401,-4.594162,-1.3937073,-8.886383
2019-04-08 17:06:37,194421,-3.6580353,-1.3542023,-9.208405
2019-04-08 17:06:37,194442,-0.02722168,-0.6946106,-9.623795
2019-04-08 17:06:37,194461,0.30795288,-3.43956,-8.309372
2019-04-08 17:06:37,194481,-3.2007446,-2.8565674,-9.62619
2019-04-08 17:06:37,194502,-4.918579,3.7394562,-11.197983
2019-04-08 17:06:37,194521,-3.7980957,2.2382965,-8.839691
2019-04-08 17:06:37,194541,-0.42825317,-5.0903625,-8.889969
2019-04-08 17:06:37,194562,-0.36601257,-3.2564087,-6.581955
2019-04-08 17:06:37,194581,-3.0020294,3.8675385,-3.8118744
2019-04-08 17:06:37,194602,-3.182785,3.6412964,-3.410843
2019-04-08 17:06:37,194622,-1.288971,-0.051757812,-4.4499207
2019-04-08 17:06:37,194641,-2.0658875,-0.5389862,-5.2124786
2019-04-08 17:06:37,194662,-2.8930817,2.221527,-6.4873962
2019-04-08 17:06:37,194681,-2.387909,1.6373444,-8.7535095
2019-04-08 17:06:37,194702,0.13438416,-0.6575012,-8.924683
2019-04-08 17:06:37,194721,-0.69281006,-2.6793976,-10.981308
2019-04-08 17:06:37,194741,-1.3859406,-4.099167,-10.978912
2019-04-08 17:06:37,194762,-0.82569885,-4.234436,-9.729141
2019-04-08 17:06:37,194781,-2.6764069,-2.067688,-12.797302
2019-04-08 17:06:37,194802,-0.22235107,-3.5652466,-8.133408
2019-04-08 17:06:37,194821,0.40612793,-4.226059,-4.58519
2019-04-08 17:06:37,194841,-1.7055664,-2.396881,-5.94989
2019-04-08 17:06:37,194862,-2.3903046,-1.5062408,-8.262695
2019-04-08 17:06:37,194881,-0.9873047,-5.271118,-10.127777
2019-04-08 17:06:37,194902,2.3190918,-9.3675995,-9.421478
2019-04-08 17:06:37,194921,-1.1141968,-7.132614,-10.348038
2019-04-08 17:06:37,194941,-1.6265564,-5.6410217,-8.83371
2019-04-08 17:06:38,194962,-1.3931274,-7.5025177,-8.581116
2019-04-08 17:06:38,194981,-1.6708527,-9.571106,-10.868774
2019-04-08 17:06:38,195002,2.3178864,-15.252548,-11.929413
2019-04-08 17:06:38,195021,1.5852661,-14.01355,-12.275375
2019-04-08 17:06:38,195041,-0.17686462,-9.140152,-10.289383
2019-04-08 17:06:38,195062,-0.2941742,-8.466187,-9.386765
2019-04-08 17:06:38,195081,-0.7131653,-6.7315826,-6.8477173
2019-04-08 17:06:38,195101,-2.5171967,-2.8733368,-4.2715607
2019-04-08 17:06:38,195122,-3.2953186,-1.2297058,-4.265564
2019-04-08 17:06:38,195141,0.96995544,-6.020508,-6.2515564
2019-04-08 17:06:38,195162,1.9910889,-8.828903,-9.493317
2019-04-08 17:06:38,195181,-0.04638672,-8.509277,-13.024765
2019-04-08 17:06:38,195201,-1.6409149,-7.0655823,-13.191162
2019-04-08 17:06:38,195221,-0.7885895,-9.481323,-10.448593
2019-04-08 17:06:38,195242,0.4875183,-16.143188,-6.218048
2019-04-08 17:06:38,195261,-0.020050049,-14.184738,-9.204803
2019-04-08 17:06:38,195282,-0.5312042,-9.72673,-7.6234436
2019-04-08 17:06:38,195301,-2.1963806,-6.7387695,-5.984604
2019-04-08 17:06:38,195321,-1.4517822,-6.1067047,-5.71286
2019-04-08 17:06:38,195342,-0.010467529,-5.471039,-7.158966
2019-04-08 17:06:38,195361,-1.1884155,-4.033325,-8.16333
2019-04-08 17:06:38,195381,-1.6325378,-3.8836823,-7.7730713
2019-04-08 17:06:38,195402,0.7042084,-6.894394,-7.483383
2019-04-08 17:06:38,195421,0.45040894,-7.47139,-7.0224915
2019-04-08 17:06:38,195442,-0.9082947,-4.989807,-6.625061
2019-04-08 17:06:38,195462,-1.407486,-4.25,-5.352539
2019-04-08 17:06:38,195481,-1.1309509,-5.8696747,-6.5089417
2019-04-08 17:06:38,195502,-1.7642212,-7.47139,-11.050735
2019-04-08 17:06:38,195521,-0.9693451,-7.1685333,-14.524719
2019-04-08 17:06:38,195542,1.631958,-7.0153046,-11.812088
2019-04-08 17:06:38,195561,0.45640564,-6.392807,-10.953781
2019-04-08 17:06:38,195581,-0.65930176,-4.4451294,-7.6737213
2019-04-08 17:06:38,195602,-1.0136414,-3.77594,-5.7691345
2019-04-08 17:06:38,195621,-1.4685364,-4.3421783,-6.02771
2019-04-08 17:06:38,195642,-2.4681091,-3.5568695,-6.731598
2019-04-08 17:06:38,195661,-2.925415,-1.7288971,-7.3157806
2019-04-08 17:06:38,195681,-1.1752472,-1.1519012,-8.554779
2019-04-08 17:06:38,195702,0.8526459,-2.8386078,-6.60231
2019-04-08 17:06:38,195721,-0.31573486,-3.1055603,-6.7016754
2019-04-08 17:06:38,195742,-3.368332,-0.16070557,-9.022842
2019-04-08 17:06:38,195761,-5.4153748,1.8300781,-10.502472
2019-04-08 17:06:38,195781,-3.2031403,0.42468262,-9.70639
2019-04-08 17:06:38,195802,0.8406677,-3.9591064,-9.7782135
2019-04-08 17:06:38,195821,-1.0184326,-1.6427155,-9.523239
2019-04-08 17:06:38,195842,-2.7063446,-1.2883606,-7.84729
2019-04-08 17:06:38,195861,-2.9409637,-2.278366,-6.1797333
2019-04-08 17:06:38,195881,-4.944916,1.7941742,-8.311768
2019-04-08 17:06:38,195902,-3.0918121,3.8364258,-7.3876038
2019-04-08 17:06:38,195921,-0.19122314,2.7099457,-5.2124786
2019-04-08 17:06:38,195941,-0.9513855,-2.4411774,-6.3988037
2019-04-08 17:06:39,195962,-5.904999,-1.5170135,-9.338882
2019-04-08 17:06:39,195981,-2.9517517,-0.60362244,-7.075165
2019-04-08 17:06:39,196001,-1.5176239,1.4913025,-6.5292816
2019-04-08 17:06:39,196021,-2.0610962,2.6620636,-10.073898
2019-04-08 17:06:39,196041,2.189804,-3.2468262,-7.92511
2019-04-08 17:06:39,196062,-0.7730255,-6.154587,-7.336136
2019-04-08 17:06:39,196081,-2.1197662,-4.0261383,-8.706818
2019-04-08 17:06:39,196101,-2.0383606,0.5946655,-10.831665
2019-04-08 17:06:39,196122,1.3757782,-1.6750336,-10.496475
2019-04-08 17:06:39,196141,0.79039,-6.6154633,-11.332062
2019-04-08 17:06:39,196161,0.074523926,-11.689972,-13.364731
2019-04-08 17:06:39,196182,-1.4900818,-10.374359,-8.255508
2019-04-08 17:06:39,196201,-2.8404083,-3.8214264,-8.514084
2019-04-08 17:06:39,196221,-1.1333466,-2.1347198,-11.694778
2019-04-08 17:06:39,196242,3.3486023,-8.332108,-6.4059906
2019-04-08 17:06:39,196261,0.43844604,-8.820526,-6.6549835
2019-04-08 17:06:39,196282,-0.96336365,-8.719971,-7.549225
2019-04-08 17:06:39,196302,-0.13616943,-9.244293,-9.429871
2019-04-08 17:06:39,196321,0.4731598,-10.243881,-12.23587
2019-04-08 17:06:39,196342,-0.708374,-8.37999,-10.478531
2019-04-08 17:06:39,196361,-1.2877808,-6.420334,-7.423523
2019-04-08 17:06:39,196382,-0.79815674,-6.9518585,-7.384018
2019-04-08 17:06:39,196401,-0.31573486,-8.962982,-8.711609
2019-04-08 17:06:39,196422,-0.8137207,-9.775818,-9.292191
2019-04-08 17:06:39,196441,-0.64253235,-10.014038,-9.136581
2019-04-08 17:06:39,196462,-0.32650757,-9.84404,-9.502884
2019-04-08 17:06:39,196481,-0.2714386,-7.316971,-8.523666
2019-04-08 17:06:39,196501,-0.07749939,-5.5919495,-5.996582
2019-04-08 17:06:39,196522,-1.2805939,-4.6677856,-4.4523163
2019-04-08 17:06:39,196541,-0.74668884,-6.136627,-5.187332
2019-04-08 17:06:39,196562,-0.7335205,-8.961777,-8.980957
2019-04-08 17:06:39,196581,-0.7407074,-11.566681,-11.953354
2019-04-08 17:06:39,196601,-0.38276672,-10.780182,-9.72435
2019-04-08 17:06:39,196622,-0.30256653,-7.220001,-8.867233
2019-04-08 17:06:39,196641,0.34028625,-7.6042786,-8.2243805
2019-04-08 17:06:39,196662,-0.30136108,-8.503296,-9.240723
2019-04-08 17:06:39,196681,-0.64971924,-7.287033,-8.827728
2019-04-08 17:06:39,196701,-0.92385864,-5.875656,-7.9765778
2019-04-08 17:06:39,196722,-0.88435364,-5.4028015,-8.298599
2019-04-08 17:06:39,196741,-0.0032806396,-5.965439,-7.8496857
2019-04-08 17:06:39,196761,-0.4773407,-6.423935,-8.188477
2019-04-08 17:06:39,196782,-1.9054718,-4.7970734,-9.391556
2019-04-08 17:06:39,196801,-0.90589905,-3.6191254,-9.554367
2019-04-08 17:06:39,196821,-0.17567444,-4.579193,-10.07869
2019-04-08 17:06:39,196842,-0.43423462,-6.116272,-11.478104
2019-04-08 17:06:39,196861,-0.5862732,-6.0899353,-10.867584
2019-04-08 17:06:39,196881,-0.84843445,-4.977829,-9.56514
2019-04-08 17:06:39,196902,-2.0551147,-4.530121,-10.093063
2019-04-08 17:06:39,196921,-2.688385,-4.317032,-11.077072
2019-04-08 17:06:39,196941,-2.1796112,-3.9004364,-9.495712
2019-04-08 17:06:40,196962,-1.2554474,-2.3358307,-7.3457184
2019-04-08 17:06:40,196982,-1.5702972,-0.7460785,-6.6825104
2019-04-08 17:06:40,197001,-1.526001,1.4637604,-4.9275665
2019-04-08 17:06:40,197021,-3.6029663,2.221527,-7.088333
2019-04-08 17:06:40,197042,-2.9421692,-0.17027283,-7.8125763
2019-04-08 17:06:40,197061,-1.6373291,-3.5951843,-9.62738
2019-04-08 17:06:40,197082,-2.703949,-0.40730286,-9.399933
2019-04-08 17:06:40,197101,-2.5100098,2.7901611,-5.506958
2019-04-08 17:06:40,197122,-1.4505768,0.5396118,-5.5009766
2019-04-08 17:06:40,197141,-1.9521637,0.17448425,-4.063263
2019-04-08 17:06:40,197161,-4.4648743,3.0403442,-8.1250305
2019-04-08 17:06:40,197183,-2.9242096,2.4789124,-8.473373
2019-04-08 17:06:40,197201,1.157898,-2.6111603,-6.7064667
2019-04-08 17:06:40,197221,-2.5997925,-1.7959442,-7.989746
2019-04-08 17:06:40,197242,-2.8344269,-0.7772064,-7.798218
2019-04-08 17:06:40,197261,-1.2075653,-2.2268982,-5.39563
2019-04-08 17:06:40,197281,-3.8830872,-0.5653229,-10.683228
2019-04-08 17:06:40,197302,-2.6596527,2.5986176,-14.694717
2019-04-08 17:06:40,197321,5.067627,-5.97023,-5.9630585
2019-04-08 17:06:40,197341,-3.191162,-8.330917,-11.212341
2019-04-08 17:06:40,197362,-2.521988,-8.371613,-10.701187
2019-04-08 17:06:40,197381,-0.7023926,-5.0424805,-7.7527313
2019-04-08 17:06:40,197401,-0.4809265,-3.4299774,-7.3732452
2019-04-08 17:06:40,197422,0.3247223,-3.5257568,-7.047638
2019-04-08 17:06:40,197442,0.41809082,-5.1705627,-7.1805115
2019-04-08 17:06:40,197461,-0.50486755,-6.4059753,-8.589493
2019-04-08 17:06:40,197481,-0.51205444,-8.02446,-9.646545
2019-04-08 17:06:40,197501,-0.4881134,-7.637787,-9.373596
2019-04-08 17:06:40,197522,-0.2642517,-7.551605,-9.040802
2019-04-08 17:06:40,197541,-0.057159424,-8.792999,-8.924683
2019-04-08 17:06:40,197561,-0.5024719,-9.894333,-9.666885
2019-04-08 17:06:40,197581,-1.095047,-10.386337,-10.373184
2019-04-08 17:06:40,197602,-1.6696472,-11.11058,-10.643723
2019-04-08 17:06:40,197621,-0.44502258,-10.502457,-9.329315
2019-04-08 17:06:40,197641,0.9029236,-8.530823,-7.916733
2019-04-08 17:06:40,197662,0.15592957,-6.420334,-8.290222
2019-04-08 17:06:40,197681,-0.93104553,-5.98938,-8.705612
2019-04-08 17:06:40,197701,-1.2614441,-6.546036,-7.0608063
2019-04-08 17:06:40,197722,-1.3105164,-5.898407,-5.624283
2019-04-08 17:06:40,197741,-0.5395813,-5.863693,-5.7451935
2019-04-08 17:06:40,197761,0.02545166,-7.978958,-8.119034
2019-04-08 17:06:40,197782,-0.6736603,-9.040787,-9.960175
2019-04-08 17:06:40,197801,0.12121582,-9.125793,-9.562744
2019-04-08 17:06:40,197822,0.10444641,-9.696808,-10.091858
2019-04-08 17:06:40,197841,-1.3787537,-9.419083,-8.703217
2019-04-08 17:06:40,197861,-0.100250244,-9.415482,-7.7850494
2019-04-08 17:06:40,197882,0.3283081,-9.794968,-9.192841
2019-04-08 17:06:40,197901,-0.51205444,-8.198029,-8.690063
2019-04-08 17:06:40,197921,-1.0327911,-5.9594574,-7.0763702
2019-04-08 17:06:40,197941,-1.0124359,-5.448288,-6.772293
2019-04-08 17:06:41,197961,-0.97532654,-6.2084503,-7.9466553
2019-04-08 17:06:41,197981,-1.194397,-5.700882,-8.842087
2019-04-08 17:06:41,198002,-0.8352661,-4.5576477,-8.733154
2019-04-08 17:06:41,198021,-0.20559692,-4.202118,-8.350082
2019-04-08 17:06:41,198042,0.027832031,-5.65419,-9.009689
2019-04-08 17:06:41,198061,-0.59225464,-6.7794647,-9.805756
2019-04-08 17:06:41,198081,-1.1249695,-6.479004,-9.858429
2019-04-08 17:06:41,198102,-1.7211304,-5.47583,-11.475708
2019-04-08 17:06:41,198121,-1.8755493,-5.5883484,-11.921036
2019-04-08 17:06:41,198141,-1.1656647,-5.3237915,-10.622177
2019-04-08 17:06:41,198162,-1.1429291,-4.123108,-9.695618
2019-04-08 17:06:41,198181,-1.8372498,-3.3880768,-9.956589
2019-04-08 17:06:41,198201,-2.284958,-1.8581848,-8.515274
2019-04-08 17:06:41,198221,-1.9593506,-1.3027344,-5.9235535
2019-04-08 17:06:41,198241,-1.8731537,-1.6498871,-5.644638
2019-04-08 17:06:41,198261,-1.8611908,-0.6084137,-5.529709
2019-04-08 17:06:41,198282,-3.0259705,1.7905731,-6.581955
2019-04-08 17:06:41,198301,-2.9553375,2.726715,-7.763504
2019-04-08 17:06:41,198321,-1.5247955,-0.13316345,-8.751114
2019-04-08 17:06:41,198342,-1.9054718,-0.39653015,-7.8281403
2019-04-08 17:06:41,198361,-2.2765808,0.37200928,-8.285431
2019-04-08 17:06:41,198381,-3.06427,0.51805115,-7.4414825
2019-04-08 17:06:41,198401,-3.7729492,1.1764679,-9.273041
2019-04-08 17:06:41,198422,-2.5315552,-0.2947693,-7.522888
2019-04-08 17:06:41,198441,-1.565506,-1.0704956,-7.459442
2019-04-08 17:06:41,198461,-2.1029968,-0.27442932,-6.77948
2019-04-08 17:06:41,198482,-2.8104858,1.0340118,-5.802643
2019-04-08 17:06:41,198501,-1.9234314,0.59347534,-7.1685333
2019-04-08 17:06:41,198521,-1.2829895,-1.3362579,-8.905533
2019-04-08 17:06:41,198542,0.24690247,-3.7747498,-8.424301
2019-04-08 17:06:41,198561,0.40133667,-4.1338806,-8.668503
2019-04-08 17:06:41,198581,-0.7119751,-3.10318,-9.80217
2019-04-08 17:06:41,198602,-1.3248901,-2.6937714,-10.061935
2019-04-08 17:06:41,198621,-0.90948486,-3.9471283,-8.99292
2019-04-08 17:06:41,198641,-0.7957611,-5.3824463,-8.503311
2019-04-08 17:06:41,198662,-0.8137207,-6.1773224,-8.615829
2019-04-08 17:06:41,198681,-0.5168457,-6.3114014,-7.7347717
2019-04-08 17:06:41,198701,-0.7442932,-6.3748474,-9.507675
2019-04-08 17:06:41,198722,-0.6329651,-7.2212067,-9.458588
2019-04-08 17:06:41,198742,0.26846313,-7.0188904,-6.719635
2019-04-08 17:06:41,198761,-0.94540405,-5.9678345,-6.9195404
2019-04-08 17:06:41,198782,-1.2793884,-5.530899,-8.253113
2019-04-08 17:06:41,198801,0.28163147,-7.4019623,-8.994125
2019-04-08 17:06:41,198822,0.47555542,-10.800537,-11.268616
2019-04-08 17:06:41,198841,-0.6664734,-13.550278,-12.812866
2019-04-08 17:06:41,198862,-1.1429291,-11.984467,-10.982498
2019-04-08 17:06:41,198881,-0.35882568,-8.698425,-8.676895
2019-04-08 17:06:41,198902,-0.5359955,-5.8960114,-7.3109894
2019-04-08 17:06:41,198921,-0.35643005,-5.89003,-4.9048157
2019-04-08 17:06:41,198942,-0.7059784,-7.2056427,-5.1813507
2019-04-08 17:06:42,198961,-1.7498627,-7.2104187,-7.466614
2019-04-08 17:06:42,198982,-0.5671234,-8.401535,-9.313751
2019-04-08 17:06:42,199001,-0.5934601,-9.501678,-10.583862
2019-04-08 17:06:42,199021,-0.8532257,-7.9250946,-8.857651
2019-04-08 17:06:42,199042,-0.3911438,-7.0153046,-7.9035645
2019-04-08 17:06:42,199061,-0.48332214,-8.478149,-7.395996
2019-04-08 17:06:42,199081,-0.76464844,-9.261063,-6.3341675
2019-04-08 17:06:42,199101,-0.6150055,-8.971359,-8.7187805
2019-04-08 17:06:42,199122,-0.40431213,-8.860031,-9.9913025
2019-04-08 17:06:42,199141,-0.77542114,-7.476181,-9.80217
2019-04-08 17:06:42,199161,-0.71795654,-6.546036,-8.445847
2019-04-08 17:06:42,199181,-0.59106445,-5.6637726,-7.150589
2019-04-08 17:06:42,199202,-0.9190674,-5.2208405,-8.10228
2019-04-08 17:06:42,199221,-0.708374,-6.0743713,-9.586685
2019-04-08 17:06:42,199241,-0.008071899,-7.052414,-9.750687
2019-04-08 17:06:42,199262,0.7185669,-6.46463,-8.784622
2019-04-08 17:06:42,199281,0.13917542,-5.3034515,-9.014465
2019-04-08 17:06:42,199301,-0.38635254,-5.6434174,-9.428665
2019-04-08 17:06:42,199321,-1.288971,-6.246765,-11.086655
2019-04-08 17:06:42,199342,-1.6816254,-6.0635986,-11.575073
2019-04-08 17:06:42,199361,-1.0603333,-5.9642487,-10.502472
2019-04-08 17:06:42,199381,-0.96336365,-5.743973,-10.348038
2019-04-08 17:06:42,199402,-1.328476,-4.4846344,-8.965393
2019-04-08 17:06:42,199421,-2.5758514,-3.1809845,-9.121017
2019-04-08 17:06:42,199441,-2.6824036,-2.7584076,-8.7966
2019-04-08 17:06:42,199462,-2.1736298,-2.269989,-6.799835
2019-04-08 17:06:42,199481,-1.9976501,-0.6119995,-7.2678986
2019-04-08 17:06:42,199501,-2.6536713,0.62579346,-6.69928
2019-04-08 17:06:42,199522,-2.1173706,-0.55215454,-7.099106
2019-04-08 17:06:42,199542,-1.5271912,-1.0345764,-7.3301544
2019-04-08 17:06:42,199561,-2.3531952,0.5886841,-8.002914
2019-04-08 17:06:42,199581,-2.921814,0.63298035,-8.47937
2019-04-08 17:06:42,199602,-2.0227966,2.039566,-6.1881104
2019-04-08 17:06:42,199622,-0.47373962,0.23075867,-7.8101807
2019-04-08 17:06:42,199641,-1.8001404,-1.0561371,-6.772293
2019-04-08 17:06:42,199662,-3.6903534,0.2666626,-8.43866
2019-04-08 17:06:42,199681,-3.7825317,1.0064697,-8.591888
2019-04-08 17:06:42,199702,-1.1034241,1.2865906,-7.8999634
2019-04-08 17:06:42,199721,-0.94181824,0.91908264,-6.9087677
2019-04-08 17:06:42,199742,-0.976532,-2.1347198,-3.786728
2019-04-08 17:06:42,199761,-2.8607635,-1.6115875,-8.380005
2019-04-08 17:06:42,199782,-2.241867,-1.6989746,-7.3852234
2019-04-08 17:06:42,199801,-0.26306152,-2.2903442,-6.783081
2019-04-08 17:06:42,199821,-0.3839569,-0.9555664,-9.156921
2019-04-08 17:06:42,199842,0.1116333,-0.855011,-9.556763
2019-04-08 17:06:42,199861,-0.06793213,-3.210907,-11.194397
2019-04-08 17:06:42,199881,-0.22834778,-6.792633,-10.926239
2019-04-08 17:06:42,199901,-1.494873,-7.555191,-9.614212
2019-04-08 17:06:42,199922,-0.8568115,-6.195282,-9.14975
2019-04-08 17:06:42,199941,-0.3983307,-5.75235,-9.123413
2019-04-08 17:06:43,199961,0.3869629,-8.079514,-8.514084
2019-04-08 17:06:43,199981,-0.28700256,-7.6868744,-7.685684
2019-04-08 17:06:43,200002,-0.17327881,-6.796234,-7.2918396
2019-04-08 17:06:43,200021,-0.3899536,-5.1813354,-6.978195
2019-04-08 17:06:43,200041,-0.59225464,-4.4570923,-7.972992
2019-04-08 17:06:43,200061,0.8921509,-8.707993,-7.5707703
2019-04-08 17:06:43,200082,-1.2722168,-10.648499,-10.952576
2019-04-08 17:06:43,200101,-1.0663147,-11.408661,-11.217133
2019-04-08 17:06:43,200121,-0.46296692,-10.2486725,-10.960953
2019-04-08 17:06:43,200142,0.069732666,-9.490906,-11.019608
2019-04-08 17:06:43,200161,0.1295929,-10.726318,-9.666885
2019-04-08 17:06:43,200181,-0.26185608,-9.510056,-7.9718018
2019-04-08 17:06:43,200202,-1.2901764,-6.3556976,-7.1158752
2019-04-08 17:06:43,200221,-2.0766602,-5.41597,-6.323395
2019-04-08 17:06:43,200241,-1.376358,-7.2654877,-6.431122
2019-04-08 17:06:43,200262,-0.39952087,-8.686447,-7.8724365
2019-04-08 17:06:43,200281,-1.1572876,-7.448654,-8.225586
2019-04-08 17:06:43,200301,-1.6301422,-4.677353,-6.4933777
2019-04-08 17:06:43,200322,-0.545578,-5.1310577,-7.1062927
2019-04-08 17:06:43,200341,-1.1764374,-7.658142,-8.939056
2019-04-08 17:06:43,200362,0.21099854,-11.423019,-11.372757
2019-04-08 17:06:43,200382,0.18585205,-12.560272,-12.270584
2019-04-08 17:06:43,200402,-1.031601,-8.539215,-11.178833
2019-04-08 17:06:43,200421,-0.16369629,-7.5288544,-6.2467804
2019-04-08 17:06:43,200441,0.17747498,-7.052414,-4.9395447
2019-04-08 17:06:43,200462,-1.163269,-5.673355,-6.2240295
2019-04-08 17:06:43,200481,-1.5690918,-5.0436707,-7.929901
2019-04-08 17:06:43,200502,-2.1053925,-5.2292175,-10.571899
2019-04-08 17:06:43,200521,-1.039978,-6.373657,-12.397476
2019-04-08 17:06:43,200542,1.0178375,-9.654907,-9.037216
2019-04-08 17:06:43,200561,-0.3504486,-7.172119,-10.484512
2019-04-08 17:06:43,200581,-1.431427,-4.021347,-10.448593
2019-04-08 17:06:43,200601,-1.4290314,-5.120285,-9.984116
2019-04-08 17:06:43,200622,-0.5886688,-5.1466217,-7.921524
2019-04-08 17:06:43,200641,-1.1213837,-5.075989,-8.370422
2019-04-08 17:06:43,200661,-2.3220673,-3.7735443,-9.777023
2019-04-08 17:06:43,200682,-2.7099304,-2.416031,-9.7782135
2019-04-08 17:06:43,200701,-1.6696472,-2.8098755,-8.869614
2019-04-08 17:06:43,200721,-0.67007446,-3.0971832,-7.612671
2019-04-08 17:06:43,200741,-0.69281006,-0.4384308,-6.3138123
2019-04-08 17:06:43,200762,-3.2486267,2.5794678,-7.0452423
2019-04-08 17:06:43,200781,-3.6939545,3.1648407,-7.712021
2019-04-08 17:06:43,200801,-1.7666168,-2.0449371,-8.259094
2019-04-08 17:06:43,200822,-1.5236053,0.06555176,-10.115799
2019-04-08 17:06:43,200841,-2.1664429,-0.55215454,-8.541611
2019-04-08 17:06:43,200861,-1.4529724,-1.0082397,-5.2447968
2019-04-08 17:06:43,200881,-3.2426453,2.1437225,-4.0608673
2019-04-08 17:06:43,200902,-4.146454,5.858322,-4.877289
2019-04-08 17:06:43,200921,-0.7849884,0.15892029,-7.6497803
2019-04-08 17:06:43,200941,-2.9912567,-2.5393372,-10.757446
2019-04-08 17:06:44,200961,-1.6768341,-2.0233917,-8.500916
2019-04-08 17:06:44,200982,-2.2430573,-1.2045746,-9.937439
2019-04-08 17:06:44,201001,-1.6361389,-1.7312927,-8.680481
2019-04-08 17:06:44,201021,-1.7941437,-1.6091919,-7.3517
2019-04-08 17:06:44,201042,-2.0934296,-1.3278656,-7.8257446
2019-04-08 17:06:44,201061,-1.095047,-1.9826813,-8.759491
2019-04-08 17:06:44,201081,-0.92385864,-2.3190765,-8.636185
2019-04-08 17:06:44,201102,-0.5934601,-3.4922333,-8.449432
2019-04-08 17:06:44,201121,-0.7263336,-3.396469,-6.9674225
2019-04-08 17:06:44,201142,-2.4022827,-4.275131,-8.080734
2019-04-08 17:06:44,201161,-2.6225433,-5.065216,-7.3349304
2019-04-08 17:06:44,201182,-0.9178772,-2.6075745,-4.0848083
2019-04-08 17:06:44,201201,-2.7027435,-0.5569458,-10.571899
2019-04-08 17:06:44,201221,0.62519836,-7.929886,-14.657608
2019-04-08 17:06:44,201242,3.1343231,-14.858704,-9.853638
2019-04-08 17:06:44,201261,-2.1664429,-8.729553,-9.038406
2019-04-08 17:06:44,201282,-3.6029663,-8.493713,-13.245026
2019-04-08 17:06:44,201301,-0.9801178,-7.445053,-10.033203
2019-04-08 17:06:44,201322,3.2348785,-5.645813,-6.9434814
2019-04-08 17:06:44,201341,1.3290863,-5.9510803,-7.004532
2019-04-08 17:06:44,201362,-1.7330933,-6.3640747,-7.1481934
2019-04-08 17:06:44,201381,-1.707962,-7.184082,-7.545624
2019-04-08 17:06:44,201402,-1.446991,-10.368378,-11.2877655
2019-04-08 17:06:44,201421,0.4336548,-10.249863,-12.111374
2019-04-08 17:06:44,201441,0.89094543,-7.1817017,-8.81456
2019-04-08 17:06:44,201461,0.013473511,-6.4071655,-8.160934
2019-04-08 17:06:44,201481,-2.6919708,-9.2682495,-11.768997
2019-04-08 17:06:44,201502,1.0298157,-13.7825165,-6.652588
2019-04-08 17:06:44,201521,-0.047576904,-8.048401,-4.619919
2019-04-08 17:06:44,201541,-1.5595093,-2.8230438,-3.9351654
2019-04-08 17:06:44,201562,0.01586914,-11.180008,-7.9765778
2019-04-08 17:06:44,201581,-0.25587463,-13.828003,-10.175659
2019-04-08 17:06:44,201601,-3.1887665,-6.708847,-9.944611
2019-04-08 17:06:44,201621,-0.9884949,-1.1602783,-6.154602
2019-04-08 17:06:44,201642,0.96276855,-7.685669,-7.8161774
2019-04-08 17:06:44,201661,-2.3651733,-6.5723724,-9.7854
2019-04-08 17:06:44,201681,-1.0184326,-10.113388,-11.408676
2019-04-08 17:06:44,201701,-0.010467529,-9.629761,-7.6509705
2019-04-08 17:06:44,201722,0.31993103,-6.8931885,-5.4578857
2019-04-08 17:06:44,201741,-3.1301117,-2.1849976,-6.896805
2019-04-08 17:06:44,201761,2.2101593,-7.4378815,-7.169739
2019-04-08 17:06:44,201782,-0.37078857,-9.980515,-10.253464
2019-04-08 17:06:44,201801,-3.6664124,-3.3198547,-9.7734375
2019-04-08 17:06:44,201821,-1.5966339,-2.498642,-11.864761
2019-04-08 17:06:44,201842,-0.8316803,-8.028046,-15.081375
2019-04-08 17:06:44,201861,0.19662476,-9.700394,-11.350021
2019-04-08 17:06:44,201881,0.6575165,-7.0440216,-7.455841
2019-04-08 17:06:44,201902,0.25050354,-5.0341034,-7.838913
2019-04-08 17:06:44,201921,-2.6692352,-2.3501892,-10.407898
2019-04-08 17:06:44,201941,-4.0375214,0.51805115,-9.806946
2019-04-08 17:06:45,201962,0.7784271,-2.4447632,-2.5980072
2019-04-08 17:06:45,201981,1.6965942,-7.563568,-4.906021
2019-04-08 17:06:45,202001,-5.4153748,-2.2316895,-17.770065
2019-04-08 17:06:45,202022,-2.4465637,0.76945496,-4.6462555
2019-04-08 17:06:45,202042,-1.7259064,-7.8807983,-10.952576
2019-04-08 17:06:45,202061,0.9711609,-0.17027283,-7.1649475
2019-04-08 17:06:45,202081,-4.4445343,6.2186584,-10.966934
2019-04-08 17:06:45,202101,-4.36911,0.012878418,-11.814484
2019-04-08 17:06:45,202122,1.2596588,-3.198944,-9.368805
2019-04-08 17:06:45,202141,-1.470932,-1.3661804,-5.459076
2019-04-08 17:06:45,202162,-5.4093933,0.872406,-3.882492
2019-04-08 17:06:45,202181,-7.249344,6.9225464,-6.747162
2019-04-08 17:06:45,202202,0.100860596,0.30737305,-4.3816833
2019-04-08 17:06:45,202221,0.5844879,-7.9203033,-0.87179565
2019-04-08 17:06:45,202241,-5.59375,-0.32110596,-3.1450806
2019-04-08 17:06:45,202261,-6.6639557,11.175842,-11.846817
2019-04-08 17:06:45,202281,-1.4529724,9.92009,-16.465225
2019-04-08 17:06:45,202302,9.964966,-11.081848,-5.2124786
2019-04-08 17:06:45,202321,-6.104904,-14.426544,-12.009613
2019-04-08 17:06:45,202341,-6.804016,6.1480255,-5.2843018
2019-04-08 17:06:45,202362,-5.35553,5.9193726,-13.256989
2019-04-08 17:06:45,202381,4.5277405,-5.6709595,-9.330505
2019-04-08 17:06:45,202401,2.7320862,-12.19516,-13.183975
2019-04-08 17:06:45,202422,-4.2470093,-3.8956604,-5.146637
2019-04-08 17:06:45,202441,-4.480438,2.592636,-7.0153046
2019-04-08 17:06:45,202461,-1.9976501,0.93704224,-7.6114655
2019-04-08 17:06:45,202481,1.3147278,-5.3549194,-10.021225
2019-04-08 17:06:45,202507,-0.30256653,-9.828491,-9.444229
2019-04-08 17:06:45,202521,-0.97772217,-6.415558,-6.292267
2019-04-08 17:06:45,202541,-2.0467377,-4.016556,-5.0401
2019-04-08 17:06:45,202561,-2.9816742,-2.542923,-6.886032
2019-04-08 17:06:45,202581,3.592804,-7.7586975,-12.525574
2019-04-08 17:06:45,202601,3.185791,-15.131638,-12.143692
2019-04-08 17:06:45,202621,-1.0016632,-11.806091,-12.736252
2019-04-08 17:06:45,202641,-1.8216858,-6.961426,-9.534012
2019-04-08 17:06:45,202661,-0.5671234,-7.1445923,-8.722382
2019-04-08 17:06:45,202682,2.1239624,-8.978546,-7.364868
2019-04-08 17:06:45,202701,0.2086029,-9.143738,-6.747162
2019-04-08 17:06:45,202721,-2.9864655,-5.901993,-5.9869995
2019-04-08 17:06:45,202742,-3.2725677,-3.870514,-5.6625824
2019-04-08 17:06:45,202761,0.28163147,-6.54364,-5.392044
2019-04-08 17:06:45,202781,1.0130463,-11.906647,-9.715973
2019-04-08 17:06:45,202802,-2.052719,-11.029175,-15.739777
2019-04-08 17:06:45,202822,-2.4573364,-9.203598,-14.345154
2019-04-08 17:06:45,202841,-0.095458984,-9.356827,-8.795395
2019-04-08 17:06:45,202862,0.60842896,-8.10466,-7.830536
2019-04-08 17:06:45,202881,0.9136963,-9.709976,-8.168121
2019-04-08 17:06:45,202902,-0.23791504,-7.9765778,-7.0141144
2019-04-08 17:06:45,202922,0.4611969,-5.9953613,-5.153824
2019-04-08 17:06:45,202941,1.6427307,-7.6090546,-4.8162384
2019-04-08 17:06:46,202962,-0.34805298,-7.0631866,-6.1533966
2019-04-08 17:06:46,202982,-1.901886,-4.266754,-6.317398
2019-04-08 17:06:46,203001,-4.072235,-2.9559326,-7.7180176
2019-04-08 17:06:46,203022,-1.0232086,-5.3429413,-6.1677704
2019-04-08 17:06:46,203041,1.889328,-8.020859,-9.124603
2019-04-08 17:06:46,203062,-0.1230011,-7.4498444,-13.110947
2019-04-08 17:06:46,203081,0.9543915,-10.043961,-15.225037
2019-04-08 17:06:46,203101,-1.237503,-8.949814,-12.933777
2019-04-08 17:06:46,203122,-0.97532654,-6.8297424,-9.365219
2019-04-08 17:06:46,203141,0.8095398,-6.195282,-6.024109
2019-04-08 17:06:46,203162,-0.28819275,-5.2567596,-6.99736
2019-04-08 17:06:46,203181,-1.862381,-3.8142548,-7.5133057
2019-04-08 17:06:46,203201,-3.7777405,-2.9966278,-7.8915863
2019-04-08 17:06:46,203222,-1.6983795,-2.819458,-7.028473
2019-04-08 17:06:46,203241,-1.0627136,-4.19014,-9.911102
2019-04-08 17:06:46,203261,-1.115387,-0.894516,-13.112152
2019-04-08 17:06:46,203282,1.2596588,-3.5233612,-9.98053
2019-04-08 17:06:46,203301,-0.7730255,-5.805023,-11.156082
2019-04-08 17:06:46,203321,-0.48332214,-2.9391632,-9.974548
2019-04-08 17:06:46,203342,-2.5124054,-2.8326263,-9.239532
2019-04-08 17:06:46,203361,-4.2924957,-3.2755585,-11.004059
2019-04-08 17:06:46,203381,-1.9988556,-2.143097,-8.576324
2019-04-08 17:06:46,203402,-1.4960632,-1.9036713,-8.816956
2019-04-08 17:06:46,203421,-3.0295563,-0.21098328,-6.9351044
2019-04-08 17:06:46,203441,-3.7023315,1.1177979,-6.391617
2019-04-08 17:06:46,203462,-2.5973969,0.67248535,-3.458725
2019-04-08 17:06:46,203481,-2.901474,-0.30793762,-4.580414
2019-04-08 17:06:46,203501,-2.9242096,1.4805298,-5.5249176
2019-04-08 17:06:46,203522,-3.3264313,1.3129272,-8.611053
2019-04-08 17:06:46,203541,-2.0024414,-0.24928284,-9.191635
2019-04-08 17:06:46,203561,-0.6664734,-0.91368103,-10.273819
2019-04-08 17:06:46,203582,-0.6952057,-1.8246765,-9.571121
2019-04-08 17:06:46,203601,-2.387909,-1.2716064,-8.785828
2019-04-08 17:06:46,203622,-2.724289,-0.18704224,-8.983353
2019-04-08 17:06:46,203641,-1.391922,-0.85861206,-8.069962
2019-04-08 17:06:46,203662,-1.0375824,-1.9874725,-8.669708
2019-04-08 17:06:46,203681,-1.1884155,-2.8649445,-9.465775
2019-04-08 17:06:46,203702,-1.4002991,-3.5018005,-9.385574
2019-04-08 17:06:46,203721,-1.7749939,-3.2863312,-8.042419
2019-04-08 17:06:46,203742,-1.8013306,-2.577652,-7.1924896
2019-04-08 17:06:46,203762,-2.162857,-1.8282623,-7.130234
2019-04-08 17:06:46,203781,-0.7143707,-2.3873138,-8.267487
2019-04-08 17:06:46,203802,0.82151794,-4.66658,-8.385986
2019-04-08 17:06:46,203821,0.50668335,-6.930298,-9.372406
2019-04-08 17:06:46,203842,-0.8113251,-6.669342,-10.412689
2019-04-08 17:06:46,203861,-0.85920715,-6.212036,-9.8572235
2019-04-08 17:06:46,203882,0.07810974,-6.8812256,-8.6948395
2019-04-08 17:06:46,203901,0.4037323,-8.001709,-8.960602
2019-04-08 17:06:46,203921,0.7293396,-8.663712,-10.107422
2019-04-08 17:06:46,203941,0.49949646,-9.165298,-9.298187
2019-04-08 17:06:47,203961,-0.47613525,-7.744339,-7.4091644
2019-04-08 17:06:47,203981,-0.7203522,-7.0559998,-7.000946
2019-04-08 17:06:47,204001,-0.5024719,-7.033249,-7.9370728
2019-04-08 17:06:47,204021,0.59046936,-8.61821,-7.9239044
2019-04-08 17:06:47,204041,-0.9729309,-8.473373,-8.526047
2019-04-08 17:06:47,204062,-0.7993622,-7.239151,-8.078339
2019-04-08 17:06:47,204081,-0.37797546,-8.108246,-9.462189
2019-04-08 17:06:47,204102,-0.747879,-9.267044,-11.062714
2019-04-08 17:06:47,204121,-0.57310486,-11.045944,-13.301285
2019-04-08 17:06:47,204142,-0.30973816,-10.527588,-10.953781
2019-04-08 17:06:47,204161,0.120010376,-8.022064,-8.334518
2019-04-08 17:06:47,204181,0.93284607,-6.4622345,-4.550476
2019-04-08 17:06:47,204201,-0.15052795,-7.3349304,-4.3769073
2019-04-08 17:06:47,204221,-1.1560974,-7.6868744,-5.2998657
2019-04-08 17:06:47,204242,-1.1800385,-7.771866,-7.7467346
2019-04-08 17:06:47,204261,-1.202774,-6.360489,-8.672104
2019-04-08 17:06:47,204281,-0.802948,-4.929947,-7.5635834
2019-04-08 17:06:47,204302,0.124801636,-5.8529205,-7.664139
2019-04-08 17:06:47,204321,0.39894104,-6.1737366,-8.354874
2019-04-08 17:06:47,204341,-0.06074524,-6.124649,-8.406342
2019-04-08 17:06:47,204362,0.024246216,-7.8388977,-10.190018
2019-04-08 17:06:47,204381,-0.41029358,-7.673706,-11.150101
2019-04-08 17:06:47,204401,-0.36720276,-6.650177,-9.720764
2019-04-08 17:06:47,204422,-0.6281738,-5.697296,-8.1848755
2019-04-08 17:06:47,204441,-0.3289032,-5.321396,-7.166153
2019-04-08 17:06:47,204462,-1.0806732,-5.8014374,-8.597885
2019-04-08 17:06:47,204482,-1.826477,-6.5173035,-10.47374
2019-04-08 17:06:47,204501,-1.1836243,-6.238373,-9.894333
2019-04-08 17:06:47,204521,-0.6401367,-5.17894,-10.154114
2019-04-08 17:06:47,204542,-1.095047,-3.8369904,-10.225937
2019-04-08 17:06:47,204562,-0.81851196,-4.2332306,-9.519653
2019-04-08 17:06:47,204582,-1.110611,-5.2914734,-8.432678
2019-04-08 17:06:47,204601,-1.7594299,-4.6594086,-8.116638
2019-04-08 17:06:47,204622,-1.9880829,-3.1893616,-8.864838
2019-04-08 17:06:47,204641,-2.6105652,-2.60997,-9.222763
2019-04-08 17:06:47,204662,-2.6141663,-1.8964996,-9.646545
2019-04-08 17:06:47,204681,-1.3979034,-1.0645142,-8.881592
2019-04-08 17:06:47,204702,-1.0292053,-2.11557,-9.490921
2019-04-08 17:06:47,204721,-2.265808,-1.7241058,-9.1449585
2019-04-08 17:06:47,204742,-2.0371552,-1.4942627,-8.803787
2019-04-08 17:06:47,204761,-2.1832123,-0.42765808,-9.504089
2019-04-08 17:06:47,204782,-2.5997925,-0.27920532,-9.174881
2019-04-08 17:06:47,204801,-1.6313477,-0.60362244,-7.9705963
2019-04-08 17:06:47,204821,-2.3125,-0.60243225,-6.1689606
2019-04-08 17:06:47,204842,-4.5283203,1.6253815,-6.8560944
2019-04-08 17:06:47,204861,-3.2713776,1.3045502,-6.415558
2019-04-08 17:06:47,204881,-1.1572876,0.63656616,-6.241989
2019-04-08 17:06:47,204901,-0.98132324,0.83169556,-6.467041
2019-04-08 17:06:47,204922,-2.641693,0.48094177,-7.53006
2019-04-08 17:06:47,204941,-2.114975,-0.5593262,-7.664139
2019-04-08 17:06:48,204961,-1.8875275,-0.21336365,-9.178467
2019-04-08 17:06:48,204982,-0.708374,-0.3115387,-8.4769745
2019-04-08 17:06:48,205001,-0.6341553,-1.7396698,-9.161713
2019-04-08 17:06:48,205021,-1.3416443,-2.495041,-9.717163
2019-04-08 17:06:48,205041,-1.5008545,-1.6067963,-8.681671
2019-04-08 17:06:48,205062,-1.4757233,-1.5182037,-8.142975
2019-04-08 17:06:48,205081,-1.4601593,-2.5728607,-8.7738495
2019-04-08 17:06:48,205101,-1.2542572,-3.8920593,-9.166504
2019-04-08 17:06:48,205122,-0.8963165,-4.4977875,-8.330933
2019-04-08 17:06:48,205141,-1.1477203,-4.858124,-7.819763
2019-04-08 17:06:48,205161,-1.3260803,-4.313446,-8.636185
2019-04-08 17:06:48,205182,-0.61260986,-4.629471,-8.408737
2019-04-08 17:06:48,205201,0.19064331,-5.826584,-9.261078
2019-04-08 17:06:48,205221,0.30078125,-6.574768,-10.345642
2019-04-08 17:06:48,205242,0.23852539,-7.673706,-10.197205
2019-04-08 17:06:48,205261,-0.32411194,-8.490128,-9.668091
2019-04-08 17:06:48,205281,0.096069336,-8.517654,-8.936661
2019-04-08 17:06:48,205302,0.33190918,-8.047195,-8.073547
2019-04-08 17:06:48,205322,-0.05355835,-8.43985,-8.111862
2019-04-08 17:06:48,205341,-0.3121338,-8.910309,-8.208817
2019-04-08 17:06:48,205361,-0.4605713,-8.877991,-7.8137817
2019-04-08 17:06:48,205382,-0.99328613,-8.685257,-8.111862
2019-04-08 17:06:48,205402,-1.4242401,-8.0903015,-7.8999634
2019-04-08 17:06:48,205421,-0.7909851,-7.483368,-7.7227936
2019-04-08 17:06:48,205442,-0.43663025,-7.732361,-8.075943
2019-04-08 17:06:48,205462,-0.4893036,-8.423096,-9.142563
2019-04-08 17:06:48,205481,-0.8807678,-8.672089,-9.542389
2019-04-08 17:06:48,205502,-1.7857666,-7.898758,-8.837296
2019-04-08 17:06:48,205521,-0.5958557,-7.184082,-7.325363
2019-04-08 17:06:48,205542,0.40852356,-9.0551605,-7.2044525
2019-04-08 17:06:48,205561,-0.9585724,-9.642929,-8.254318
2019-04-08 17:06:48,205581,-0.5096588,-8.10585,-8.14418
2019-04-08 17:06:48,205602,0.75209045,-8.194443,-8.571548
2019-04-08 17:06:48,205621,0.4372406,-8.028046,-8.67569
2019-04-08 17:06:48,205641,-0.43544006,-7.285843,-8.693649
2019-04-08 17:06:48,205662,-0.4306488,-7.586319,-8.485352
2019-04-08 17:06:48,205681,-0.7203522,-7.220001,-7.8496857
2019-04-08 17:06:48,205701,-1.3823395,-5.649399,-7.3576813
2019-04-08 17:06:48,205721,-0.93821716,-5.3202057,-7.9921417
2019-04-08 17:06:48,205742,-0.92744446,-6.1306458,-9.3029785
2019-04-08 17:06:48,205761,-1.1608887,-6.440689,-10.13974
2019-04-08 17:06:48,205781,-0.17327881,-6.2695007,-8.960602
2019-04-08 17:06:48,205801,0.27204895,-5.9510803,-8.966583
2019-04-08 17:06:48,205822,-0.25827026,-6.0121307,-8.751114
2019-04-08 17:06:48,205841,-1.1273651,-5.3561096,-9.378387
2019-04-08 17:06:48,205861,-1.5439606,-5.1645813,-9.929062
2019-04-08 17:06:48,205881,-1.4936829,-5.226822,-10.18045
2019-04-08 17:06:48,205902,-1.2446747,-5.151413,-10.654495
2019-04-08 17:06:48,205921,-1.1477203,-4.642639,-10.6592865
2019-04-08 17:06:48,205941,-1.4841003,-4.5420837,-9.243118
2019-04-08 17:06:49,205962,-1.0495453,-3.7711487,-8.546402
2019-04-08 17:06:49,205981,-0.8616028,-2.8206635,-8.290222
2019-04-08 17:06:49,206001,-2.0826569,-1.9659271,-7.798218
2019-04-08 17:06:49,206022,-2.6835938,-1.1171875,-8.016083
2019-04-08 17:06:49,206041,-2.3496094,-0.5102539,-8.491333
2019-04-08 17:06:49,206061,-2.387909,-0.8358612,-8.619431
2019-04-08 17:06:49,206082,-2.6321259,-0.89572144,-8.552383
2019-04-08 17:06:49,206101,-2.3627777,-0.72932434,-8.733154
2019-04-08 17:06:49,206122,-2.5195923,-0.8657837,-7.8951874
2019-04-08 17:06:49,206141,-2.5195923,-0.17625427,-7.454651
2019-04-08 17:06:49,206163,-2.4381866,0.877182,-8.115448
2019-04-08 17:06:49,206181,-3.8148499,1.6385498,-7.1529846
2019-04-08 17:06:49,206202,-1.9820862,-0.2540741,-6.1438293
2019-04-08 17:06:49,206221,-1.6504974,-1.1040192,-6.0695953
2019-04-08 17:06:49,206242,-2.9110413,0.07872009,-6.7459717
2019-04-08 17:06:49,206261,-2.621338,0.8053589,-6.7902527
2019-04-08 17:06:49,206282,-2.4369965,1.0364075,-7.941864
2019-04-08 17:06:49,206301,-2.1604614,0.9705658,-8.785828
2019-04-08 17:06:49,206322,-0.28460693,-1.5337677,-8.165726
2019-04-08 17:06:49,206341,-1.1213837,-3.3677368,-10.04158
2019-04-08 17:06:49,206361,-1.4817047,-3.4108276,-9.690826
2019-04-08 17:06:49,206381,-1.0495453,-2.7512207,-8.798996
2019-04-08 17:06:49,206401,-2.0072327,-2.5082092,-10.5012665
2019-04-08 17:06:49,206422,-0.1565094,-4.4499054,-9.399933
2019-04-08 17:06:49,206441,-0.069122314,-6.6681366,-8.49971
2019-04-08 17:06:49,206461,-1.486496,-6.672928,-8.645767
2019-04-08 17:06:49,206482,-0.80892944,-5.381256,-9.180862
2019-04-08 17:06:49,206501,-0.25108337,-4.7096863,-7.933487
2019-04-08 17:06:49,206521,0.030227661,-4.8485413,-7.4893646
2019-04-08 17:06:49,206541,-0.25108337,-6.4706116,-8.053192
2019-04-08 17:06:49,206562,0.2157898,-7.716797,-8.71759
2019-04-08 17:06:49,206581,0.61442566,-8.0507965,-9.014465
2019-04-08 17:06:49,206601,0.021850586,-8.400345,-9.183258
2019-04-08 17:06:49,206622,-0.097854614,-9.40831,-9.9913025
2019-04-08 17:06:49,206641,-0.35284424,-9.264648,-9.619003
2019-04-08 17:06:49,206661,-0.2032013,-8.827713,-8.533234
2019-04-08 17:06:49,206681,-0.5383911,-8.125015,-7.6593475
2019-04-08 17:06:49,206702,-0.5419769,-8.14296,-7.6701202
2019-04-08 17:06:49,206721,-0.18884277,-8.534424,-8.245926
2019-04-08 17:06:49,206741,-0.31573486,-8.623001,-8.728363
2019-04-08 17:06:49,206762,-0.763443,-7.443863,-8.646957
2019-04-08 17:06:49,206781,-0.6545105,-6.3868256,-8.332123
2019-04-08 17:06:49,206801,-0.86997986,-6.14859,-8.488937
2019-04-08 17:06:49,206822,-0.21755981,-7.665329,-7.756317
2019-04-08 17:06:49,206841,0.062561035,-9.709976,-7.861664
2019-04-08 17:06:49,206861,-0.589859,-9.341263,-9.119812
2019-04-08 17:06:49,206882,-0.14334106,-8.892349,-8.609848
2019-04-08 17:06:49,206901,0.5952606,-9.285004,-7.546829
2019-04-08 17:06:49,206921,0.20022583,-9.045578,-7.9837646
2019-04-08 17:06:49,206942,-0.5288086,-8.368027,-8.652939
2019-04-08 17:06:50,206961,-0.7730255,-7.7467194,-9.024048
2019-04-08 17:06:50,206982,-1.0076599,-7.2092285,-8.528442
2019-04-08 17:06:50,207001,-1.0064545,-6.9793854,-8.297409
2019-04-08 17:06:50,207022,-1.565506,-5.771515,-8.206421
2019-04-08 17:06:50,207041,-0.60302734,-6.428726,-8.4614105
2019-04-08 17:06:50,207062,-0.100250244,-7.598282,-7.822159
2019-04-08 17:06:50,207082,-0.85801697,-6.1893005,-8.024475
2019-04-08 17:06:50,207102,-0.8532257,-5.163376,-8.425491
2019-04-08 17:06:50,207121,-0.7837982,-5.8876343,-9.452606
2019-04-08 17:06:50,207142,-0.65330505,-7.160141,-10.06073
2019-04-08 17:06:50,207161,-0.6748657,-6.70166,-10.618591
2019-04-08 17:06:50,207182,-0.78019714,-5.199295,-9.859619
2019-04-08 17:06:50,207201,-0.4809265,-4.934738,-9.689636
2019-04-08 17:06:50,207221,-0.6868286,-5.1801453,-10.156509
2019-04-08 17:06:50,207242,-1.668457,-4.524124,-9.670486
2019-04-08 17:06:50,207261,-1.5164185,-4.0237427,-9.003693
2019-04-08 17:06:50,207281,-1.1872253,-4.44751,-7.3301544
2019-04-08 17:06:50,207302,-2.3735504,-2.5560913,-7.783844
2019-04-08 17:06:50,207321,-3.031952,-0.78079224,-7.878418
2019-04-08 17:06:50,207341,-2.5638885,-0.32948303,-8.783432
2019-04-08 17:06:50,207361,-1.7462616,-0.19062805,-8.186081
2019-04-08 17:06:50,207382,-1.174057,-0.53419495,-8.409927
2019-04-08 17:06:50,207401,-1.9425964,-0.7963562,-9.562744
2019-04-08 17:06:50,207421,-2.640503,-0.6682739,-8.432678
2019-04-08 17:06:50,207441,-3.4461517,0.5372162,-7.2451477
2019-04-08 17:06:50,207462,-2.9230194,0.27026367,-7.7503357
2019-04-08 17:06:50,207481,-1.5679016,0.16731262,-6.93869
2019-04-08 17:06:50,207501,-3.1684265,-0.04458618,-7.518097
2019-04-08 17:06:50,207521,-3.502411,0.12660217,-7.308609
2019-04-08 17:06:50,207542,-1.684021,0.09667969,-6.9398956
2019-04-08 17:06:50,207561,-1.8683624,0.58628845,-6.6621704
2019-04-08 17:06:50,207581,-2.2622223,0.619812,-7.19368
2019-04-08 17:06:50,207602,-2.193985,0.15054321,-7.384018
2019-04-08 17:06:50,207621,-0.89393616,-0.9483948,-7.6270294
2019-04-08 17:06:50,207641,-1.0938416,-1.7396698,-8.198044
2019-04-08 17:06:50,207661,-1.4601593,-1.918045,-9.384369
2019-04-08 17:06:50,207682,-0.74308777,-2.3741455,-10.168472
2019-04-08 17:06:50,207702,-0.6006317,-3.9770508,-9.829697
2019-04-08 17:06:50,207721,-1.1405334,-4.5480804,-10.100235
2019-04-08 17:06:50,207741,-1.4421997,-4.1446533,-8.486542
2019-04-08 17:06:50,207762,-1.1668701,-3.8968506,-8.284241
2019-04-08 17:06:50,207781,-0.684433,-4.388855,-9.250305
2019-04-08 17:06:50,207802,0.65512085,-6.016922,-8.482956
2019-04-08 17:06:50,207821,-0.5168457,-7.1338043,-7.8089905
2019-04-08 17:06:50,207842,-1.4110718,-6.1354218,-8.176498
2019-04-08 17:06:50,207862,-1.1920013,-5.0125427,-9.038406
2019-04-08 17:06:50,207882,0.1798706,-6.073181,-8.529648
2019-04-08 17:06:50,207901,0.24212646,-7.1374054,-8.494934
2019-04-08 17:06:50,207922,0.06135559,-8.403931,-9.182068
2019-04-08 17:06:50,207941,0.18345642,-9.501678,-9.48732
2019-04-08 17:06:51,207962,-0.11222839,-9.591461,-9.8524475
2019-04-08 17:06:51,207981,-0.24989319,-8.690048,-9.1449585
2019-04-08 17:06:51,208001,-0.011672974,-7.7814484,-7.7658997
2019-04-08 17:06:51,208022,-0.4988861,-8.040024,-7.574356
2019-04-08 17:06:51,208041,-0.78019714,-8.922287,-7.4761963
2019-04-08 17:06:51,208062,-0.8723755,-8.986923,-7.5683746
2019-04-08 17:06:51,208081,-1.1764374,-7.974182,-8.08432
2019-04-08 17:06:51,208101,-0.55155945,-7.4965363,-8.7535095
2019-04-08 17:06:51,208121,-0.03201294,-7.78743,-9.088684
2019-04-08 17:06:51,208142,-0.6940155,-8.251907,-8.839691
2019-04-08 17:06:51,208161,-1.1297607,-7.635391,-7.859268
2019-04-08 17:06:51,208181,-0.90231323,-6.9087524,-6.4263306
2019-04-08 17:06:51,208201,-0.8220978,-7.9239044,-6.1653748
2019-04-08 17:06:51,208221,-0.8220978,-7.9490356,-6.577179
2019-04-08 17:06:51,208241,-0.19482422,-8.125015,-8.207626
2019-04-08 17:06:51,208261,-0.35403442,-8.549988,-9.446625
2019-04-08 17:06:51,208281,-0.6473236,-7.8807983,-8.35965
2019-04-08 17:06:51,208301,-0.48332214,-7.0320587,-8.049606
2019-04-08 17:06:51,208321,-0.61380005,-6.906357,-8.225586
2019-04-08 17:06:51,208341,-0.92744446,-7.2092285,-8.872009
2019-04-08 17:06:51,208362,-0.42945862,-7.7359467,-8.99173
2019-04-08 17:06:51,208381,-0.16130066,-7.1374054,-8.432678
2019-04-08 17:06:51,208401,-0.61979675,-5.5045624,-7.917923
2019-04-08 17:06:51,208421,-0.37557983,-5.4195557,-7.5923157
2019-04-08 17:06:51,208441,-0.605423,-6.195282,-8.855255
2019-04-08 17:06:51,208461,-1.194397,-7.076355,-10.762238
2019-04-08 17:06:51,208481,-0.7909851,-6.646591,-9.725555
2019-04-08 17:06:51,208502,-0.41389465,-5.625458,-9.596268
2019-04-08 17:06:51,208521,-0.6557007,-5.432724,-9.791382
2019-04-08 17:06:51,208541,-1.2542572,-4.9526978,-9.935043
2019-04-08 17:06:51,208562,-1.2410889,-4.2811127,-8.157349
2019-04-08 17:06:51,208581,-1.5379639,-2.9966278,-7.361267
2019-04-08 17:06:51,208601,-1.7199249,-3.3078766,-8.380005
2019-04-08 17:06:51,208622,-3.2079315,-4.624695,-10.86998
2019-04-08 17:06:51,208642,-3.0618744,-4.5480804,-11.433807
2019-04-08 17:06:51,208661,-1.9605408,-3.5844116,-11.5056305
2019-04-08 17:06:51,208681,-1.7151337,-2.1443024,-10.05954
2019-04-08 17:06:51,208701,-2.403473,-2.1335144,-8.417114
2019-04-08 17:06:51,208722,-3.2905273,-0.18344116,-7.5480194
2019-04-08 17:06:51,208741,-3.0187836,1.7307281,-6.331772
2019-04-08 17:06:51,208762,-1.7714081,-0.30674744,-5.079605
2019-04-08 17:06:51,208781,-1.391922,-0.79756165,-4.5277405
2019-04-08 17:06:51,208802,-4.020752,0.044006348,-8.360855
2019-04-08 17:06:51,208821,-3.7861176,-2.1443024,-13.49881
2019-04-08 17:06:51,208842,-1.3105164,-4.8688965,-12.45015
2019-04-08 17:06:51,208861,-4.893448,-0.3438568,-10.892715
2019-04-08 17:06:51,208881,-3.1971436,1.6313629,-6.1725464
2019-04-08 17:06:51,208902,-2.3388367,4.129715,-5.8277893
2019-04-08 17:06:51,208921,-2.2765808,5.141266,-4.2404327
2019-04-08 17:06:51,208941,-1.831253,1.318924,-3.1043854
2019-04-08 17:06:52,208962,-1.3811493,-2.238861,-6.159378
2019-04-08 17:06:52,208981,-0.5886688,-0.9627533,-7.7766724
2019-04-08 17:06:52,209001,0.8861542,-0.27801514,-10.184036
2019-04-08 17:06:52,209021,0.8179321,-5.029312,-8.287827
2019-04-08 17:06:52,209042,-3.5443115,-2.0425415,-11.01004
2019-04-08 17:06:52,209061,-3.4760742,0.7670593,-13.549088
2019-04-08 17:06:52,209081,-0.44979858,-1.997055,-18.025055
2019-04-08 17:06:52,209102,2.7440643,-9.4897,-17.73056
2019-04-08 17:06:52,209121,1.0812836,-16.40297,-9.286209
2019-04-08 17:06:52,209141,-2.6824036,-13.030731,-11.508026
2019-04-08 17:06:52,209161,-3.3599548,-5.3441467,-4.661804
2019-04-08 17:06:52,209182,-3.6807861,0.5623474,-2.3143005
2019-04-08 17:06:52,209201,-0.35762024,1.6541138,-1.8941193
2019-04-08 17:06:52,209222,2.2556458,-1.2117462,-4.628296
2019-04-08 17:06:52,209241,1.0154419,-5.89003,-7.9682007
2019-04-08 17:06:52,209261,-0.8568115,-9.317322,-9.6633
2019-04-08 17:06:52,209282,-1.9593506,-7.350479,-8.523666
2019-04-08 17:06:52,209301,-1.870758,-3.5449066,-8.712799
2019-04-08 17:06:52,209321,-0.6832428,-5.6865234,-8.889969
2019-04-08 17:06:52,209341,2.4902802,-9.580688,-9.161713
2019-04-08 17:06:52,209361,1.3602142,-13.453308,-10.77182
2019-04-08 17:06:52,209381,-2.0778656,-13.69632,-10.744278
2019-04-08 17:06:52,209402,-1.4206543,-12.2729645,-7.2427673
2019-04-08 17:06:52,209421,-0.15771484,-6.593918,-4.9862213
2019-04-08 17:06:52,209442,0.4252777,-4.64624,-4.051285
2019-04-08 17:06:52,209461,-1.7941437,-4.2152863,-6.099533
2019-04-08 17:06:52,209481,-1.8216858,-5.453079,-7.9921417
2019-04-08 17:06:52,209502,0.067337036,-10.105011,-8.719986
2019-04-08 17:06:52,209522,-1.5643005,-6.883621,-6.5675964
2019-04-08 17:06:52,209541,-2.2119293,-2.498642,-6.008545
2019-04-08 17:06:52,209562,-1.0447693,-2.7655945,-6.0576324
2019-04-08 17:06:52,209581,1.9120789,-10.986084,-4.909607
2019-04-08 17:06:52,209601,-2.1580658,-9.147339,-8.503311
2019-04-08 17:06:52,209622,-1.1800385,-8.285416,-10.389938
2019-04-08 17:06:52,209642,1.0920563,-11.950943,-9.683655
2019-04-08 17:06:52,209661,-1.4960632,-8.722366,-7.241562
2019-04-08 17:06:52,209681,-0.11222839,-6.3987885,-5.052063
2019-04-08 17:06:52,209702,-1.6481018,-4.482239,-6.4921722
2019-04-08 17:06:52,209722,-0.3624115,-6.9865723,-7.4821777
2019-04-08 17:06:52,209741,-0.18165588,-8.031631,-8.557175
2019-04-08 17:06:52,209762,-0.897522,-6.2395782,-8.63739
2019-04-08 17:06:52,209781,-0.11820984,-5.453079,-8.212418
2019-04-08 17:06:52,209801,-0.040390015,-6.370056,-7.126648
2019-04-08 17:06:52,209822,-0.6736603,-6.488571,-7.3899994
2019-04-08 17:06:52,209841,-0.68803406,-5.913971,-7.1218567
2019-04-08 17:06:52,209861,0.2552948,-6.571167,-6.1246643
2019-04-08 17:06:52,209881,-2.5997925,-7.4079437,-12.01799
2019-04-08 17:06:52,209902,-1.9270325,-9.03241,-14.870682
2019-04-08 17:06:52,209921,-0.008071899,-8.6002655,-11.182419
2019-04-08 17:06:52,209941,-0.56591797,-4.1757812,-10.257065
2019-04-08 17:06:53,209962,-0.4593811,-4.8892517,-8.254318
2019-04-08 17:06:53,209981,-1.6002197,-6.413162,-8.312973
2019-04-08 17:06:53,210001,-2.2155304,-5.688904,-9.844055
2019-04-08 17:06:53,210022,-2.7889404,-5.2052765,-10.53479
2019-04-08 17:06:53,210041,-0.15411377,-4.554062,-9.282623
2019-04-08 17:06:53,210062,1.7217407,-5.0831757,-7.099106
2019-04-08 17:06:53,210081,-2.0060425,-2.474701,-8.651749
2019-04-08 17:06:53,210101,-3.9728699,0.3061676,-9.739914
2019-04-08 17:06:53,210121,-2.4489594,-4.4451294,-7.8736267
2019-04-08 17:06:53,210142,-2.1401062,-2.4495544,-6.854904
2019-04-08 17:06:53,210161,-8.799576,13.416824,-16.408966
2019-04-08 17:06:53,210181,3.640686,-4.1805573,-7.0213013
2019-04-08 17:06:53,210202,1.889328,-12.837997,-13.248611
2019-04-08 17:06:53,210222,-9.540588,2.699173,-6.004959
2019-04-08 17:06:53,210241,-4.519943,4.043518,-5.893631
2019-04-08 17:06:53,210262,-2.1987762,4.0614777,-6.518509
2019-04-08 17:06:53,210281,-0.29058838,1.4517975,-4.6642
2019-04-08 17:06:53,210302,-2.1269379,-1.6307373,-6.2252197
2019-04-08 17:06:53,210321,-3.9788513,-0.6467285,-12.231079
2019-04-08 17:06:53,210342,-0.9980774,-1.5086365,-10.597031
2019-04-08 17:06:53,210362,-3.151657,-1.2045746,-10.325302
2019-04-08 17:06:53,210382,-2.870346,0.4905243,-9.095871
2019-04-08 17:06:53,210401,0.084106445,-1.2680206,-6.4299316
2019-04-08 17:06:53,210421,-0.976532,-1.8928986,-6.36528
2019-04-08 17:06:53,210442,-1.5475464,-0.5593262,-8.874405
2019-04-08 17:06:53,210461,3.0517578E-4,-0.2073822,-10.466553
2019-04-08 17:06:53,210482,1.7672272,-3.5760345,-5.5680237
2019-04-08 17:06:53,210501,-3.0343475,-3.0277557,-9.464584
2019-04-08 17:06:53,210521,-3.7837372,-0.463562,-12.554291
2019-04-08 17:06:53,210542,1.5074615,-7.8388977,-5.9594727
2019-04-08 17:06:53,210562,-2.1808167,-5.702072,-7.5444336
2019-04-08 17:06:53,210581,-0.9322357,-3.305481,-7.2427673
2019-04-08 17:06:53,210601,-1.2075653,-4.115921,-11.631332
2019-04-08 17:06:53,210622,1.5409698,-6.140213,-9.142563
2019-04-08 17:06:53,210641,-0.13256836,-6.8189697,-8.520065
2019-04-08 17:06:53,210661,-0.5084686,-6.456253,-9.018066
2019-04-08 17:06:53,210681,1.6116028,-8.393158,-7.2523346
2019-04-08 17:06:53,210701,0.26127625,-8.589493,-5.759552
2019-04-08 17:06:53,210721,-0.6940155,-7.961014,-8.778641
2019-04-08 17:06:53,210741,-0.842453,-6.253937,-8.851669
2019-04-08 17:06:53,210762,1.0872803,-6.6118774,-9.658508
2019-04-08 17:06:53,210781,-0.7023926,-9.653702,-11.203964
2019-04-08 17:06:53,210801,-1.1261597,-9.094666,-9.88237
2019-04-08 17:06:53,210822,-0.4881134,-8.462601,-8.187271
2019-04-08 17:06:53,210841,0.41090393,-9.951782,-8.017288
2019-04-08 17:06:53,210861,-0.44381714,-9.426254,-7.277481
2019-04-08 17:06:53,210882,-2.0012512,-8.4027405,-7.1182556
2019-04-08 17:06:53,210901,-0.668869,-9.415482,-6.775894
2019-04-08 17:06:53,210921,-0.98132324,-8.563156,-7.0775604
2019-04-08 17:06:53,210941,-1.8647766,-6.840515,-6.665756
2019-04-08 17:06:54,210961,-0.6545105,-6.092331,-6.3461304
2019-04-08 17:06:54,210981,-0.6856384,-5.364502,-8.16214
2019-04-08 17:06:54,211001,-0.004486084,-5.4411163,-10.673645
2019-04-08 17:06:54,211021,-0.017654419,-10.964539,-11.391907
2019-04-08 17:06:54,211041,-2.5483246,-10.868759,-11.655273
2019-04-08 17:06:54,211062,1.2381134,-11.479294,-8.138199
2019-04-08 17:06:54,211081,0.28640747,-9.300568,-6.312607
2019-04-08 17:06:54,211102,-0.73831177,-7.816162,-7.2212067
2019-04-08 17:06:54,211121,0.09727478,-9.107834,-8.575134
2019-04-08 17:06:54,211142,-0.46896362,-7.364853,-9.186859
2019-04-08 17:06:54,211161,-1.8791504,-4.4391327,-8.466202
2019-04-08 17:06:54,211182,-1.5236053,-4.147049,-7.6701202
2019-04-08 17:06:54,211201,-1.7127533,-5.2435913,-9.252701
2019-04-08 17:06:54,211222,-2.0347595,-4.9550934,-9.574707
2019-04-08 17:06:54,211241,0.8191223,-6.760315,-7.98497
2019-04-08 17:06:54,211262,-0.071517944,-7.443863,-7.0859375
2019-04-08 17:06:54,211281,-0.99687195,-3.910019,-6.513733
2019-04-08 17:06:54,211302,-0.8568115,-1.8462219,-7.4522552
2019-04-08 17:06:54,211321,-1.5164185,-2.475891,-11.591827
2019-04-08 17:06:54,211341,-0.27622986,-7.2080383,-12.39389
2019-04-08 17:06:54,211361,-1.8635864,-7.9957275,-13.984833
2019-04-08 17:06:54,211381,0.38098145,-3.6047516,-11.917435
2019-04-08 17:06:54,211401,-0.1565094,-4.8210144,-9.759064
2019-04-08 17:06:54,211421,-2.7219086,-4.8018646,-9.583099
2019-04-08 17:06:54,211442,-1.4841003,-2.5046234,-8.247131
2019-04-08 17:06:54,211461,-1.2231293,-2.2987213,-6.9710236
2019-04-08 17:06:54,211481,-2.2274933,-1.9790955,-5.5524597
2019-04-08 17:06:54,211502,-3.1157532,-0.65031433,-7.2511444
2019-04-08 17:06:54,211521,-3.4760742,-0.71017456,-8.370422
2019-04-08 17:06:54,211542,-3.5239563,-0.51264954,-7.7227936
2019-04-08 17:06:54,211561,-1.3380585,-0.5545502,-6.20607
2019-04-08 17:06:54,211581,-1.139328,1.0244293,-5.9487
2019-04-08 17:06:54,211601,-3.009201,2.1712494,-6.5173187
2019-04-08 17:06:54,211622,-2.973297,1.529602,-8.4374695
2019-04-08 17:06:54,211641,-2.7733765,1.9857025,-8.494934
2019-04-08 17:06:54,211661,-0.73231506,-1.0824738,-9.4023285
2019-04-08 17:06:54,211681,-2.7745667,-2.5549011,-8.688858
2019-04-08 17:06:54,211702,-2.5555115,-1.3434296,-6.5364685
2019-04-08 17:06:54,211721,-4.2446136,1.4003143,-7.0177
2019-04-08 17:06:54,211741,-2.4944458,-0.17745972,-7.135025
2019-04-08 17:06:54,211762,-1.5212097,-2.7141113,-9.657318
2019-04-08 17:06:54,211781,-2.4729004,-0.5509491,-11.312897
2019-04-08 17:06:54,211801,-0.8460388,0.64256287,-8.530838
2019-04-08 17:06:54,211822,-0.3037567,-1.6893921,-7.143402
2019-04-08 17:06:54,211841,-1.5523376,-3.2887268,-9.261078
2019-04-08 17:06:54,211861,-1.4757233,-4.1614075,-6.6705475
2019-04-08 17:06:54,211882,-0.86520386,-2.9164276,-7.1481934
2019-04-08 17:06:54,211901,-0.67126465,-1.5828552,-9.202408
2019-04-08 17:06:54,211922,-0.7514801,-5.8960114,-9.358032
2019-04-08 17:06:54,211941,-0.9621582,-8.430267,-11.412262
2019-04-08 17:06:55,211962,-0.61021423,-4.627075,-9.044403
2019-04-08 17:06:55,211981,-0.55155945,-2.7308807,-6.3928223
2019-04-08 17:06:55,212002,-0.921463,-5.2364044,-8.317764
2019-04-08 17:06:55,212022,0.34147644,-8.621811,-12.425003
2019-04-08 17:06:55,212041,1.6858215,-9.226349,-11.36319
2019-04-08 17:06:55,212062,-0.27383423,-8.194443,-9.346069
2019-04-08 17:06:55,212081,-0.069122314,-9.820099,-7.5995026
2019-04-08 17:06:55,212102,-1.0196228,-10.157684,-6.68132
2019-04-08 17:06:55,212121,-0.4988861,-8.210007,-7.9981384
2019-04-08 17:06:55,212142,1.161499,-7.953827,-8.533234
2019-04-08 17:06:55,212161,-0.1565094,-7.587509,-8.127411
2019-04-08 17:06:55,212181,-1.1692657,-5.1897125,-7.440277
2019-04-08 17:06:55,212202,-1.5571289,-5.0819855,-7.3145905
2019-04-08 17:06:55,212221,-0.6904144,-10.524002,-7.8101807
2019-04-08 17:06:55,212242,-1.071106,-13.725052,-11.147705
2019-04-08 17:06:55,212261,-1.3847351,-10.087051,-10.603027
2019-04-08 17:06:55,212281,-1.039978,-5.5129395,-9.563934
2019-04-08 17:06:55,212301,1.3171234,-8.253098,-9.019257
2019-04-08 17:06:55,212321,0.47076416,-9.650116,-6.5089417
2019-04-08 17:06:55,212342,-1.8408356,-6.626236,-6.3305664
2019-04-08 17:06:55,212361,-4.5594482,-3.2887268,-5.5249176
2019-04-08 17:06:55,212381,-0.34684753,-7.287033,-5.447113
2019-04-08 17:06:55,212402,2.742859,-11.500839,-9.171295
2019-04-08 17:06:55,212421,1.612793,-13.867508,-16.238968
2019-04-08 17:06:55,212441,-2.0742645,-7.890381,-12.531555
2019-04-08 17:06:55,212461,-0.9873047,-4.412796,-5.4303436
2019-04-08 17:06:55,212482,-1.1369476,-4.069229,-1.9707336
2019-04-08 17:06:55,212501,-2.0934296,-6.334152,-4.351761
2019-04-08 17:06:55,212521,-1.0579376,-7.7024384,-10.318115
2019-04-08 17:06:55,212542,-0.16490173,-9.80455,-13.333603
2019-04-08 17:06:55,212561,-0.28700256,-6.899185,-11.533173
2019-04-08 17:06:55,212581,1.1195984,-5.3321686,-8.060379
2019-04-08 17:06:55,212601,1.0992432,-6.5053406,-6.1533966
2019-04-08 17:06:55,212622,-3.3395996,-3.9160004,-9.161713
2019-04-08 17:06:55,212641,-4.1093445,-3.0768433,-11.202774
2019-04-08 17:06:55,212661,0.15353394,-7.9957275,-10.476135
2019-04-08 17:06:55,212682,0.26965332,-9.492096,-10.377975
2019-04-08 17:06:55,212702,-0.119400024,-2.5656738,-8.951019
2019-04-08 17:06:55,212721,1.276413,-3.471878,-7.1374207
2019-04-08 17:06:55,212742,-1.6481018,-4.5911713,-8.585907
2019-04-08 17:06:55,212761,-2.9433594,-3.171402,-9.225159
2019-04-08 17:06:55,212781,-2.8607635,-1.2536469,-10.383957
2019-04-08 17:06:55,212802,-0.79815674,-1.2213287,-9.438248
2019-04-08 17:06:55,212822,-0.9178772,-4.708481,-8.217194
2019-04-08 17:06:55,212841,-3.7585907,-0.424057,-9.361633
2019-04-08 17:06:55,212862,-3.119339,0.42349243,-9.074326
2019-04-08 17:06:55,212882,-2.9002686,-1.2057648,-8.952225
2019-04-08 17:06:55,212901,-2.0958252,-1.9838867,-8.172913
2019-04-08 17:06:55,212922,-1.8049164,-0.25526428,-5.929535
2019-04-08 17:06:55,212941,-3.890274,1.8492279,-6.083969
2019-04-08 17:06:56,212961,-4.245804,3.063095,-7.3696594
2019-04-08 17:06:56,212982,-1.4541779,0.5228424,-4.495407
2019-04-08 17:06:56,213001,-0.60183716,-0.97831726,-6.166565
2019-04-08 17:06:56,213021,-5.466858,0.62220764,-9.88356
2019-04-08 17:06:56,213042,0.3869629,-3.1965485,-9.799774
2019-04-08 17:06:56,213061,-2.1891937,-1.3075256,-7.811386
2019-04-08 17:06:56,213081,-3.519165,2.2825775,-8.722382
2019-04-08 17:06:56,213102,0.07093811,0.65452576,-7.909546
2019-04-08 17:06:56,213121,-0.8340759,-0.6694641,-8.277054
2019-04-08 17:06:56,213142,-1.0148315,-1.3733673,-7.9478607
2019-04-08 17:06:56,213161,-1.0854645,-2.4962463,-10.664078
2019-04-08 17:06:56,213181,-0.80415344,-1.3554077,-9.276642
2019-04-08 17:06:56,213202,0.40852356,-2.5489197,-7.166153
2019-04-08 17:06:56,213221,-1.5128326,-4.5337067,-9.579498
2019-04-08 17:06:56,213241,-1.9952545,-4.4858246,-9.902725
2019-04-08 17:06:56,213261,-0.7957611,-3.3473816,-6.237198
2019-04-08 17:06:56,213282,-1.5918427,-2.1742249,-5.193329
2019-04-08 17:06:56,213301,-2.3101044,-2.993042,-10.47374
2019-04-08 17:06:56,213321,0.8969269,-10.018829,-13.361145
2019-04-08 17:06:56,213342,-0.008071899,-10.442596,-10.840042
2019-04-08 17:06:56,213361,-1.7534485,-5.3082275,-8.488937
2019-04-08 17:06:56,213381,-0.94421387,-4.112335,-5.538086
2019-04-08 17:06:56,213402,1.2668457,-6.629837,-6.5280914
2019-04-08 17:06:56,213421,1.9946747,-10.02002,-9.022842
2019-04-08 17:06:56,213441,-0.48571777,-10.29895,-10.461761
2019-04-08 17:06:56,213462,-1.2147522,-7.6641235,-8.901947
2019-04-08 17:06:56,213481,-1.336853,-4.4618835,-5.9558716
2019-04-08 17:06:56,213501,-0.95259094,-3.4646912,-6.131851
2019-04-08 17:06:56,213522,-0.066726685,-8.406326,-7.708435
2019-04-08 17:06:56,213541,-0.94659424,-13.221069,-11.596619
2019-04-08 17:06:56,213562,0.43486023,-11.257828,-10.049957
2019-04-08 17:06:56,213581,0.25289917,-6.1270447,-6.371277
2019-04-08 17:06:56,213602,-1.2123566,-5.645813,-6.894409
2019-04-08 17:06:56,213621,0.5521698,-10.115784,-9.383179
2019-04-08 17:06:56,213642,0.6970215,-15.070587,-10.983704
2019-04-08 17:06:56,213661,-3.0223694,-9.173676,-9.123413
2019-04-08 17:06:56,213682,-2.1425018,-4.0309296,-6.5568237
2019-04-08 17:06:56,213702,0.37141418,-7.4977264,-6.6717377
2019-04-08 17:06:56,213721,-0.05116272,-9.939819,-6.822586
2019-04-08 17:06:56,213741,-0.15052795,-9.387955,-8.983353
2019-04-08 17:06:56,213761,0.01826477,-7.5492096,-10.416275
2019-04-08 17:06:56,213782,0.48034668,-6.7866516,-7.7299805
2019-04-08 17:06:56,213801,-1.4661407,-5.5763855,-5.924759
2019-04-08 17:06:56,213821,-2.7530212,-3.8800964,-5.740402
2019-04-08 17:06:56,213842,0.27444458,-10.37796,-7.956238
2019-04-08 17:06:56,213861,-1.6098022,-11.072266,-12.186783
2019-04-08 17:06:56,213881,-3.4341736,-5.285492,-12.337616
2019-04-08 17:06:56,213902,1.1626892,-5.00177,-8.705612
2019-04-08 17:06:56,213921,0.77363586,-7.3792114,-6.93631
2019-04-08 17:06:56,213941,-1.4362183,-6.3245697,-6.783081
2019-04-08 17:06:57,213961,-1.7773895,-4.8018646,-8.541611
2019-04-08 17:06:57,213982,-1.1369476,-7.490555,-10.273819
2019-04-08 17:06:57,214001,-1.3021393,-8.034027,-11.039963
2019-04-08 17:06:57,214021,-0.71795654,-4.436737,-10.009262
2019-04-08 17:06:57,214041,0.31993103,-2.0952148,-7.3876038
2019-04-08 17:06:57,214061,-0.19242859,-3.6406708,-6.929123
2019-04-08 17:06:57,214081,-2.5411377,-3.965088,-11.706757
2019-04-08 17:06:57,214101,-2.403473,-5.491394,-11.740265
2019-04-08 17:06:57,214122,-2.3579865,-4.388855,-11.986877
2019-04-08 17:06:57,214141,-0.2247467,-1.5517273,-11.451767
2019-04-08 17:06:57,214161,1.1004486,-5.1406403,-7.6030884
2019-04-08 17:06:57,214181,-1.2015839,-3.127121,-8.078339
2019-04-08 17:06:57,214201,-2.9361877,-0.31272888,-6.957855
2019-04-08 17:06:57,214221,-3.3886871,0.08590698,-5.5285187
2019-04-08 17:06:57,214241,-3.668808,1.4996796,-6.7615204
2019-04-08 17:06:57,214262,-3.9429474,1.3907471,-9.024048
2019-04-08 17:06:57,214281,-4.278137,-1.2751923,-9.715973
2019-04-08 17:06:57,214301,1.0322113,-3.1223297,-7.0536194
2019-04-08 17:06:57,214322,-0.39593506,-2.6686249,-5.487808
2019-04-08 17:06:57,214341,-6.049835,3.7442474,-7.464218
2019-04-08 17:06:57,214362,-4.384674,4.4002533,-8.341705
2019-04-08 17:06:57,214381,-0.3001709,-0.6048279,-9.097076
2019-04-08 17:06:57,214402,-2.2825623,-1.6893921,-10.125381
2019-04-08 17:06:57,214421,-2.7099304,-1.0788727,-10.709564
2019-04-08 17:06:57,214442,-0.9681549,-1.7899475,-7.518097
2019-04-08 17:06:57,214461,-1.4757233,-1.8713531,-4.865326
2019-04-08 17:06:57,214482,-4.847946,3.1349182,-8.26149
2019-04-08 17:06:57,214501,1.8965149,0.8544464,-3.6059723
2019-04-08 17:06:57,214522,3.0888214,-6.083954,-3.2839508
2019-04-08 17:06:57,214541,-6.017517,-3.0540924,-12.39389
2019-04-08 17:06:57,214562,-5.35672,5.524338,-18.147156
2019-04-08 17:06:57,214581,3.7520142,-4.76355,-2.548935
2019-04-08 17:06:57,214602,-3.0104065,-5.784683,-7.01651
2019-04-08 17:06:57,214621,-4.233841,-0.19781494,-8.056793
2019-04-08 17:06:57,214641,0.074523926,-3.7579803,-9.672882
2019-04-08 17:06:57,214662,2.2664185,-8.870804,-12.815262
2019-04-08 17:06:57,214681,-2.5818481,-5.8014374,-12.111374
2019-04-08 17:06:57,214701,-2.775772,-4.424774,-13.464096
2019-04-08 17:06:57,214722,2.794342,-10.150513,-9.364029
2019-04-08 17:06:57,214741,1.9503784,-9.771027,-6.2000885
2019-04-08 17:06:57,214761,-1.0232086,-5.5691986,-6.0612183
2019-04-08 17:06:57,214782,-0.9992676,-3.6167297,-5.281906
2019-04-08 17:06:57,214801,-0.8496399,-4.546875,-6.3736725
2019-04-08 17:06:57,214821,-0.86997986,-8.731934,-10.686813
2019-04-08 17:06:57,214841,-0.5312042,-11.570267,-10.581482
2019-04-08 17:06:57,214862,-1.9701233,-7.8053894,-8.710403
2019-04-08 17:06:57,214881,-1.0052643,-6.5292816,-8.286636
2019-04-08 17:06:57,214901,0.3761902,-12.114944,-8.89476
2019-04-08 17:06:57,214921,-0.9406128,-7.792221,-8.97496
2019-04-08 17:06:57,214942,1.2381134,-8.620605,-7.248749
2019-04-08 17:06:58,214961,0.78440857,-12.580627,-8.801392
2019-04-08 17:06:58,214981,-2.111374,-9.431046,-8.81575
2019-04-08 17:06:58,215002,-1.9593506,-5.6565857,-5.8720856
2019-04-08 17:06:58,215021,0.05895996,-6.8524933,-5.4064026
2019-04-08 17:06:58,215041,-0.5671234,-7.119446,-7.023697
2019-04-08 17:06:58,215061,-0.5766907,-6.5292816,-8.273468
2019-04-08 17:06:58,215082,0.011077881,-7.6329956,-8.621826
2019-04-08 17:06:58,215101,-1.5200195,-7.6832733,-9.137772
2019-04-08 17:06:58,215121,-1.0974426,-7.4618225,-8.508102
2019-04-08 17:06:58,215142,2.150299,-9.677658,-7.6581573
2019-04-08 17:06:58,215161,-0.42825317,-8.672089,-8.899551
2019-04-08 17:06:58,215182,-2.1640472,-5.381256,-10.108627
2019-04-08 17:06:58,215201,2.126358,-8.792999,-9.304169
2019-04-08 17:06:58,215222,-0.19961548,-9.219162,-7.9598236
2019-04-08 17:06:58,215242,-4.669586,-6.3952026,-8.958206
2019-04-08 17:06:58,215261,-1.118988,-6.5651855,-8.917511
2019-04-08 17:06:58,215282,1.3889465,-7.6329956,-7.9478607
2019-04-08 17:06:58,215302,-1.194397,-4.989807,-8.329727
2019-04-08 17:06:58,215321,-2.3424225,-4.0812073,-8.776245
2019-04-08 17:06:58,215342,-0.80773926,-5.55484,-8.048416
2019-04-08 17:06:58,215361,-0.7490845,-6.646591,-8.298599
2019-04-08 17:06:58,215382,-1.846817,-6.2395782,-9.397537
2019-04-08 17:06:58,215401,-1.2626343,-5.4231567,-9.729141
2019-04-08 17:06:58,215422,0.16311646,-5.8612976,-9.753082
2019-04-08 17:06:58,215441,0.54737854,-6.1725464,-10.629364
2019-04-08 17:06:58,215461,-2.3747406,-2.5165863,-11.774979
2019-04-08 17:06:58,215482,-0.1852417,-3.0229645,-9.749496
2019-04-08 17:06:58,215501,-0.07989502,-7.4342804,-8.123825
2019-04-08 17:06:58,215521,-3.3743286,-3.9698792,-8.836105
2019-04-08 17:06:58,215541,-2.123352,0.06555176,-9.425079
2019-04-08 17:06:58,215562,-1.6876068,-3.2731628,-8.116638
2019-04-08 17:06:58,215581,-1.0914459,-5.6470184,-7.392395
2019-04-08 17:06:58,215601,1.0812836,-1.8174896,-5.7260284
2019-04-08 17:06:58,215621,-1.6373291,0.5384064,-6.2036743
2019-04-08 17:06:58,215642,-6.420944,1.5511627,-11.644501
2019-04-08 17:06:58,215661,-4.956894,0.9537964,-11.577469
2019-04-08 17:06:58,215681,-2.071869,-3.0373383,-11.901871
2019-04-08 17:06:58,215701,-3.1313171,-1.1519012,-11.344025
2019-04-08 17:06:58,215722,-4.067444,-0.874176,-8.493729
2019-04-08 17:06:58,215741,-3.4246063,-0.73651123,-6.151001
2019-04-08 17:06:58,215761,-3.1313171,0.16252136,-4.660614
2019-04-08 17:06:58,215782,-1.3260803,-0.50427246,-3.4132385
2019-04-08 17:06:58,215801,-2.9828644,0.80895996,-8.49971
2019-04-08 17:06:58,215821,-2.9481506,1.7702179,-9.918274
2019-04-08 17:06:58,215842,0.43125916,-0.261261,-7.2906494
2019-04-08 17:06:58,215861,0.12121582,-1.0645142,-4.898834
2019-04-08 17:06:58,215881,-1.7271118,0.20561218,-8.492538
2019-04-08 17:06:58,215902,-2.6129608,0.12660217,-9.291
2019-04-08 17:06:58,215921,-1.534378,-1.8246765,-8.8528595
2019-04-08 17:06:58,215941,-0.24031067,-0.874176,-12.249039
2019-04-08 17:06:59,215962,-0.38874817,-1.241684,-11.50325
2019-04-08 17:06:59,215981,-1.6516876,-4.907196,-11.282974
2019-04-08 17:06:59,216002,-3.474884,-4.253586,-9.348465
2019-04-08 17:06:59,216021,-1.5822601,-4.424774,-8.916306
2019-04-08 17:06:59,216042,-0.083496094,-3.9710693,-6.881241
2019-04-08 17:06:59,216061,0.5425873,-2.7033386,-5.5249176
2019-04-08 17:06:59,216082,0.4432373,-2.2999115,-5.292679
2019-04-08 17:06:59,216102,-0.73950195,-3.4228058,-9.535202
2019-04-08 17:06:59,216122,-2.2011566,-6.5484314,-15.688309
2019-04-08 17:06:59,216141,-2.1029968,-9.0707245,-8.712799
2019-04-08 17:06:59,216162,-2.202362,-4.5049744,-4.198532
2019-04-08 17:06:59,216181,-1.1141968,-1.2141418,-4.202118
2019-04-08 17:06:59,216202,2.7775726,-6.246765,-6.925522
2019-04-08 17:06:59,216221,1.9874878,-12.233459,-10.354019
2019-04-08 17:06:59,216241,-2.600998,-10.950165,-12.756607
2019-04-08 17:06:59,216262,-2.7207031,-7.5599823,-11.815689
2019-04-08 17:06:59,216281,0.14395142,-7.685669,-9.827301
2019-04-08 17:06:59,216301,1.8127136,-8.69722,-5.6422424
2019-04-08 17:06:59,216322,-0.5395813,-8.18367,-5.514145
2019-04-08 17:06:59,216341,-1.1920013,-8.643356,-6.988983
2019-04-08 17:06:59,216361,-1.3488312,-8.808548,-7.7311707
2019-04-08 17:06:59,216381,-0.6940155,-7.7862244,-7.8604584
2019-04-08 17:06:59,216402,-1.0459595,-6.037262,-9.2108
2019-04-08 17:06:59,216421,-0.32769775,-7.285843,-8.698441
2019-04-08 17:06:59,216441,0.21218872,-11.602585,-8.682877
2019-04-08 17:06:59,216461,-1.4745178,-8.542801,-7.415146
2019-04-08 17:06:59,216482,-1.7618256,-5.198105,-5.1262817
2019-04-08 17:06:59,216501,-0.095458984,-5.286682,-4.483444
2019-04-08 17:06:59,216521,1.1543121,-8.4817505,-6.5568237
2019-04-08 17:06:59,216542,-0.16130066,-12.731461,-11.50444
2019-04-08 17:06:59,216561,-1.901886,-10.600616,-13.811249
2019-04-08 17:06:59,216581,0.84187317,-9.252686,-10.503662
2019-04-08 17:06:59,216601,1.6487122,-9.15213,-6.9003906
2019-04-08 17:06:59,216622,-0.5431824,-7.6150513,-4.475067
2019-04-08 17:06:59,216641,-1.9725189,-6.5376587,-4.774338
2019-04-08 17:06:59,216661,-1.8899231,-6.839325,-7.4175415
2019-04-08 17:06:59,216682,-1.1357422,-7.3133698,-10.230728
2019-04-08 17:06:59,216701,-1.1656647,-6.0827637,-10.29776
2019-04-08 17:06:59,216721,-1.5295868,-4.01416,-9.185654
2019-04-08 17:06:59,216742,-0.34326172,-4.5648346,-7.5923157
2019-04-08 17:06:59,216761,0.038619995,-6.7243958,-6.307831
2019-04-08 17:06:59,216781,-1.2362976,-6.844116,-7.567169
2019-04-08 17:06:59,216802,-2.0060425,-5.7391815,-8.542816
2019-04-08 17:06:59,216821,-1.0028687,-5.625458,-9.700409
2019-04-08 17:06:59,216841,-0.040390015,-6.5448303,-11.153687
2019-04-08 17:06:59,216862,0.13198853,-5.629059,-10.479721
2019-04-08 17:06:59,216882,-0.3624115,-4.4738464,-10.093063
2019-04-08 17:06:59,216901,-0.41029358,-5.532089,-9.930252
2019-04-08 17:06:59,216921,-0.85562134,-5.5691986,-10.752655
2019-04-08 17:06:59,216942,-0.48571777,-4.6163025,-9.806946
2019-04-08 17:07:00,216962,-1.4445953,-2.7344666,-9.7734375
2019-04-08 17:07:00,216982,-1.1237793,-2.2999115,-8.467392
2019-04-08 17:07:00,217001,-0.5180359,-3.8322144,-7.3660583
2019-04-08 17:07:00,217021,-1.2434845,-3.9196014,-7.7335663
2019-04-08 17:07:00,217042,-1.2793884,-3.016983,-9.036011
2019-04-08 17:07:00,217061,-2.466919,-1.2009735,-8.970184
2019-04-08 17:07:00,217081,-1.6229706,-1.2943573,-8.353668
2019-04-08 17:07:00,217102,-1.9138641,-1.1219635,-9.484924
2019-04-08 17:07:00,217121,-3.8208466,0.15892029,-9.964966
2019-04-08 17:07:00,217141,-3.0606842,-1.8893127,-8.721176
2019-04-08 17:07:00,217162,-3.246231,-1.8462219,-8.934265
2019-04-08 17:07:00,217181,-3.340805,-0.4887085,-7.8173676
2019-04-08 17:07:00,217202,-2.459732,-0.45518494,-10.373184
2019-04-08 17:07:00,217221,-3.2115173,-1.1985779,-8.426697
2019-04-08 17:07:00,217242,-4.491211,-0.008666992,-8.196854
2019-04-08 17:07:00,217261,-4.333206,-0.3043518,-6.309021
2019-04-08 17:07:00,217281,-1.1680603,-1.6355286,-4.431961
2019-04-08 17:07:00,217302,-3.8459778,1.545166,-5.287903
2019-04-08 17:07:00,217321,-4.637268,3.9836578,-6.85849
2019-04-08 17:07:00,217341,-1.7510529,1.169281,-8.544006
2019-04-08 17:07:00,217361,-0.976532,-2.953537,-9.422684
2019-04-08 17:07:00,217382,-0.41149902,-2.2675934,-9.611816
2019-04-08 17:07:00,217401,-0.31932068,0.540802,-9.675262
2019-04-08 17:07:00,217421,-0.9118805,-1.1686554,-10.136154
2019-04-08 17:07:00,217442,-0.8831482,-2.7129211,-7.791031
2019-04-08 17:07:00,217461,-1.312912,-2.0533142,-8.286636
2019-04-08 17:07:00,217481,-1.4936829,-2.3777313,-9.595062
2019-04-08 17:07:00,217502,-0.7407074,-4.234436,-9.088684
2019-04-08 17:07:00,217521,-1.6780243,-3.1857758,-9.634567
2019-04-08 17:07:00,217541,-2.954132,-1.5242004,-9.913498
2019-04-08 17:07:00,217562,-0.44262695,-5.168167,-6.862076
2019-04-08 17:07:00,217581,-1.1489105,-6.143814,-8.443451
2019-04-08 17:07:00,217601,-1.3057251,-3.8597412,-7.205658
2019-04-08 17:07:00,217622,-0.052368164,-3.4096375,-6.52211
2019-04-08 17:07:00,217641,-0.20678711,-6.591522,-8.052002
2019-04-08 17:07:00,217661,-0.040390015,-8.423096,-13.183975
2019-04-08 17:07:00,217682,-1.1165924,-7.156555,-10.823288
2019-04-08 17:07:00,217701,-1.1070099,-5.922348,-7.8317413
2019-04-08 17:07:00,217722,0.2660675,-5.9666443,-8.462601
2019-04-08 17:07:00,217741,1.6499176,-8.675674,-7.9275055
2019-04-08 17:07:00,217762,-0.069122314,-10.357605,-6.431122
2019-04-08 17:07:00,217781,-1.99646,-7.21402,-7.340927
2019-04-08 17:07:00,217802,0.20979309,-7.2044373,-8.287827
2019-04-08 17:07:00,217821,-0.08708191,-9.429855,-8.625412
2019-04-08 17:07:00,217842,-1.2662201,-10.021225,-9.164108
2019-04-08 17:07:00,217861,-0.5252228,-8.022064,-7.012924
2019-04-08 17:07:00,217882,-0.7347107,-6.136627,-6.9949646
2019-04-08 17:07:00,217901,0.7772217,-9.210785,-8.804977
2019-04-08 17:07:00,217921,-0.026031494,-10.79454,-9.845261
2019-04-08 17:07:00,217942,-1.4086761,-5.9271393,-8.192062
2019-04-08 17:07:01,217961,1.0393829,-8.372818,-6.459854
2019-04-08 17:07:01,217981,-0.042785645,-13.063049,-7.909546
2019-04-08 17:07:01,218002,-1.6708527,-9.595047,-8.748718
2019-04-08 17:07:01,218021,-0.5671234,-7.0308533,-7.4893646
2019-04-08 17:07:01,218041,0.2768402,-7.1769104,-6.8848267
2019-04-08 17:07:01,218061,-0.0368042,-7.571945,-7.257126
2019-04-08 17:07:01,218082,-0.33728027,-8.2686615,-8.710403
2019-04-08 17:07:01,218101,-0.3695984,-7.8388977,-8.541611
2019-04-08 17:07:01,218121,-1.242279,-6.698059,-7.463028
2019-04-08 17:07:01,218141,-0.71076965,-5.669754,-7.0500336
2019-04-08 17:07:01,218162,0.70658875,-8.272247,-7.5372467
2019-04-08 17:07:01,218181,-2.5255737,-6.969803,-8.447052
2019-04-08 17:07:01,218201,-2.9828644,-5.07959,-9.48613
2019-04-08 17:07:01,218222,1.1363525,-7.824539,-9.80455
2019-04-08 17:07:01,218242,0.8239136,-8.6996155,-9.925461
2019-04-08 17:07:01,218261,-1.2877808,-4.625885,-9.0659485
2019-04-08 17:07:01,218281,-0.50367737,-3.9758606,-8.431488
2019-04-08 17:07:01,218302,0.4719696,-6.2132416,-7.8736267
2019-04-08 17:07:01,218321,-0.21995544,-8.101074,-10.118195
2019-04-08 17:07:01,218341,-0.7454834,-7.357666,-10.399521
2019-04-08 17:07:01,218362,-0.96694946,-3.1486664,-8.038834
2019-04-08 17:07:01,218381,-0.98609924,-1.399704,-6.6789246
2019-04-08 17:07:01,218401,-0.66767883,-3.7711487,-6.7148438
2019-04-08 17:07:01,218421,-2.356781,-5.297455,-10.365997
2019-04-08 17:07:01,218442,-2.439392,-5.7308044,-12.646469
2019-04-08 17:07:01,218462,-1.4745178,-5.688904,-9.586685
2019-04-08 17:07:01,218482,-1.4841003,-3.356964,-8.899551
2019-04-08 17:07:01,218501,-0.589859,-0.30793762,-8.691254
2019-04-08 17:07:01,218522,-1.0148315,-0.72932434,-11.025604
2019-04-08 17:07:01,218541,-2.8284454,-4.3517456,-9.94223
2019-04-08 17:07:01,218562,-2.217926,-5.8972015,-8.800186
2019-04-08 17:07:01,218582,-1.3404541,-2.5932007,-8.060379
2019-04-08 17:07:01,218602,-2.4741058,0.64375305,-6.9590454
2019-04-08 17:07:01,218621,-3.965683,2.556717,-8.298599
2019-04-08 17:07:01,218642,-2.3268585,0.21398926,-9.233536
2019-04-08 17:07:01,218661,-0.63175964,-4.4140015,-8.775055
2019-04-08 17:07:01,218682,-1.8168945,-2.9212189,-7.850891
2019-04-08 17:07:01,218701,-5.8535156,0.8939514,-6.087555
2019-04-08 17:07:01,218722,-7.250534,5.568619,-10.064331
2019-04-08 17:07:01,218741,-0.8125305,2.9457855,-9.848846
2019-04-08 17:07:01,218762,2.3298645,-5.6745453,-8.518875
2019-04-08 17:07:01,218781,-4.2709503,-5.0700073,-6.3066254
2019-04-08 17:07:01,218801,-4.8252106,-1.1662598,-6.7172394
2019-04-08 17:07:01,218822,-3.9405518,2.5303802,-6.617874
2019-04-08 17:07:01,218841,-2.6835938,3.6484833,-7.646179
2019-04-08 17:07:01,218861,-0.9118805,1.0435791,-9.05397
2019-04-08 17:07:01,218881,-1.2398834,-2.3106995,-11.4218445
2019-04-08 17:07:01,218903,-0.5886688,-4.514557,-8.820541
2019-04-08 17:07:01,218921,-0.69281006,-3.2887268,-7.1398163
2019-04-08 17:07:01,218942,-2.1484833,1.7845917,-7.008133
2019-04-08 17:07:02,218961,-0.7885895,0.322937,-8.32135
2019-04-08 17:07:02,218981,-0.25706482,-4.2128906,-10.524017
2019-04-08 17:07:02,219002,-0.5575409,-7.3863983,-12.796112
2019-04-08 17:07:02,219021,-0.70358276,-6.3473206,-10.392334
2019-04-08 17:07:02,219041,-2.2789764,-1.5062408,-7.53006
2019-04-08 17:07:02,219062,-1.4781189,-0.9256439,-8.9713745
2019-04-08 17:07:02,219081,-0.017654419,-6.140213,-7.2559357
2019-04-08 17:07:02,219101,-1.431427,-6.835739,-8.609848
2019-04-08 17:07:02,219122,-1.5798645,-5.372879,-8.370422
2019-04-08 17:07:02,219141,-1.0268097,-5.5775757,-8.855255
2019-04-08 17:07:02,219161,-1.3416443,-6.7339783,-8.350082
2019-04-08 17:07:02,219182,-1.8983002,-7.045227,-9.069534
2019-04-08 17:07:02,219201,-0.3791809,-8.214798,-10.051163
2019-04-08 17:07:02,219221,0.22535706,-9.432251,-8.91391
2019-04-08 17:07:02,219242,-0.5599365,-7.7778473,-8.948624
2019-04-08 17:07:02,219261,-0.05595398,-4.7336273,-4.9479218
2019-04-08 17:07:02,219282,-0.9657593,-4.1889496,-4.114731
2019-04-08 17:07:02,219301,-1.1728516,-8.206421,-9.889557
2019-04-08 17:07:02,219322,-0.6545105,-14.140442,-12.736252
2019-04-08 17:07:02,219342,-0.589859,-13.833984,-10.77301
2019-04-08 17:07:02,219361,-0.9873047,-7.682083,-8.640976
2019-04-08 17:07:02,219381,-0.20201111,-8.075928,-7.565979
2019-04-08 17:07:02,219402,-1.649292,-8.736725,-6.7842712
2019-04-08 17:07:02,219422,-0.7825928,-8.427872,-7.2786713
2019-04-08 17:07:02,219441,-0.9106903,-8.845673,-7.399582
2019-04-08 17:07:02,219462,-1.1165924,-7.069168,-7.53006
2019-04-08 17:07:02,219485,0.17028809,-7.4270935,-7.0548096
2019-04-08 17:07:02,219501,0.7006073,-8.962982,-7.7072296
2019-04-08 17:07:02,219521,-0.069122314,-8.0950775,-8.716385
2019-04-08 17:07:02,219542,-0.18763733,-8.620605,-9.46698
2019-04-08 17:07:02,219561,0.33428955,-8.951004,-7.843704
2019-04-08 17:07:02,219581,-0.4893036,-6.547226,-5.8289795
2019-04-08 17:07:02,219602,-1.3931274,-4.871292,-6.091156
2019-04-08 17:07:02,219621,-1.6433105,-4.84256,-7.6114655
2019-04-08 17:07:02,219641,0.92926025,-9.064728,-10.79097
2019-04-08 17:07:02,219662,-2.2861633,-8.832504,-11.810898
2019-04-08 17:07:02,219681,-3.5239563,-6.417938,-11.399094
2019-04-08 17:07:02,219701,1.2776184,-6.04924,-8.687668
2019-04-08 17:07:02,219722,1.201004,-7.45224,-8.245926
2019-04-08 17:07:02,219741,-2.4573364,-6.018112,-8.5164795
2019-04-08 17:07:02,219762,-2.0778656,-5.1705627,-8.335709
2019-04-08 17:07:02,219781,-0.7143707,-5.7942505,-8.49971
2019-04-08 17:07:02,219801,-1.8109131,-4.3122406,-8.948624
2019-04-08 17:07:02,219822,-2.9900513,-2.4304047,-8.035248
2019-04-08 17:07:02,219841,-1.8037262,-3.2887268,-7.974182
2019-04-08 17:07:02,219861,-0.047576904,-5.7188416,-9.608231
2019-04-08 17:07:02,219882,-0.093063354,-5.8301697,-9.508865
2019-04-08 17:07:02,219901,-2.0108185,-3.092392,-8.982147
2019-04-08 17:07:02,219921,-0.802948,-2.9523315,-8.41832
2019-04-08 17:07:02,219942,-0.1625061,-5.922348,-9.737518
2019-04-08 17:07:03,219961,-4.108139,-4.036911,-13.012787
2019-04-08 17:07:03,219981,-3.1947632,-2.261612,-11.698364
2019-04-08 17:07:03,220002,-1.1680603,-3.0062103,-8.721176
2019-04-08 17:07:03,220021,-0.7814026,-1.1794281,-8.257904
2019-04-08 17:07:03,220042,-2.8451996,1.1429443,-9.78421
2019-04-08 17:07:03,220061,-3.6496582,0.5396118,-9.143753
2019-04-08 17:07:03,220081,-0.81492615,-4.864105,-7.9310913
2019-04-08 17:07:03,220102,-0.58387756,-3.902832,-7.107483
2019-04-08 17:07:03,220121,-6.2246246,2.6153717,-7.7611084
2019-04-08 17:07:03,220141,-3.3611603,1.442215,-7.964615
2019-04-08 17:07:03,220162,0.103256226,-0.19421387,-6.0061493
2019-04-08 17:07:03,220181,-0.67845154,0.15653992,-3.5245667
2019-04-08 17:07:03,220202,-3.993225,1.2291412,-5.0975494
2019-04-08 17:07:03,220221,-4.221863,2.2418823,-6.616684
2019-04-08 17:07:03,220242,-2.7302856,2.1748505,-10.626968
2019-04-08 17:07:03,220262,-1.2913666,0.042800903,-13.113342
2019-04-08 17:07:03,220281,0.2265625,-5.068817,-12.82724
2019-04-08 17:07:03,220302,-2.5997925,-3.5556793,-7.969406
2019-04-08 17:07:03,220321,-2.7733765,-0.5617218,-5.9678497
2019-04-08 17:07:03,220342,-4.044693,0.9310608,-8.120239
2019-04-08 17:07:03,220361,-2.2634125,0.90711975,-9.385574
2019-04-08 17:07:03,220382,1.8558044,-2.1083832,-8.032852
2019-04-08 17:07:03,220401,0.79278564,-4.313446,-7.9286957
2019-04-08 17:07:03,220421,-3.332428,-1.3589935,-12.772171
2019-04-08 17:07:03,220442,-0.12898254,-4.5564575,-8.690063
2019-04-08 17:07:03,220461,-0.25827026,-6.54364,-7.691681
2019-04-08 17:07:03,220482,-3.1085663,-1.6498871,-5.858917
2019-04-08 17:07:03,220501,-1.6636658,-0.04458618,-5.9487
2019-04-08 17:07:03,220522,1.042984,-3.238449,-5.668579
2019-04-08 17:07:03,220541,0.55336,-6.8764343,-9.2108
2019-04-08 17:07:03,220561,-2.5973969,-9.346054,-12.3076935
2019-04-08 17:07:03,220582,-2.8296356,-6.756729,-11.833649
2019-04-08 17:07:03,220601,-1.0076599,-4.325409,-7.225998
2019-04-08 17:07:03,220621,1.0130463,-4.589966,-5.800247
2019-04-08 17:07:03,220642,0.45161438,-8.198029,-8.977356
2019-04-08 17:07:03,220661,-0.010467529,-11.434998,-11.875534
2019-04-08 17:07:03,220681,-1.0926514,-9.456192,-9.182068
2019-04-08 17:07:03,220702,-1.2913666,-7.9837494,-8.399155
2019-04-08 17:07:03,220721,-0.14813232,-9.283798,-9.895538
2019-04-08 17:07:03,220741,0.7401123,-9.440628,-9.384369
2019-04-08 17:07:03,220762,0.5449829,-10.4904785,-6.5675964
2019-04-08 17:07:03,220781,-1.9701233,-9.9170685,-7.03566
2019-04-08 17:07:03,220801,-1.6397247,-6.214432,-5.775116
2019-04-08 17:07:03,220822,0.055374146,-4.345764,-4.1482544
2019-04-08 17:07:03,220841,-1.376358,-4.545685,-5.498581
2019-04-08 17:07:03,220861,0.33070374,-7.2918243,-8.553589
2019-04-08 17:07:03,220882,0.99749756,-12.6045685,-12.215515
2019-04-08 17:07:03,220901,-1.9330139,-11.080658,-10.158905
2019-04-08 17:07:03,220922,-2.1796112,-4.5528564,-7.2128296
2019-04-08 17:07:03,220941,0.5126648,-6.1689453,-7.665344
2019-04-08 17:07:04,220961,1.0788879,-11.44577,-7.2762756
2019-04-08 17:07:04,220982,-0.22834778,-12.542313,-9.460983
2019-04-08 17:07:04,221002,-2.0658875,-8.035233,-11.966522
2019-04-08 17:07:04,221021,0.31993103,-7.76947,-9.682449
2019-04-08 17:07:04,221042,1.8438416,-8.459,-6.7375793
2019-04-08 17:07:04,221061,-1.3775635,-6.6202545,-6.7842712
2019-04-08 17:07:04,221082,-3.771759,-3.8884735,-6.407181
2019-04-08 17:07:04,221101,-1.4565735,-4.2631683,-5.1083374
2019-04-08 17:07:04,221122,0.17628479,-6.902771,-7.6749115
2019-04-08 17:07:04,221141,-0.82688904,-6.341324,-10.583862
2019-04-08 17:07:04,221162,-1.1884155,-5.077194,-10.458176
2019-04-08 17:07:04,221181,-0.5395813,-4.373291,-8.581116
2019-04-08 17:07:04,221202,-0.545578,-5.4973755,-9.0659485
2019-04-08 17:07:04,221221,-0.7407074,-5.704468,-8.271072
2019-04-08 17:07:04,221241,-0.9801178,-6.095932,-8.737946
2019-04-08 17:07:04,221262,-1.3691711,-6.1330414,-9.670486
2019-04-08 17:07:04,221281,-1.3440399,-6.2443695,-11.174042
2019-04-08 17:07:04,221302,-0.4845276,-3.0900116,-10.300156
2019-04-08 17:07:04,221321,0.2672577,-3.2324524,-9.58548
2019-04-08 17:07:04,221342,-2.0168152,-7.1098633,-9.147354
2019-04-08 17:07:04,221361,-1.7151337,-6.344925,-10.978912
2019-04-08 17:07:04,221382,-1.2961578,-4.045288,-8.138199
2019-04-08 17:07:04,221401,-4.408615,-0.5569458,-9.960175
2019-04-08 17:07:04,221421,-3.0523071,0.19963074,-8.941452
2019-04-08 17:07:04,221441,-1.3177032,-3.9746552,-9.088684
2019-04-08 17:07:04,221461,-2.0946198,-5.460266,-9.514862
2019-04-08 17:07:04,221482,-1.7247162,-1.4427948,-8.493729
2019-04-08 17:07:04,221501,-3.0547028,-0.8657837,-8.316559
2019-04-08 17:07:04,221521,-3.8399963,-0.15830994,-8.522461
2019-04-08 17:07:04,221542,-2.6752167,0.3744049,-7.582733
2019-04-08 17:07:04,221561,-2.1891937,2.0491486,-6.525696
2019-04-08 17:07:04,221581,-0.55514526,1.4637604,-5.8361664
2019-04-08 17:07:04,221601,-2.1568756,-3.368927,-7.582733
2019-04-08 17:07:04,221622,-3.8711243,-2.94516,-10.686813
2019-04-08 17:07:04,221641,-10.340256,4.739029,-11.968918
2019-04-08 17:07:04,221661,2.426834,-0.24090576,-10.903488
2019-04-08 17:07:04,221682,0.77482605,-3.3030853,-6.6118927
2019-04-08 17:07:04,221701,-5.349533,-0.97473145,-6.427536
2019-04-08 17:07:04,221721,-3.47966,-0.5078583,-6.269516
2019-04-08 17:07:04,221742,-3.519165,0.9609833,-6.652588
2019-04-08 17:07:04,221761,-0.6628876,1.2279358,-7.308609
2019-04-08 17:07:04,221782,1.5948486,-1.5265961,-10.125381
2019-04-08 17:07:04,221802,-0.67007446,-2.9631042,-10.045181
2019-04-08 17:07:04,221821,-2.8069,-0.4013214,-10.945389
2019-04-08 17:07:04,221842,-1.431427,0.1972351,-8.292618
2019-04-08 17:07:04,221861,-0.86520386,-2.850586,-6.0576324
2019-04-08 17:07:04,221881,-1.8551941,-3.6957397,-7.0859375
2019-04-08 17:07:04,221901,-1.6361389,-3.2611847,-10.612595
2019-04-08 17:07:04,221922,-0.43185425,-5.9319153,-9.972153
2019-04-08 17:07:04,221941,-1.0040588,-8.645752,-14.15242
2019-04-08 17:07:05,221962,-1.8240814,-6.1270447,-11.417053
2019-04-08 17:07:05,221981,-0.59465027,-3.2097168,-5.7703247
2019-04-08 17:07:05,222002,0.074523926,-2.8733368,-4.1171265
2019-04-08 17:07:05,222021,0.8514404,-7.002136,-6.657379
2019-04-08 17:07:05,222042,-0.107437134,-10.269012,-9.413101
2019-04-08 17:07:05,222061,-1.2530518,-7.842499,-11.411072
2019-04-08 17:07:05,222082,-2.257431,-4.0069885,-9.398743
2019-04-08 17:07:05,222101,-0.8532257,-4.459488,-6.3042297
2019-04-08 17:07:05,222122,-0.38157654,-8.807358,-5.9906006
2019-04-08 17:07:05,222141,-0.4378357,-11.211136,-9.174881
2019-04-08 17:07:05,222161,-1.6085968,-10.425842,-12.220306
2019-04-08 17:07:05,222182,-2.6153564,-7.2678833,-7.9586334
2019-04-08 17:07:05,222201,-0.31452942,-6.950653,-4.7144775
2019-04-08 17:07:05,222222,-1.6265564,-8.310562,-6.6190643
2019-04-08 17:07:05,222241,0.08769226,-12.706314,-10.959763
2019-04-08 17:07:05,222261,2.150299,-14.8263855,-11.045944
2019-04-08 17:07:05,222282,-0.3289032,-8.401535,-8.099884
2019-04-08 17:07:05,222301,-2.585434,-2.6949615,-5.486618
2019-04-08 17:07:05,222321,-1.4565735,-2.6446838,-4.099167
2019-04-08 17:07:05,222342,0.7832031,-7.3002014,-5.814621
2019-04-08 17:07:05,222361,0.5641327,-9.736313,-8.348877
2019-04-08 17:07:05,222381,-0.94659424,-7.886795,-9.233536
2019-04-08 17:07:05,222402,-1.9617462,-5.5799713,-8.686462
2019-04-08 17:07:05,222421,-0.3037567,-6.085144,-6.226425
2019-04-08 17:07:05,222441,2.0449524,-10.814896,-7.447464
2019-04-08 17:07:05,222462,1.5649109,-13.145645,-12.499237
2019-04-08 17:07:05,222481,0.82270813,-10.393524,-12.903854
2019-04-08 17:07:05,222502,-0.15890503,-7.1493683,-8.071152
2019-04-08 17:07:05,222521,-1.8144989,-4.2176666,-5.190933
2019-04-08 17:07:05,222541,-0.4701538,-6.064804,-5.0772095
2019-04-08 17:07:05,222562,0.33668518,-9.086288,-6.8848267
2019-04-08 17:07:05,222581,-1.3583984,-7.483368,-10.89032
2019-04-08 17:07:05,222601,-2.700348,-5.0903625,-8.862442
2019-04-08 17:07:05,222622,-2.217926,-5.1298676,-6.8441315
2019-04-08 17:07:05,222641,-2.64888,-5.166977,-7.9203186
2019-04-08 17:07:05,222662,-1.9270325,-4.8760834,-7.962219
2019-04-08 17:07:05,222681,-0.72753906,-5.594345,-8.159744
2019-04-08 17:07:05,222702,-1.3476257,-5.1885223,-8.466202
2019-04-08 17:07:05,222721,-0.7814026,-4.756363,-8.18248
2019-04-08 17:07:05,222742,-1.016037,-5.0747986,-10.556335
2019-04-08 17:07:05,222761,-2.49086,-3.637085,-9.437042
2019-04-08 17:07:05,222782,-1.4362183,-3.7711487,-7.843704
2019-04-08 17:07:05,222801,-1.9581451,-5.211273,-10.265442
2019-04-08 17:07:05,222822,-2.2741852,-4.8928375,-11.302124
2019-04-08 17:07:05,222841,-1.9677277,-3.9136047,-9.183258
2019-04-08 17:07:05,222862,-2.3795319,-3.1139526,-11.827652
2019-04-08 17:07:05,222881,-2.3041077,-1.162674,-12.507614
2019-04-08 17:07:05,222901,-1.3320618,-0.95796204,-9.15213
2019-04-08 17:07:05,222922,0.44802856,-4.088394,-5.4890137
2019-04-08 17:07:05,222941,-0.5575409,-2.5201874,-6.166565
2019-04-08 17:07:06,222962,-2.4142456,0.49890137,-6.2826843
2019-04-08 17:07:06,222981,-4.803665,1.7498779,-8.7582855
2019-04-08 17:07:06,223002,-2.3005219,0.3313141,-8.934265
2019-04-08 17:07:06,223021,-0.6114197,-1.1542969,-8.708008
2019-04-08 17:07:06,223042,-2.0036469,-1.4188538,-7.028473
2019-04-08 17:07:06,223061,-4.122513,-0.52342224,-8.822937
2019-04-08 17:07:06,223081,-5.404602,1.1046295,-10.998062
2019-04-08 17:07:06,223102,-3.0534973,1.2195587,-9.709991
2019-04-08 17:07:06,223121,0.10684204,-0.80114746,-7.554001
2019-04-08 17:07:06,223141,-0.009277344,-1.7504425,-5.8098297
2019-04-08 17:07:06,223162,-5.395035,2.3508148,-8.925888
2019-04-08 17:07:06,223181,-1.7558441,0.8125458,-7.294235
2019-04-08 17:07:06,223201,1.0836792,-4.624695,-4.7025146
2019-04-08 17:07:06,223222,-2.7937317,-3.5054016,-8.463806
2019-04-08 17:07:06,223241,-4.361923,0.65093994,-12.099396
2019-04-08 17:07:06,223261,-2.0623016,2.1090088,-9.6944275
2019-04-08 17:07:06,223282,1.3721771,-1.6798248,-6.408386
2019-04-08 17:07:06,223301,-0.7371063,-2.4782867,-9.006088
2019-04-08 17:07:06,223321,-2.0826569,-2.1167603,-7.0189056
2019-04-08 17:07:06,223342,-1.257843,-2.2604065,-5.8445435
2019-04-08 17:07:06,223361,-1.4828949,-1.8450165,-6.391617
2019-04-08 17:07:06,223381,-2.96492,-1.7947388,-11.7187195
2019-04-08 17:07:06,223402,-1.9090729,-7.4941406,-14.026733
2019-04-08 17:07:06,223421,1.1339569,-12.43338,-10.695206
2019-04-08 17:07:06,223442,-2.4346008,-5.5763855,-8.062775
2019-04-08 17:07:06,223462,-1.5331879,-1.5493317,-7.2990265
2019-04-08 17:07:06,223481,1.6810303,-5.7786865,-6.9746094
2019-04-08 17:07:06,223502,0.30197144,-9.343658,-8.192062
2019-04-08 17:07:06,223521,-1.6876068,-6.882416,-7.700058
2019-04-08 17:07:06,223542,-1.5487366,-5.657791,-8.06636
2019-04-08 17:07:06,223561,-1.2710114,-8.474564,-10.194809
2019-04-08 17:07:06,223582,-0.9286499,-11.159668,-11.390717
2019-04-08 17:07:06,223601,-2.0347595,-7.1098633,-8.887573
2019-04-08 17:07:06,223622,-1.1489105,-5.479416,-6.2754974
2019-04-08 17:07:06,223641,0.39535522,-7.7982025,-4.9790497
2019-04-08 17:07:06,223662,0.100860596,-9.223953,-5.163391
2019-04-08 17:07:06,223681,-0.8280945,-8.274643,-7.2918396
2019-04-08 17:07:06,223702,-0.88435364,-8.528427,-9.701599
2019-04-08 17:07:06,223721,0.4947052,-11.713913,-11.874344
2019-04-08 17:07:06,223741,-1.743866,-11.734268,-11.547531
2019-04-08 17:07:06,223762,-0.3695984,-6.9518585,-6.1917114
2019-04-08 17:07:06,223781,-0.2893982,-5.570404,-4.894043
2019-04-08 17:07:06,223802,-0.5790863,-8.290207,-5.5764008
2019-04-08 17:07:06,223821,-1.0339966,-9.682434,-6.1007233
2019-04-08 17:07:06,223842,-1.704361,-6.8453064,-9.579498
2019-04-08 17:07:06,223861,0.1798706,-9.788986,-13.268967
2019-04-08 17:07:06,223882,-0.37199402,-13.116928,-10.610199
2019-04-08 17:07:06,223901,-1.352417,-8.326126,-8.663727
2019-04-08 17:07:06,223921,0.56892395,-5.6877136,-6.158188
2019-04-08 17:07:06,223942,0.103256226,-5.1693726,-4.3924713
2019-04-08 17:07:07,223961,-1.1321564,-6.2240143,-6.0432587
2019-04-08 17:07:07,223981,-2.2466583,-7.53125,-9.518448
2019-04-08 17:07:07,224002,-0.79815674,-8.430267,-11.397903
2019-04-08 17:07:07,224021,-1.3727722,-7.543213,-11.036377
2019-04-08 17:07:07,224041,-1.7690125,-5.2388,-9.195236
2019-04-08 17:07:07,224062,0.66470337,-5.4662476,-6.0348816
2019-04-08 17:07:07,224081,-0.4306488,-6.2958374,-8.098694
2019-04-08 17:07:07,224101,-1.9461823,-5.3034515,-8.208817
2019-04-08 17:07:07,224122,-0.057159424,-7.05719,-8.561966
2019-04-08 17:07:07,224141,-1.2758026,-5.389633,-9.197632
2019-04-08 17:07:07,224161,-1.2327118,-3.147461,-9.970947
2019-04-08 17:07:07,224182,-0.32650757,-4.7144775,-10.39592
2019-04-08 17:07:07,224201,-0.76823425,-5.4650574,-10.036789
2019-04-08 17:07:07,224221,0.5126648,-6.061203,-10.282196
2019-04-08 17:07:07,224242,-0.033218384,-5.3585052,-8.570343
2019-04-08 17:07:07,224261,-1.4757233,-2.1287384,-8.910324
2019-04-08 17:07:07,224282,-2.9349823,-2.45076,-11.687592
2019-04-08 17:07:07,224302,-2.7949219,-5.822983,-9.950607
2019-04-08 17:07:07,224321,-1.075882,-5.9845886,-9.972153
2019-04-08 17:07:07,224341,-2.2191162,0.86761475,-10.585068
2019-04-08 17:07:07,224362,-3.4329834,1.4206696,-8.24115
2019-04-08 17:07:07,224382,-3.1768036,-3.219284,-6.5508423
2019-04-08 17:07:07,224401,-0.51564026,-3.3437958,-6.174942
2019-04-08 17:07:07,224422,-4.472061,2.8847198,-5.7308197
2019-04-08 17:07:07,224441,-4.54628,3.5658722,-7.281067
2019-04-08 17:07:07,224462,-1.2231293,-0.8645935,-7.2427673
2019-04-08 17:07:07,224481,-1.6421204,-1.6546783,-5.229233
2019-04-08 17:07:07,224502,-4.13089,2.0695038,-7.7778625
2019-04-08 17:07:07,224521,-3.3707275,-0.35343933,-11.122559
2019-04-08 17:07:07,224542,-1.3823395,-3.847763,-7.4331055
2019-04-08 17:07:07,224561,-4.744995,0.1469574,-9.259872
2019-04-08 17:07:07,224582,-1.7187347,2.6417084,-10.079895
2019-04-08 17:07:07,224601,-0.8352661,0.3025818,-7.5552063
2019-04-08 17:07:07,224622,-3.8304138,-2.3286438,-9.216782
2019-04-08 17:07:07,224641,-3.316864,-1.791153,-9.657318
2019-04-08 17:07:07,224661,-1.2291107,-1.6403198,-7.1996613
2019-04-08 17:07:07,224681,-1.1465149,-1.5708771,-5.79187
2019-04-08 17:07:07,224701,-1.2123566,-0.021835327,-7.103897
2019-04-08 17:07:07,224722,-1.9773102,-0.14872742,-8.588303
2019-04-08 17:07:07,224741,-0.64134216,-3.2013397,-7.11467
2019-04-08 17:07:07,224761,-0.86997986,-3.4180145,-7.5791473
2019-04-08 17:07:07,224782,-2.3819275,-1.7217255,-10.504868
2019-04-08 17:07:07,224801,-1.0567322,-3.8501587,-9.641754
2019-04-08 17:07:07,224821,-0.41629028,-5.712845,-8.287827
2019-04-08 17:07:07,224842,-1.8456268,-5.1178894,-9.504089
2019-04-08 17:07:07,224861,-0.8711853,-6.1019135,-9.763855
2019-04-08 17:07:07,224881,-0.8915405,-6.3006287,-7.6342163
2019-04-08 17:07:07,224902,-0.61021423,-6.784256,-8.283035
2019-04-08 17:07:07,224921,-0.24510193,-7.8843994,-10.370789
2019-04-08 17:07:07,224942,-0.5934601,-9.608215,-12.658447
2019-04-08 17:07:08,224961,-1.163269,-8.492523,-9.0659485
2019-04-08 17:07:08,224981,-0.34684753,-6.993744,-4.5373077
2019-04-08 17:07:08,225001,-0.6401367,-5.6003265,-5.2938843
2019-04-08 17:07:08,225021,0.22895813,-6.6118774,-8.199249
2019-04-08 17:07:08,225041,-0.15052795,-8.702011,-8.001724
2019-04-08 17:07:08,225061,-2.7266846,-8.151352,-8.832504
2019-04-08 17:07:08,225082,-2.7566223,-7.084732,-9.735123
2019-04-08 17:07:08,225102,1.0381927,-8.277039,-8.3428955
2019-04-08 17:07:08,225121,-0.93104553,-10.265427,-9.872787
2019-04-08 17:07:08,225142,0.036224365,-10.926224,-9.771042
2019-04-08 17:07:08,225161,0.36662292,-10.078674,-8.414719
2019-04-08 17:07:08,225182,-1.6085968,-7.8855896,-6.8836365
2019-04-08 17:07:08,225201,-1.3643951,-8.208801,-7.486969
2019-04-08 17:07:08,225222,0.509079,-10.14093,-7.7048492
2019-04-08 17:07:08,225241,0.21697998,-10.393524,-9.452606
2019-04-08 17:07:08,225262,-2.1987762,-7.404358,-10.168472
2019-04-08 17:07:08,225281,-2.0036469,-4.562439,-6.400009
2019-04-08 17:07:08,225302,2.4675293,-7.6198273,-4.80188
2019-04-08 17:07:08,225321,1.5206299,-9.8237,-8.5559845
2019-04-08 17:07:08,225342,-0.8400574,-8.077133,-9.383179
2019-04-08 17:07:08,225361,-1.5511322,-5.8098145,-8.287827
2019-04-08 17:07:08,225381,-0.9178772,-4.989807,-7.2643127
2019-04-08 17:07:08,225402,-2.091034,-4.929947,-6.9901733
2019-04-08 17:07:08,225421,-0.5755005,-6.978195,-8.253113
2019-04-08 17:07:08,225441,-0.29777527,-7.140991,-9.348465
2019-04-08 17:07:08,225462,-1.1836243,-4.962265,-10.23671
2019-04-08 17:07:08,225481,-0.5072632,-5.6039124,-10.006866
2019-04-08 17:07:08,225501,-0.5994415,-9.211975,-10.419861
2019-04-08 17:07:08,225522,-1.8791504,-8.856445,-10.2834015
2019-04-08 17:07:08,225541,-2.5411377,-5.111908,-8.857651
2019-04-08 17:07:08,225561,-1.9270325,-1.8222809,-8.156143
2019-04-08 17:07:08,225581,-1.0926514,-2.2987213,-7.775467
2019-04-08 17:07:08,225602,-0.8017578,-4.314636,-7.2391663
2019-04-08 17:07:08,225621,-1.376358,-4.3673096,-7.621048
2019-04-08 17:07:08,225641,-0.83766174,-4.4223785,-7.6904755
2019-04-08 17:07:08,225662,-1.2255249,-4.52652,-8.4219055
2019-04-08 17:07:08,225681,-2.4968414,-2.7368622,-10.622177
2019-04-08 17:07:08,225701,-1.6624603,-3.0193787,-12.3076935
2019-04-08 17:07:08,225722,-1.3883362,-5.3561096,-10.399521
2019-04-08 17:07:08,225741,-3.0989838,-6.0001526,-10.196014
2019-04-08 17:07:08,225761,-4.0422974,-3.000229,-10.758652
2019-04-08 17:07:08,225782,-4.850342,-0.65989685,-10.662872
2019-04-08 17:07:08,225801,-4.1344757,0.36961365,-11.123764
2019-04-08 17:07:08,225821,-0.6461334,-1.830658,-7.107483
2019-04-08 17:07:08,225842,0.069732666,-3.542511,-5.5596313
2019-04-08 17:07:08,225861,-1.4733276,-0.9124756,-3.3581696
2019-04-08 17:07:08,225881,-4.11174,1.6624908,-1.968338
2019-04-08 17:07:08,225902,-5.320801,3.9214172,-4.159027
2019-04-08 17:07:08,225921,-2.897873,3.4796906,-7.225998
2019-04-08 17:07:08,225942,1.058548,-0.49588013,-10.018845
2019-04-08 17:07:09,225962,-1.197998,-1.3578033,-11.395508
2019-04-08 17:07:09,225981,-2.8140717,-1.9635315,-8.482956
2019-04-08 17:07:09,226002,-2.8511963,-1.368576,-9.58429
2019-04-08 17:07:09,226021,-2.8787231,-1.3302612,-10.13855
2019-04-08 17:07:09,226042,-2.5710602,-0.41926575,-11.848007
2019-04-08 17:07:09,226061,-0.174469,0.012878418,-11.342834
2019-04-08 17:07:09,226082,0.3067627,-3.4287872,-8.745117
2019-04-08 17:07:09,226101,-1.5511322,-5.1801453,-7.9586334
2019-04-08 17:07:09,226122,-3.1779938,-2.19458,-7.2080383
2019-04-08 17:07:09,226142,-1.0734863,0.6641083,-6.7136383
2019-04-08 17:07:09,226161,1.2381134,-1.0860596,-4.940735
2019-04-08 17:07:09,226181,-1.83844,-1.2440796,-7.9358826
2019-04-08 17:07:09,226202,-2.3376312,-2.2209167,-6.9434814
2019-04-08 17:07:09,226221,-1.9904785,-3.6598206,-6.2802887
2019-04-08 17:07:09,226241,-2.059906,-6.1067047,-12.705139
2019-04-08 17:07:09,226262,0.2672577,-9.946991,-9.032425
2019-04-08 17:07:09,226281,-1.281784,-7.898758,-8.074753
2019-04-08 17:07:09,226301,-1.4912872,-2.0928192,-10.140945
2019-04-08 17:07:09,226322,0.5030823,-7.459427,-12.144882
2019-04-08 17:07:09,226341,0.9448242,-12.047913,-8.91391
2019-04-08 17:07:09,226361,-0.18763733,-8.512878,-9.856033
2019-04-08 17:07:09,226382,1.1746674,-8.408722,-9.002502
2019-04-08 17:07:09,226401,0.750885,-9.579483,-6.0504456
2019-04-08 17:07:09,226421,-1.3703766,-6.4215393,-6.5017548
2019-04-08 17:07:09,226441,-0.81851196,-7.13501,-7.4031677
2019-04-08 17:07:09,226462,-1.0064545,-8.447037,-6.8058167
2019-04-08 17:07:09,226481,-1.1309509,-7.7263794,-7.696457
2019-04-08 17:07:09,226501,-0.10383606,-7.5994873,-8.040024
2019-04-08 17:07:09,226522,-0.73591614,-7.259506,-9.115021
2019-04-08 17:07:09,226541,0.096069336,-8.964172,-9.6944275
2019-04-08 17:07:09,226561,0.09727478,-12.747025,-10.746674
2019-04-08 17:07:09,226582,-1.4290314,-11.12854,-11.633728
2019-04-08 17:07:09,226601,-1.110611,-9.602234,-7.9346924
2019-04-08 17:07:09,226621,-0.26783752,-9.323303,-4.949112
2019-04-08 17:07:09,226642,0.37739563,-8.461395,-5.155014
2019-04-08 17:07:09,226661,-0.644928,-8.206421,-7.914337
2019-04-08 17:07:09,226681,-1.0339966,-7.785034,-8.837296
2019-04-08 17:07:09,226702,0.24331665,-8.543991,-9.483734
2019-04-08 17:07:09,226721,0.2086029,-7.6150513,-9.906311
2019-04-08 17:07:09,226741,-0.27742004,-6.473007,-9.359238
2019-04-08 17:07:09,226762,-0.69880676,-6.581955,-7.5204926
2019-04-08 17:07:09,226781,-1.5463562,-6.459839,-6.9039764
2019-04-08 17:07:09,226802,-1.415863,-5.5093384,-6.7770844
2019-04-08 17:07:09,226822,-0.26783752,-5.3956146,-8.038834
2019-04-08 17:07:09,226841,-0.08708191,-4.799469,-8.828918
2019-04-08 17:07:09,226862,-1.0507507,-4.642639,-8.831314
2019-04-08 17:07:09,226881,-0.4126892,-6.0480347,-8.936661
2019-04-08 17:07:09,226902,-0.52401733,-7.0955048,-9.774628
2019-04-08 17:07:09,226921,-1.6672516,-6.3353424,-9.511261
2019-04-08 17:07:09,226942,-1.3164978,-5.653,-9.3472595
2019-04-08 17:07:10,226962,-0.68803406,-5.884033,-8.712799
2019-04-08 17:07:10,226981,-1.8492126,-5.095154,-9.13179
2019-04-08 17:07:10,227001,-1.8923035,-4.035721,-10.385147
2019-04-08 17:07:10,227021,-1.9928741,-3.6646118,-10.391144
2019-04-08 17:07:10,227041,-2.1760254,-4.530121,-10.508453
2019-04-08 17:07:10,227062,-0.9717407,-4.3194275,-9.575912
2019-04-08 17:07:10,227081,-0.42108154,-3.9303741,-10.000885
2019-04-08 17:07:10,227102,-1.2662201,-2.9595184,-9.062347
2019-04-08 17:07:10,227121,-2.0347595,-2.4926453,-9.043198
2019-04-08 17:07:10,227141,-2.2394714,-1.1351318,-8.541611
2019-04-08 17:07:10,227161,-2.8799133,-1.578064,-8.746323
2019-04-08 17:07:10,227182,-3.3228455,-1.6127777,-8.3824005
2019-04-08 17:07:10,227201,-3.2198944,-1.1207733,-7.454651
2019-04-08 17:07:10,227221,-3.2797546,-1.1997833,-6.6633606
2019-04-08 17:07:10,227241,-3.5874023,0.66290283,-6.865677
2019-04-08 17:07:10,227262,-2.4369965,0.77783203,-7.3780365
2019-04-08 17:07:10,227281,-2.6668396,0.27624512,-6.060028
2019-04-08 17:07:10,227301,-2.3855133,0.13258362,-6.3186035
2019-04-08 17:07:10,227322,-6.1647644,1.1920319,-8.330933
2019-04-08 17:07:10,227341,-2.114975,-0.88494873,-8.273468
2019-04-08 17:07:10,227361,-2.2801666,-0.2756195,-7.7144165
2019-04-08 17:07:10,227381,-2.751831,0.5791168,-9.324524
2019-04-08 17:07:10,227402,-0.38516235,-1.5768738,-9.134186
2019-04-08 17:07:10,227421,-1.3392487,-0.6467285,-7.9310913
2019-04-08 17:07:10,227441,-1.494873,-0.518631,-8.7535095
2019-04-08 17:07:10,227462,-0.42825317,-2.11557,-9.744705
2019-04-08 17:07:10,227481,0.52464294,-1.6929932,-7.9346924
2019-04-08 17:07:10,227501,0.23254395,-2.080841,-9.60704
2019-04-08 17:07:10,227522,-1.0974426,-3.0756378,-7.8257446
2019-04-08 17:07:10,227541,-2.0551147,-2.5596924,-7.58873
2019-04-08 17:07:10,227562,-2.2885437,-2.3286438,-7.8018036
2019-04-08 17:07:10,227582,-1.8037262,-3.2623901,-8.170517
2019-04-08 17:07:10,227601,-1.7271118,-4.482239,-9.918274
2019-04-08 17:07:10,227621,-1.5176239,-5.7188416,-10.175659
2019-04-08 17:07:10,227641,-1.0411682,-6.439499,-8.442261
2019-04-08 17:07:10,227661,-0.65211487,-5.491394,-8.917511
2019-04-08 17:07:10,227682,0.045791626,-6.444275,-8.059189
2019-04-08 17:07:10,227702,0.110443115,-8.965378,-8.473373
2019-04-08 17:07:10,227721,-0.550354,-9.062347,-11.678024
2019-04-08 17:07:10,227742,-0.09187317,-8.75827,-10.231918
2019-04-08 17:07:10,227761,-0.47613525,-8.158524,-8.409927
2019-04-08 17:07:10,227782,-1.071106,-7.729965,-7.033264
2019-04-08 17:07:10,227801,-0.89871216,-8.526047,-7.6078796
2019-04-08 17:07:10,227822,-0.9406128,-7.94664,-7.4366913
2019-04-08 17:07:10,227841,-0.427063,-7.4773865,-6.8932037
2019-04-08 17:07:10,227862,-0.7526703,-7.842499,-7.6186523
2019-04-08 17:07:10,227881,-0.9789276,-8.031631,-8.41951
2019-04-08 17:07:10,227901,-0.21157837,-8.503296,-8.417114
2019-04-08 17:07:10,227922,0.20262146,-8.911499,-8.077133
2019-04-08 17:07:10,227941,-0.9513855,-9.131775,-9.287415
2019-04-08 17:07:11,227961,-0.47494507,-10.137344,-9.824905
2019-04-08 17:07:11,227981,0.11642456,-9.906296,-8.878006
2019-04-08 17:07:11,228001,1.6283569,-8.306976,-9.687241
2019-04-08 17:07:11,228021,-0.0655365,-8.453018,-8.192062
2019-04-08 17:07:11,228042,-1.620575,-8.436264,-5.2148743
2019-04-08 17:07:11,228061,-0.7442932,-8.196838,-5.9487
2019-04-08 17:07:11,228081,-0.7598572,-7.4737854,-7.4319
2019-04-08 17:07:11,228101,-1.3835449,-5.3549194,-7.5288696
2019-04-08 17:07:11,228122,-1.8133087,-4.5516663,-6.9027863
2019-04-08 17:07:11,228141,-2.3914948,-4.227249,-8.377609
2019-04-08 17:07:11,228161,-0.7526703,-5.688904,-9.793777
2019-04-08 17:07:11,228182,1.1303711,-7.5288544,-10.920258
2019-04-08 17:07:11,228201,-0.41748047,-6.0743713,-10.786179
2019-04-08 17:07:11,228221,-0.9178772,-4.7312317,-8.071152
2019-04-08 17:07:11,228242,0.49710083,-5.748764,-6.841736
2019-04-08 17:07:11,228261,-0.79696655,-7.0500183,-8.6792755
2019-04-08 17:07:11,228281,-2.6668396,-6.5735626,-10.816101
2019-04-08 17:07:11,228302,-2.459732,-5.8457336,-11.367966
2019-04-08 17:07:11,228321,-1.5008545,-5.661377,-11.1692505
2019-04-08 17:07:11,228341,-0.937027,-5.736801,-11.442184
2019-04-08 17:07:11,228362,-1.4817047,-5.661377,-9.8177185
2019-04-08 17:07:11,228381,-0.47613525,-4.5576477,-9.129395
2019-04-08 17:07:11,228402,-0.76823425,-3.8070679,-8.542816
2019-04-08 17:07:11,228421,-2.0503235,-3.0277557,-8.918701
2019-04-08 17:07:11,228442,-2.6141663,-3.3952637,-9.171295
2019-04-08 17:07:11,228462,-1.2710114,-2.566864,-7.6665344
2019-04-08 17:07:11,228482,-1.2458801,-0.7137604,-7.995743
2019-04-08 17:07:11,228501,-1.8899231,-1.0034637,-7.7814636
2019-04-08 17:07:11,228522,-2.4453735,-1.5888367,-9.493317
2019-04-08 17:07:11,228541,-3.1001892,-0.62397766,-9.632172
2019-04-08 17:07:11,228562,-3.6125488,0.65093994,-10.404297
2019-04-08 17:07:11,228581,-1.079483,-1.1770325,-8.783432
2019-04-08 17:07:11,228602,-1.6852112,-1.815094,-6.4371185
2019-04-08 17:07:11,228621,-4.408615,-0.4013214,-3.0612946
2019-04-08 17:07:11,228642,-3.2869263,0.4151001,-6.372467
2019-04-08 17:07:11,228661,-3.4736786,1.485321,-5.6147003
2019-04-08 17:07:11,228682,-3.0774384,1.758255,-8.280655
2019-04-08 17:07:11,228701,-2.0958252,1.5188293,-11.590637
2019-04-08 17:07:11,228722,0.5557556,-1.8414307,-9.538803
2019-04-08 17:07:11,228741,-1.3512268,-2.8733368,-6.921936
2019-04-08 17:07:11,228761,-3.989624,0.8161316,-7.4331055
2019-04-08 17:07:11,228782,-2.3148804,0.5264435,-8.363251
2019-04-08 17:07:11,228801,-0.629364,-1.7696075,-10.193619
2019-04-08 17:07:11,228821,0.40612793,-3.705307,-10.103836
2019-04-08 17:07:11,228842,-1.1369476,-4.3302,-10.476135
2019-04-08 17:07:11,228861,-1.3631897,-3.8369904,-9.146149
2019-04-08 17:07:11,228881,-1.055542,-3.2755585,-6.3581085
2019-04-08 17:07:11,228902,-0.30973816,-3.1642303,-7.313385
2019-04-08 17:07:11,228921,-0.4198761,-3.6777802,-8.670898
2019-04-08 17:07:11,228941,-1.3596039,-4.8126373,-9.22995
2019-04-08 17:07:12,228961,-2.4190369,-5.2483826,-9.401138
2019-04-08 17:07:12,228981,-2.538742,-5.374069,-9.259872
2019-04-08 17:07:12,229002,-1.197998,-6.9518585,-10.072708
2019-04-08 17:07:12,229021,0.064941406,-7.464218,-7.4570465
2019-04-08 17:07:12,229041,-0.71076965,-6.875244,-7.586334
2019-04-08 17:07:12,229062,-0.506073,-7.780243,-8.816956
2019-04-08 17:07:12,229081,0.026641846,-8.842072,-9.262268
2019-04-08 17:07:12,229101,-0.41508484,-8.667297,-9.160522
2019-04-08 17:07:12,229122,-0.30615234,-8.77623,-9.325714
2019-04-08 17:07:12,229141,-0.1517334,-9.264648,-9.160522
2019-04-08 17:07:12,229161,-0.46177673,-8.863617,-7.783844
2019-04-08 17:07:12,229182,-1.8456268,-6.6681366,-7.143402
2019-04-08 17:07:12,229201,-0.5575409,-7.112259,-7.739563
2019-04-08 17:07:12,229222,0.19064331,-9.085083,-8.640976
2019-04-08 17:07:12,229241,-0.3839569,-9.897919,-9.915894
2019-04-08 17:07:12,229262,-0.4953003,-10.180435,-11.099823
2019-04-08 17:07:12,229281,0.4049225,-11.539139,-11.5403595
2019-04-08 17:07:12,229302,0.37979126,-10.302536,-9.444229
2019-04-08 17:07:12,229322,0.28640747,-7.1110687,-7.51091
2019-04-08 17:07:12,229341,2.09523,-6.8417206,-4.748001
2019-04-08 17:07:12,229362,-0.1277771,-8.704407,-4.2523956
2019-04-08 17:07:12,229381,-2.3974915,-6.967407,-5.696106
2019-04-08 17:07:12,229402,-2.641693,-5.056839,-7.3588867
2019-04-08 17:07:12,229421,-1.5223999,-5.4614563,-8.527252
2019-04-08 17:07:12,229442,0.37260437,-6.4921722,-9.955399
2019-04-08 17:07:12,229461,0.5437927,-6.1617584,-7.842514
2019-04-08 17:07:12,229481,-0.2032013,-6.368866,-7.467819
2019-04-08 17:07:12,229502,-0.842453,-7.0583954,-8.529648
2019-04-08 17:07:12,229521,-1.6098022,-7.6198273,-11.433807
2019-04-08 17:07:12,229541,-3.0606842,-5.4746246,-11.28537
2019-04-08 17:07:12,229561,-1.8204803,-5.048462,-8.782227
2019-04-08 17:07:12,229582,-0.23432922,-5.2256317,-7.202057
2019-04-08 17:07:12,229601,-0.6114197,-5.637436,-8.439865
2019-04-08 17:07:12,229621,-0.7993622,-6.370056,-9.478943
2019-04-08 17:07:12,229642,-1.2291107,-6.2288055,-10.29657
2019-04-08 17:07:12,229661,-1.0567322,-4.9598694,-10.161285
2019-04-08 17:07:12,229681,-0.6281738,-5.1609955,-10.249878
2019-04-08 17:07:12,229702,-1.1956024,-4.6079254,-9.186859
2019-04-08 17:07:12,229721,-1.3691711,-3.8753052,-8.541611
2019-04-08 17:07:12,229741,-1.7606354,-2.9954376,-8.919907
2019-04-08 17:07:12,229762,-1.956955,-3.135498,-9.551971
2019-04-08 17:07:12,229781,-1.8875275,-4.131485,-9.001297
2019-04-08 17:07:12,229801,-1.5307922,-3.4934235,-7.9550323
2019-04-08 17:07:12,229822,-1.7163391,-0.6119995,-9.759064
2019-04-08 17:07:12,229841,-2.4250183,0.19604492,-8.686462
2019-04-08 17:07:12,229861,-2.1173706,-1.9503632,-8.979752
2019-04-08 17:07:12,229882,-1.4386139,-1.6762238,-9.416702
2019-04-08 17:07:12,229901,-2.466919,-0.56292725,-9.517258
2019-04-08 17:07:12,229921,-2.6428986,-0.75445557,-8.9713745
2019-04-08 17:07:12,229942,-2.4190369,-0.24569702,-7.478592
2019-04-08 17:07:13,229961,-3.308487,0.5910797,-6.070801
2019-04-08 17:07:13,229981,-3.7118988,1.4482117,-6.870468
2019-04-08 17:07:13,230002,-2.680008,-0.012252808,-6.8525085
2019-04-08 17:07:13,230022,-2.4585419,-0.31033325,-6.331772
2019-04-08 17:07:13,230041,-2.624939,0.22117615,-8.280655
2019-04-08 17:07:13,230062,-2.4381866,-0.47673035,-7.4821777
2019-04-08 17:07:13,230081,-2.7494354,0.16610718,-7.712021
2019-04-08 17:07:13,230102,-2.1341248,0.17329407,-7.7934265
2019-04-08 17:07:13,230121,-2.3077087,0.2666626,-9.259872
2019-04-08 17:07:13,230142,-1.1309509,-0.6515045,-9.415497
2019-04-08 17:07:13,230162,-0.67007446,-1.1351318,-10.114609
2019-04-08 17:07:13,230181,-0.50128174,-1.744461,-9.573517
2019-04-08 17:07:13,230202,-1.4577637,-2.2352753,-8.55957
2019-04-08 17:07:13,230221,-2.3340454,-2.0018463,-9.09108
2019-04-08 17:07:13,230241,-1.6277466,-2.748825,-8.743927
2019-04-08 17:07:13,230262,-0.8436432,-4.1183167,-9.726746
2019-04-08 17:07:13,230281,-0.94898987,-4.740799,-7.415146
2019-04-08 17:07:13,230302,-1.5523376,-4.2440033,-6.8369446
2019-04-08 17:07:13,230321,-1.8983002,-3.712494,-8.095093
2019-04-08 17:07:13,230342,-1.1237793,-5.1298676,-8.988129
2019-04-08 17:07:13,230362,-1.2674255,-6.0300903,-8.116638
2019-04-08 17:07:13,230381,-1.6636658,-6.152191,-9.48613
2019-04-08 17:07:13,230401,-0.2822113,-7.516876,-9.964966
2019-04-08 17:07:13,230422,-0.18763733,-7.3600616,-9.367615
2019-04-08 17:07:13,230441,0.19064331,-7.7000427,-9.7854
2019-04-08 17:07:13,230462,1.4655609,-9.416687,-8.496124
2019-04-08 17:07:13,230481,0.4037323,-9.632156,-7.606674
2019-04-08 17:07:13,230501,-1.0734863,-8.6397705,-8.002914
2019-04-08 17:07:13,230522,-0.32769775,-8.14296,-8.199249
2019-04-08 17:07:13,230541,-0.30256653,-8.462601,-7.902359
2019-04-08 17:07:13,230561,-1.0339966,-8.512878,-8.135803
2019-04-08 17:07:13,230581,-1.4577637,-7.776657,-8.800186
2019-04-08 17:07:13,230601,-0.035614014,-7.4031525,-8.196854
2019-04-08 17:07:13,230621,-0.33488464,-8.193253,-8.414719
2019-04-08 17:07:13,230641,-0.90470886,-8.6792755,-9.356842
2019-04-08 17:07:13,230662,-0.68803406,-9.220352,-9.1844635
2019-04-08 17:07:13,230681,-0.921463,-8.279434,-7.7694855
2019-04-08 17:07:13,230701,-1.031601,-6.79982,-7.0069275
2019-04-08 17:07:13,230722,-0.213974,-6.9123535,-7.1960754
2019-04-08 17:07:13,230741,-1.0303955,-7.424713,-7.443878
2019-04-08 17:07:13,230761,-0.55514526,-7.7335663,-7.4486694
2019-04-08 17:07:13,230782,0.51026917,-8.582306,-9.531616
2019-04-08 17:07:13,230801,0.8083496,-8.289017,-10.762238
2019-04-08 17:07:13,230821,0.8095398,-7.5599823,-9.393951
2019-04-08 17:07:13,230842,0.6575165,-7.11586,-7.8484955
2019-04-08 17:07:13,230861,-0.25827026,-6.9171295,-7.5552063
2019-04-08 17:07:13,230882,-1.5403595,-6.233597,-7.3229675
2019-04-08 17:07:13,230902,-1.3045349,-5.388443,-6.8249664
2019-04-08 17:07:13,230921,-0.427063,-5.63385,-8.002914
2019-04-08 17:07:13,230942,-0.3336792,-6.160568,-9.568726
2019-04-08 17:07:14,230961,-1.2015839,-6.2012634,-10.114609
2019-04-08 17:07:14,230981,-0.7059784,-6.3916016,-9.178467
2019-04-08 17:07:14,231002,-0.86520386,-6.234787,-9.129395
2019-04-08 17:07:14,231021,-1.0675049,-6.1019135,-8.8133545
2019-04-08 17:07:14,231042,-1.4350128,-5.453079,-9.148544
2019-04-08 17:07:14,231061,-1.4434052,-4.883255,-10.102631
2019-04-08 17:07:14,231082,-0.9190674,-5.286682,-10.356415
2019-04-08 17:07:14,231101,-1.0842743,-5.0819855,-10.216354
2019-04-08 17:07:14,231122,-0.9884949,-4.566025,-9.067139
2019-04-08 17:07:14,231141,-1.6385193,-4.3792877,-8.970184
2019-04-08 17:07:14,231161,-2.1042023,-3.4431458,-9.56514
2019-04-08 17:07:14,231181,-2.1879883,-2.993042,-9.003693
2019-04-08 17:07:14,231202,-2.0970154,-2.5525055,-8.640976
2019-04-08 17:07:14,231221,-1.6277466,-2.9355774,-8.666107
2019-04-08 17:07:14,231241,-1.9677277,-1.8342438,-8.157349
2019-04-08 17:07:14,231261,-2.8523865,-1.0513458,-8.388382
2019-04-08 17:07:14,231282,-3.4617157,-0.26365662,-8.423096
2019-04-08 17:07:14,231301,-2.8488007,-0.51264954,-8.2603
2019-04-08 17:07:14,231321,-2.3196716,-1.1806335,-8.468597
2019-04-08 17:07:14,231342,-2.403473,-0.35821533,-8.873215
2019-04-08 17:07:14,231361,-2.2131348,-0.37019348,-8.231567
2019-04-08 17:07:14,231381,-2.399887,-0.012252808,-7.7455444
2019-04-08 17:07:14,231402,-2.2885437,0.2953949,-6.28508
2019-04-08 17:07:14,231421,-1.9832916,1.14534,-8.888779
2019-04-08 17:07:14,231441,-3.270172,0.059570312,-6.482605
2019-04-08 17:07:14,231462,-3.0080109,-0.30793762,-7.0608063
2019-04-08 17:07:14,231481,-1.8396454,-0.16189575,-6.901581
2019-04-08 17:07:14,231501,-1.7271118,-0.266037,-7.838913
2019-04-08 17:07:14,231521,-3.0307465,1.4793243,-8.948624
2019-04-08 17:07:14,231542,-1.3512268,1.584671,-8.424301
2019-04-08 17:07:14,231561,-0.020050049,-1.1686554,-9.179672
2019-04-08 17:07:14,231581,-0.9992676,-2.7057343,-9.549576
2019-04-08 17:07:14,231602,-1.0842743,-2.6087646,-9.834488
2019-04-08 17:07:14,231621,-0.2427063,-2.2484436,-8.582321
2019-04-08 17:07:14,231641,-0.89871216,-1.918045,-8.959396
2019-04-08 17:07:14,231662,-2.2945404,-2.2640076,-9.396347
2019-04-08 17:07:14,231682,-2.0383606,-3.6622162,-8.863632
2019-04-08 17:07:14,231701,-1.7007751,-4.27034,-8.691254
2019-04-08 17:07:14,231722,-1.4960632,-4.2404175,-7.878418
2019-04-08 17:07:14,231741,-0.9789276,-4.641449,-8.298599
2019-04-08 17:07:14,231762,-0.18405151,-5.8301697,-9.077911
2019-04-08 17:07:14,231782,-0.30615234,-6.413162,-8.563156
2019-04-08 17:07:14,231801,-0.46775818,-5.9798126,-9.1054535
2019-04-08 17:07:14,231822,-0.22834778,-5.741577,-8.278259
2019-04-08 17:07:14,231842,-0.10862732,-6.585541,-7.82695
2019-04-08 17:07:14,231861,-0.6221924,-7.3038025,-8.1645355
2019-04-08 17:07:14,231882,-0.19721985,-8.316544,-9.174881
2019-04-08 17:07:14,231901,0.25888062,-9.156906,-8.6744995
2019-04-08 17:07:14,231922,-0.50128174,-8.322525,-8.5164795
2019-04-08 17:07:14,231941,-0.4593811,-7.9753723,-8.235153
2019-04-08 17:07:15,231962,-0.07032776,-8.028046,-7.7216034
2019-04-08 17:07:15,231981,-0.4881134,-8.724762,-8.0903015
2019-04-08 17:07:15,232001,-0.174469,-9.165298,-8.405151
2019-04-08 17:07:15,232021,-0.0032806396,-9.530411,-8.431488
2019-04-08 17:07:15,232042,-0.90231323,-8.75708,-8.250717
2019-04-08 17:07:15,232061,-1.4386139,-7.21402,-8.190872
2019-04-08 17:07:15,232081,-0.6437378,-7.9801636,-8.614639
2019-04-08 17:07:15,232102,-0.8328705,-9.016846,-8.632599
2019-04-08 17:07:15,232121,-1.0088501,-8.435059,-8.891174
2019-04-08 17:07:15,232141,-0.26306152,-8.182465,-8.742722
2019-04-08 17:07:15,232161,-0.17327881,-8.864822,-8.469788
2019-04-08 17:07:15,232182,-0.13017273,-7.842499,-7.6868896
2019-04-08 17:07:15,232201,0.43006897,-7.006912,-7.756317
2019-04-08 17:07:15,232221,0.108047485,-6.9159393,-8.175308
2019-04-08 17:07:15,232242,-0.3839569,-7.4654083,-8.699631
2019-04-08 17:07:15,232261,-0.34805298,-7.6437836,-9.069534
2019-04-08 17:07:15,232281,-0.70957947,-7.0200806,-8.964188
2019-04-08 17:07:15,232301,-1.0818787,-6.238373,-7.893982
2019-04-08 17:07:15,232322,-1.4541779,-5.427948,-7.246353
2019-04-08 17:07:15,232341,-0.6461334,-6.057617,-8.146576
2019-04-08 17:07:15,232361,-0.4019165,-6.4454803,-9.670486
2019-04-08 17:07:15,232382,-0.82928467,-6.5244904,-11.079468
2019-04-08 17:07:15,232401,-0.7945709,-7.3828125,-10.154114
2019-04-08 17:07:15,232421,-1.1477203,-7.203247,-9.5603485
2019-04-08 17:07:15,232442,-1.3308716,-6.061203,-9.008484
2019-04-08 17:07:15,232461,-1.2243347,-5.199295,-8.600281
2019-04-08 17:07:15,232481,-1.0303955,-5.1178894,-9.082703
2019-04-08 17:07:15,232502,-1.031601,-5.068817,-9.562744
2019-04-08 17:07:15,232522,-0.9681549,-5.0819855,-9.652527
2019-04-08 17:07:15,232541,-0.9334259,-4.7491913,-9.182068
2019-04-08 17:07:15,232562,-1.2722168,-3.8800964,-9.474152
2019-04-08 17:07:15,232582,-0.9908905,-3.479065,-8.702026
2019-04-08 17:07:15,232601,-1.039978,-3.8465729,-7.7287903
2019-04-08 17:07:15,232621,-1.9713135,-2.7512207,-7.744339
2019-04-08 17:07:15,232642,-2.8799133,-1.3697662,-8.784622
2019-04-08 17:07:15,232661,-3.45932,0.42349243,-9.763855
2019-04-08 17:07:15,232681,-3.2019348,0.7790222,-9.518448
2019-04-08 17:07:15,232702,-1.9880829,-1.6319427,-9.274246
2019-04-08 17:07:15,232721,-1.0770874,-2.6602478,-9.141357
2019-04-08 17:07:15,232742,-2.6919708,-0.6119995,-9.204803
2019-04-08 17:07:15,232761,-3.5491028,0.5491791,-8.455429
2019-04-08 17:07:15,232781,-2.8356323,0.4833374,-8.3033905
2019-04-08 17:07:15,232802,-2.185608,0.62939453,-6.743576
2019-04-08 17:07:15,232821,-0.9573822,-0.32829285,-6.3138123
2019-04-08 17:07:15,232841,-2.8080902,-0.41448975,-5.3824615
2019-04-08 17:07:15,232861,-3.644867,0.91789246,-6.5675964
2019-04-08 17:07:15,232882,-3.3886871,0.05836487,-7.7371674
2019-04-08 17:07:15,232901,-1.3188934,-0.7604523,-8.267487
2019-04-08 17:07:15,232922,-1.6181793,-0.82748413,-8.262695
2019-04-08 17:07:15,232941,-1.7414703,-0.6862335,-9.674072
2019-04-08 17:07:16,232961,-2.111374,0.64016724,-8.435074
2019-04-08 17:07:16,232981,-1.0136414,0.14216614,-7.4378815
2019-04-08 17:07:16,233002,-0.6628876,-0.9040985,-9.336487
2019-04-08 17:07:16,233021,-0.8520355,-2.724884,-9.632172
2019-04-08 17:07:16,233041,-0.23072815,-4.1422577,-7.893982
2019-04-08 17:07:16,233061,-1.7330933,-2.6243286,-10.2438965
2019-04-08 17:07:16,233082,-2.8883057,-1.8270569,-8.75589
2019-04-08 17:07:16,233101,-1.3548126,-3.4144135,-8.153748
2019-04-08 17:07:16,233121,-1.7163391,-4.100357,-9.630981
2019-04-08 17:07:16,233142,-1.0603333,-5.8732605,-11.163269
2019-04-08 17:07:16,233161,0.013473511,-7.53125,-8.522461
2019-04-08 17:07:16,233181,-1.5391693,-5.7858734,-6.645401
2019-04-08 17:07:16,233202,-0.81851196,-5.056839,-7.4761963
2019-04-08 17:07:16,233221,0.32591248,-6.870453,-8.496124
2019-04-08 17:07:16,233241,0.2205658,-8.685257,-9.262268
2019-04-08 17:07:16,233262,-1.9078674,-8.087906,-9.2682495
2019-04-08 17:07:16,233281,-1.0866547,-7.668915,-8.929474
2019-04-08 17:07:16,233302,-0.38516235,-7.8688354,-9.000107
2019-04-08 17:07:16,233321,0.7891998,-8.822922,-8.426697
2019-04-08 17:07:16,233341,-0.3624115,-8.558365,-7.630615
2019-04-08 17:07:16,233362,-0.9573822,-6.866852,-7.8125763
2019-04-08 17:07:16,233382,0.3390808,-7.8221436,-7.534851
2019-04-08 17:07:16,233401,-0.2941742,-9.555542,-8.676895
2019-04-08 17:07:16,233422,-0.43185425,-9.9170685,-9.544785
2019-04-08 17:07:16,233442,-0.11820984,-10.61618,-9.186859
2019-04-08 17:07:16,233461,-0.8675995,-9.535202,-8.628998
2019-04-08 17:07:16,233482,-0.8639984,-7.9095306,-7.2511444
2019-04-08 17:07:16,233501,-0.5467682,-6.0635986,-5.5237274
2019-04-08 17:07:16,233522,-0.43902588,-6.162964,-6.2240295
2019-04-08 17:07:16,233541,-1.376358,-8.151352,-8.5954895
2019-04-08 17:07:16,233562,-1.7809753,-9.049179,-9.690826
2019-04-08 17:07:16,233581,-0.37557983,-8.967773,-9.311356
2019-04-08 17:07:16,233601,0.62997437,-8.747498,-9.355637
2019-04-08 17:07:16,233622,-0.037994385,-7.910736,-9.142563
2019-04-08 17:07:16,233641,-0.5252228,-7.4570312,-8.166916
2019-04-08 17:07:16,233661,-0.664093,-7.5994873,-6.9506683
2019-04-08 17:07:16,233682,-1.9210358,-6.1054993,-7.0548096
2019-04-08 17:07:16,233701,-1.3859406,-5.772705,-7.9682007
2019-04-08 17:07:16,233721,-0.14094543,-7.1182556,-9.465775
2019-04-08 17:07:16,233741,-1.0196228,-6.490967,-9.932648
2019-04-08 17:07:16,233762,-1.2602386,-4.5600433,-8.808563
2019-04-08 17:07:16,233781,-0.0368042,-4.7623596,-7.308609
2019-04-08 17:07:16,233801,-0.1672821,-5.685318,-7.293045
2019-04-08 17:07:16,233821,-2.5662842,-4.5169525,-9.769836
2019-04-08 17:07:16,233841,-1.8456268,-5.213669,-10.879547
2019-04-08 17:07:16,233861,0.2995758,-7.498932,-10.286987
2019-04-08 17:07:16,233881,-0.22235107,-7.167328,-10.224747
2019-04-08 17:07:16,233901,-0.802948,-4.2284546,-9.986511
2019-04-08 17:07:16,233922,-0.7490845,-4.253586,-9.262268
2019-04-08 17:07:16,233941,-2.0215912,-4.831787,-9.518448
2019-04-08 17:07:17,233961,-2.3184814,-4.435547,-9.915894
2019-04-08 17:07:17,233982,-1.6804199,-4.277527,-8.454224
2019-04-08 17:07:17,234001,-1.8025208,-3.313858,-7.914337
2019-04-08 17:07:17,234022,-2.0706787,-2.1287384,-7.039261
2019-04-08 17:07:17,234041,-2.5507202,-0.80952454,-7.7778625
2019-04-08 17:07:17,234061,-2.6668396,-0.23731995,-8.472183
2019-04-08 17:07:17,234082,-2.3795319,-0.7772064,-8.411133
2019-04-08 17:07:17,234101,-1.707962,-0.38694763,-8.178894
2019-04-08 17:07:17,234121,-2.0922241,-0.8657837,-7.8293457
2019-04-08 17:07:17,234142,-3.4150238,0.22117615,-8.41951
2019-04-08 17:07:17,234161,-3.7861176,1.0723114,-8.980957
2019-04-08 17:07:17,234182,-2.798523,0.4725647,-8.275864
2019-04-08 17:07:17,234201,-1.9318085,-0.6850281,-7.9705963
2019-04-08 17:07:17,234221,-1.8575897,-0.6778412,-6.008545
2019-04-08 17:07:17,234242,-3.4880524,0.7036133,-7.806595
2019-04-08 17:07:17,234262,-5.1496277,1.114212,-7.8245544
2019-04-08 17:07:17,234282,-1.9042816,0.23075867,-7.6665344
2019-04-08 17:07:17,234301,-1.5690918,-0.46237183,-7.4187317
2019-04-08 17:07:17,234322,-3.1564484,-1.0178223,-7.485779
2019-04-08 17:07:17,234342,-2.3855133,-0.28520203,-7.6832886
2019-04-08 17:07:17,234361,-0.5934601,-0.10803223,-7.202057
2019-04-08 17:07:17,234382,-0.684433,-0.7484741,-8.210022
2019-04-08 17:07:17,234401,-0.6114197,-1.6367188,-9.182068
2019-04-08 17:07:17,234421,0.081710815,-2.474701,-10.046371
2019-04-08 17:07:17,234442,-0.65211487,-3.2456207,-10.312134
2019-04-08 17:07:17,234461,-1.3141174,-3.7280579,-9.701599
2019-04-08 17:07:17,234481,-0.77182007,-3.6825714,-7.727585
2019-04-08 17:07:17,234502,-0.7742157,-4.4582977,-9.000107
2019-04-08 17:07:17,234521,-0.44740295,-6.353302,-10.015244
2019-04-08 17:07:17,234541,-0.018844604,-6.653778,-9.040802
2019-04-08 17:07:17,234562,-1.4828949,-5.1370544,-8.369232
2019-04-08 17:07:17,234581,-1.1417236,-5.977417,-7.9550323
2019-04-08 17:07:17,234601,-0.38874817,-7.1613464,-9.203613
2019-04-08 17:07:17,234622,0.1583252,-6.5951233,-7.6042786
2019-04-08 17:07:17,234641,0.30915833,-6.2240143,-6.376053
2019-04-08 17:07:17,234661,-0.81970215,-6.4849854,-7.490555
2019-04-08 17:07:17,234682,-0.39952087,-7.921509,-8.746323
2019-04-08 17:07:17,234701,0.29240417,-9.174866,-9.219177
2019-04-08 17:07:17,234721,0.10444641,-9.106628,-8.990524
2019-04-08 17:07:17,234742,-0.47494507,-7.8149567,-9.571121
2019-04-08 17:07:17,234761,0.87060547,-8.543991,-8.687668
2019-04-08 17:07:17,234781,-0.17807007,-10.083466,-9.219177
2019-04-08 17:07:17,234802,-0.842453,-10.02002,-9.500488
2019-04-08 17:07:17,234821,-0.052368164,-12.864334,-9.574707
2019-04-08 17:07:17,234842,-1.1010284,-9.641739,-8.854065
2019-04-08 17:07:17,234861,-1.4996643,-5.8960114,-7.3828278
2019-04-08 17:07:17,234881,0.12719727,-7.4079437,-6.2910614
2019-04-08 17:07:17,234902,0.01586914,-8.120224,-6.9913635
2019-04-08 17:07:17,234921,-0.95617676,-7.187683,-8.119034
2019-04-08 17:07:17,234941,-3.0115967,-5.9642487,-9.147354
2019-04-08 17:07:18,234962,-1.5559235,-7.5647736,-7.502533
2019-04-08 17:07:18,234981,0.7365265,-10.717926,-8.037643
2019-04-08 17:07:18,235002,0.41690063,-10.382736,-10.295364
2019-04-08 17:07:18,235021,-0.664093,-7.795807,-10.252274
2019-04-08 17:07:18,235041,-0.066726685,-6.346115,-8.138199
2019-04-08 17:07:18,235062,0.13078308,-6.9410706,-6.6118927
2019-04-08 17:07:18,235082,-0.8616028,-6.70166,-7.5839386
2019-04-08 17:07:18,235101,-1.0854645,-6.3592834,-8.492538
2019-04-08 17:07:18,235122,-0.59465027,-6.073181,-9.311356
2019-04-08 17:07:18,235141,-0.79696655,-5.2807007,-8.972565
2019-04-08 17:07:18,235162,-1.3596039,-4.9203644,-8.426697
2019-04-08 17:07:18,235181,-0.644928,-6.314987,-8.951019
2019-04-08 17:07:18,235202,-0.02482605,-7.397171,-8.972565
2019-04-08 17:07:18,235221,-1.4134674,-5.3561096,-9.039612
2019-04-08 17:07:18,235242,-1.3643951,-4.6210938,-10.264236
2019-04-08 17:07:18,235261,0.011077881,-6.6681366,-10.442612
2019-04-08 17:07:18,235281,-0.10144043,-6.1617584,-9.391556
2019-04-08 17:07:18,235302,-1.1477203,-3.8537598,-9.756668
2019-04-08 17:07:18,235322,-2.0802612,-3.6897583,-9.909897
2019-04-08 17:07:18,235341,-2.0706787,-4.016556,-9.1689
2019-04-08 17:07:18,235361,-1.9737091,-3.1007843,-9.981735
2019-04-08 17:07:18,235382,-2.059906,-2.8027039,-9.431061
2019-04-08 17:07:18,235401,-2.5471191,-3.2456207,-8.797791
2019-04-08 17:07:18,235421,-1.6133881,-3.095993,-6.032486
2019-04-08 17:07:18,235441,-4.3858795,1.3787689,-9.318527
2019-04-08 17:07:18,235462,-4.7581635,3.9537354,-6.835739
2019-04-08 17:07:18,235481,-1.0962372,-4.479843,-6.510132
2019-04-08 17:07:18,235501,-2.3424225,-0.9627533,-8.188477
2019-04-08 17:07:18,235522,-3.8004913,3.6305237,-7.6006927
2019-04-08 17:07:18,235541,-1.786972,-1.2560425,-8.983353
2019-04-08 17:07:18,235561,-1.6193695,-0.7305145,-8.733154
2019-04-08 17:07:18,235582,-2.193985,1.9892883,-8.636185
2019-04-08 17:07:18,235601,-1.9473724,1.30336,-8.530838
2019-04-08 17:07:18,235621,-1.4434052,0.3061676,-7.890396
2019-04-08 17:07:18,235642,-2.147293,-0.9304352,-7.367264
2019-04-08 17:07:18,235661,-2.6153564,-0.2828064,-8.0065155
2019-04-08 17:07:18,235681,-2.7219086,-0.36898804,-8.836105
2019-04-08 17:07:18,235702,-0.550354,-0.47673035,-7.7299805
2019-04-08 17:07:18,235721,-1.2614441,-0.71136475,-8.067566
2019-04-08 17:07:18,235741,-2.138916,-1.1949921,-7.215225
2019-04-08 17:07:18,235762,-1.0806732,-1.6905975,-7.4342957
2019-04-08 17:07:18,235781,-1.5188141,-1.0980225,-8.216003
2019-04-08 17:07:18,235801,-1.8827362,-1.4607544,-9.148544
2019-04-08 17:07:18,235822,-0.54437256,-2.6734161,-9.869202
2019-04-08 17:07:18,235842,-0.6437378,-3.558075,-9.745895
2019-04-08 17:07:18,235862,-1.7139435,-3.7651672,-10.31691
2019-04-08 17:07:18,235881,-1.2434845,-3.7292633,-10.099045
2019-04-08 17:07:18,235902,-0.8807678,-5.2280273,-6.8321533
2019-04-08 17:07:18,235921,-2.2286987,-5.963043,-8.388382
2019-04-08 17:07:18,235942,-2.6153564,-5.2591553,-9.3628235
2019-04-08 17:07:19,235961,-1.5535278,-4.906006,-9.650131
2019-04-08 17:07:19,235982,0.59046936,-5.5955353,-11.397903
2019-04-08 17:07:19,236001,1.5673065,-9.0551605,-8.407547
2019-04-08 17:07:19,236022,-1.5906372,-8.066345,-6.841736
2019-04-08 17:07:19,236041,-2.9948425,-6.0791626,-7.0464325
2019-04-08 17:07:19,236062,-1.9342041,-4.6438446,-8.075943
2019-04-08 17:07:19,236081,0.80714417,-6.5484314,-8.029251
2019-04-08 17:07:19,236101,1.3183136,-8.900726,-9.432251
2019-04-08 17:07:19,236122,0.105651855,-10.492874,-10.559921
2019-04-08 17:07:19,236141,-0.04399109,-10.638916,-11.133331
2019-04-08 17:07:19,236162,-0.3983307,-9.577087,-9.976944
2019-04-08 17:07:19,236181,-0.82569885,-7.140991,-7.3983765
2019-04-08 17:07:19,236201,-1.4182587,-5.0867615,-5.194519
2019-04-08 17:07:19,236222,-1.1118011,-5.8529205,-5.629074
2019-04-08 17:07:19,236241,-0.41748047,-7.84848,-7.2954407
2019-04-08 17:07:19,236262,-0.23912048,-10.936996,-10.492889
2019-04-08 17:07:19,236281,-1.6397247,-9.501678,-10.513245
2019-04-08 17:07:19,236301,-0.92744446,-6.325775,-7.6665344
2019-04-08 17:07:19,236322,-0.32051086,-6.9446716,-5.9439087
2019-04-08 17:07:19,236341,-0.9250488,-8.10347,-6.1881104
2019-04-08 17:07:19,236361,-0.5096588,-9.7039795,-7.7814636
2019-04-08 17:07:19,236382,-0.82569885,-8.822922,-9.312546
2019-04-08 17:07:19,236401,-2.3077087,-6.7938385,-8.809769
2019-04-08 17:07:19,236421,-0.7993622,-8.256699,-7.5216827
2019-04-08 17:07:19,236442,0.5042877,-9.780594,-7.1529846
2019-04-08 17:07:19,236461,-0.9801178,-8.371613,-8.194458
2019-04-08 17:07:19,236481,-1.249466,-7.299011,-7.0691833
2019-04-08 17:07:19,236502,-1.0531464,-7.0428314,-5.9774323
2019-04-08 17:07:19,236521,-0.7598572,-6.839325,-6.7016754
2019-04-08 17:07:19,236541,-0.43902588,-6.9470673,-8.881592
2019-04-08 17:07:19,236562,0.110443115,-7.716797,-9.609436
2019-04-08 17:07:19,236581,0.6287842,-7.445053,-8.997711
2019-04-08 17:07:19,236601,0.42407227,-7.3002014,-8.7535095
2019-04-08 17:07:19,236622,-0.27622986,-7.5839233,-8.289032
2019-04-08 17:07:19,236641,-0.08229065,-8.1896515,-8.673294
2019-04-08 17:07:19,236662,-1.1369476,-7.1062775,-10.377975
2019-04-08 17:07:19,236682,-0.9897003,-6.3042145,-10.382751
2019-04-08 17:07:19,236701,-0.4881134,-6.1114807,-9.275436
2019-04-08 17:07:19,236721,-0.7742157,-5.09993,-8.798996
2019-04-08 17:07:19,236741,-1.0687103,-4.2607727,-8.51767
2019-04-08 17:07:19,236762,-1.6876068,-3.8693237,-8.492538
2019-04-08 17:07:19,236781,-1.6828156,-3.2169037,-7.791031
2019-04-08 17:07:19,236802,-1.4493866,-3.0971832,-8.727173
2019-04-08 17:07:19,236821,-0.91667175,-3.9375458,-9.338882
2019-04-08 17:07:19,236842,-2.1101837,-3.4682922,-9.739914
2019-04-08 17:07:19,236861,-1.9485779,-2.8386078,-9.301773
2019-04-08 17:07:19,236882,-1.7462616,-2.68898,-8.711609
2019-04-08 17:07:19,236901,-1.877945,-2.6339111,-9.042007
2019-04-08 17:07:19,236921,-2.7386627,-1.9755096,-8.460205
2019-04-08 17:07:19,236942,-3.440155,-1.0441589,-8.304596
2019-04-08 17:07:20,236961,-3.2115173,-0.7999573,-8.153748
2019-04-08 17:07:20,236981,-3.3743286,-1.1890106,-8.481766
2019-04-08 17:07:20,237002,-3.0750427,-1.1698608,-10.121796
2019-04-08 17:07:20,237021,-2.0790558,-2.190979,-9.737518
2019-04-08 17:07:20,237042,-1.7905579,-1.8557892,-9.332901
2019-04-08 17:07:20,237061,-3.4569244,0.35165405,-9.004898
2019-04-08 17:07:20,237081,-2.2825623,-0.061340332,-9.185654
2019-04-08 17:07:20,237102,-3.9704742,0.3025818,-8.849274
2019-04-08 17:07:20,237121,-3.0858154,0.25709534,-7.8317413
2019-04-08 17:07:20,237141,-1.7761993,0.40553284,-6.328171
2019-04-08 17:07:20,237162,-1.3596039,0.6521301,-6.115097
2019-04-08 17:07:20,237181,-3.0750427,1.1656952,-7.233185
2019-04-08 17:07:20,237201,-2.2765808,-0.39892578,-8.522461
2019-04-08 17:07:20,237221,-2.380722,-0.8610077,-8.819336
2019-04-08 17:07:20,237241,-1.3464355,-0.10084534,-8.801392
2019-04-08 17:07:20,237262,-0.9693451,-0.12957764,-9.517258
2019-04-08 17:07:20,237281,-1.5128326,-0.9483948,-8.236359
2019-04-08 17:07:20,237301,-2.7973175,-0.7388916,-8.457825
2019-04-08 17:07:20,237322,-3.213913,-0.015853882,-8.901947
2019-04-08 17:07:20,237341,-1.6768341,0.057174683,-9.1844635
2019-04-08 17:07:20,237361,-0.605423,-1.7169342,-9.178467
2019-04-08 17:07:20,237382,-1.9365997,-3.1259155,-10.994476
2019-04-08 17:07:20,237401,-1.5535278,-2.8697357,-9.385574
2019-04-08 17:07:20,237422,-0.8807678,-2.1287384,-8.390778
2019-04-08 17:07:20,237441,-0.5467682,-2.7572174,-11.298538
2019-04-08 17:07:20,237462,-0.2834015,-6.815384,-9.2682495
2019-04-08 17:07:20,237481,-0.7167511,-7.127823,-9.610626
2019-04-08 17:07:20,237502,-0.9430084,-3.9758606,-7.7144165
2019-04-08 17:07:20,237521,-0.3803711,-2.9990234,-7.4929504
2019-04-08 17:07:20,237542,-0.7442932,-4.5720215,-8.248322
2019-04-08 17:07:20,237562,-0.31452942,-7.3193665,-9.257477
2019-04-08 17:07:20,237581,-0.44979858,-7.931076,-8.366837
2019-04-08 17:07:20,237602,-0.93582153,-6.3556976,-7.6665344
2019-04-08 17:07:20,237622,-1.5128326,-4.4582977,-6.872864
2019-04-08 17:07:20,237641,-0.7526703,-7.077545,-9.54599
2019-04-08 17:07:20,237662,0.3965454,-10.524002,-8.757095
2019-04-08 17:07:20,237681,-0.89512634,-9.020447,-8.424301
2019-04-08 17:07:20,237702,-0.842453,-6.969803,-8.131012
2019-04-08 17:07:20,237721,-0.05834961,-8.1298065,-9.194031
2019-04-08 17:07:20,237741,-0.39474487,-9.105438,-8.283035
2019-04-08 17:07:20,237762,-1.1704559,-8.449432,-7.5803375
2019-04-08 17:07:20,237781,-0.25108337,-7.3349304,-6.4933777
2019-04-08 17:07:20,237802,0.37141418,-8.099869,-6.913559
2019-04-08 17:07:20,237821,-0.31573486,-9.147339,-8.542816
2019-04-08 17:07:20,237841,-0.8927307,-8.241135,-9.207199
2019-04-08 17:07:20,237862,-0.002090454,-8.405136,-8.888779
2019-04-08 17:07:20,237881,-0.7012024,-8.038818,-8.311768
2019-04-08 17:07:20,237901,0.09487915,-7.3205566,-7.2906494
2019-04-08 17:07:20,237922,0.31993103,-9.19043,-8.3428955
2019-04-08 17:07:20,237941,-0.32650757,-9.713562,-8.57753
2019-04-08 17:07:21,237961,-0.21755981,-8.199234,-8.165726
2019-04-08 17:07:21,237981,0.5557556,-7.357666,-7.6473846
2019-04-08 17:07:21,238001,0.5270233,-7.4809723,-7.3074036
2019-04-08 17:07:21,238021,-0.097854614,-7.9909363,-7.6868896
2019-04-08 17:07:21,238042,-1.202774,-6.9793854,-8.030457
2019-04-08 17:07:21,238061,-1.9617462,-6.1378174,-8.0903015
2019-04-08 17:07:21,238081,-1.7714081,-6.255142,-7.9873505
2019-04-08 17:07:21,238102,-1.174057,-7.180496,-7.882019
2019-04-08 17:07:21,238121,-1.0615234,-6.830948,-8.640976
2019-04-08 17:07:21,238141,-1.0675049,-5.937912,-8.795395
2019-04-08 17:07:21,238162,-1.0232086,-6.1342316,-8.207626
2019-04-08 17:07:21,238181,-0.8795624,-6.7555237,-8.290222
2019-04-08 17:07:21,238201,-1.3847351,-5.9845886,-8.970184
2019-04-08 17:07:21,238222,-1.3272858,-5.3668976,-9.669281
2019-04-08 17:07:21,238241,-0.9980774,-6.451462,-8.897156
2019-04-08 17:07:21,238261,-2.1329346,-5.800247,-9.634567
2019-04-08 17:07:21,238281,-2.185608,-4.8246,-9.46698
2019-04-08 17:07:21,238301,-1.163269,-5.7906647,-9.811737
2019-04-08 17:07:21,238322,-1.4852905,-5.5380707,-9.90152
2019-04-08 17:07:21,238341,-1.2147522,-4.7647552,-9.932648
2019-04-08 17:07:21,238362,-1.0615234,-4.66658,-9.237137
2019-04-08 17:07:21,238382,-2.1652527,-3.8621368,-9.512466
2019-04-08 17:07:21,238402,-2.2215118,-3.748413,-9.683655
2019-04-08 17:07:21,238421,-2.0239868,-3.8298187,-8.51767
2019-04-08 17:07:21,238442,-1.7259064,-2.9523315,-8.89595
2019-04-08 17:07:21,238461,-1.5882416,-1.5505371,-8.429092
2019-04-08 17:07:21,238482,-1.3404541,-1.368576,-8.1645355
2019-04-08 17:07:21,238501,-1.9330139,-1.7839661,-9.100662
2019-04-08 17:07:21,238522,-3.206726,0.07872009,-9.158127
2019-04-08 17:07:21,238541,-1.7115479,-1.7935486,-8.863632
2019-04-08 17:07:21,238561,-1.8420258,-3.1378937,-8.887573
2019-04-08 17:07:21,238582,-3.6340942,0.011688232,-7.9322968
2019-04-08 17:07:21,238601,-3.2127075,0.49171448,-7.811386
2019-04-08 17:07:21,238622,-2.7326813,0.7107849,-7.964615
2019-04-08 17:07:21,238641,-2.3974915,1.0435791,-7.854477
2019-04-08 17:07:21,238661,-1.7881622,1.284195,-7.5995026
2019-04-08 17:07:21,238682,-2.4944458,1.026825,-8.037643
2019-04-08 17:07:21,238701,-3.859146,0.4893341,-7.6270294
2019-04-08 17:07:21,238721,-1.5798645,-0.74128723,-7.581543
2019-04-08 17:07:21,238742,-3.6544495,-0.503067,-8.350082
2019-04-08 17:07:21,238761,-2.4980469,0.14456177,-8.785828
2019-04-08 17:07:21,238781,-1.2805939,-0.018249512,-7.870041
2019-04-08 17:07:21,238802,-2.2442627,-0.19781494,-8.7140045
2019-04-08 17:07:21,238821,-1.7462616,-1.2859802,-8.227982
2019-04-08 17:07:21,238842,-1.5559235,-1.1662598,-8.620621
2019-04-08 17:07:21,238861,-1.3069305,-1.036972,-10.122986
2019-04-08 17:07:21,238881,0.15711975,-2.6387024,-8.822937
2019-04-08 17:07:21,238902,-0.3217163,-3.7472076,-8.176498
2019-04-08 17:07:21,238921,-2.1688385,-3.5772247,-8.828918
2019-04-08 17:07:21,238941,-2.8416138,-3.9555054,-9.177277
2019-04-08 17:07:22,238962,-2.1580658,-4.606735,-7.45105
2019-04-08 17:07:22,238981,-1.2506714,-4.92157,-8.772659
2019-04-08 17:07:22,239001,-0.27742004,-4.9443207,-8.475769
2019-04-08 17:07:22,239022,0.41210938,-5.2495728,-8.077133
2019-04-08 17:07:22,239041,-0.17207336,-5.492584,-8.846878
2019-04-08 17:07:22,239061,-0.31932068,-6.1450043,-9.320923
2019-04-08 17:07:22,239082,0.38935852,-7.2020416,-8.661331
2019-04-08 17:07:22,239101,0.46357727,-7.998123,-8.916306
2019-04-08 17:07:22,239122,0.067337036,-9.614197,-10.360016
2019-04-08 17:07:22,239142,0.55096436,-9.64653,-8.643372
2019-04-08 17:07:22,239161,-0.41149902,-7.5204773,-6.803421
2019-04-08 17:07:22,239181,-0.17686462,-7.484558,-7.0536194
2019-04-08 17:07:22,239202,0.0074920654,-9.1545105,-8.824127
2019-04-08 17:07:22,239221,-1.0303955,-9.524414,-9.510071
2019-04-08 17:07:22,239242,-1.2590485,-9.2730255,-9.0659485
2019-04-08 17:07:22,239261,-0.8903351,-8.947418,-8.299805
2019-04-08 17:07:22,239282,-0.6365509,-7.9514313,-7.5563965
2019-04-08 17:07:22,239301,-0.21517944,-7.4103394,-6.400009
2019-04-08 17:07:22,239322,-0.29058838,-7.0440216,-6.3042297
2019-04-08 17:07:22,239341,-0.36720276,-7.6677246,-7.7383575
2019-04-08 17:07:22,239362,-0.5719147,-9.360413,-9.23114
2019-04-08 17:07:22,239381,-1.7007751,-8.781021,-8.73674
2019-04-08 17:07:22,239401,-0.8460388,-7.7144012,-8.716385
2019-04-08 17:07:22,239422,-0.11820984,-9.462173,-8.615829
2019-04-08 17:07:22,239441,-1.0100403,-8.961777,-7.7072296
2019-04-08 17:07:22,239462,-0.16130066,-7.9909363,-7.8640594
2019-04-08 17:07:22,239481,0.375,-8.503296,-9.296982
2019-04-08 17:07:22,239501,-0.65211487,-7.955017,-9.614212
2019-04-08 17:07:22,239522,-0.6185913,-7.29422,-9.549576
2019-04-08 17:07:22,239541,-1.0256042,-6.8584747,-8.468597
2019-04-08 17:07:22,239561,-1.1908112,-6.178528,-7.6186523
2019-04-08 17:07:22,239582,-0.6257782,-5.9678345,-7.5875244
2019-04-08 17:07:22,239601,-0.3791809,-5.874466,-7.479782
2019-04-08 17:07:22,239622,-0.3983307,-6.0504303,-7.9514465
2019-04-08 17:07:22,239641,-0.45339966,-6.408371,-9.465775
2019-04-08 17:07:22,239661,-0.9178772,-6.2599335,-10.5802765
2019-04-08 17:07:22,239682,-1.0962372,-5.9989624,-10.282196
2019-04-08 17:07:22,239701,0.07093811,-6.2060547,-8.918701
2019-04-08 17:07:22,239721,-0.3731842,-6.092331,-9.531616
2019-04-08 17:07:22,239742,-1.1333466,-4.740799,-10.167282
2019-04-08 17:07:22,239761,-1.0818787,-4.222458,-10.393524
2019-04-08 17:07:22,239781,-1.2722168,-4.0261383,-10.363602
2019-04-08 17:07:22,239802,-0.74668884,-3.040924,-9.296982
2019-04-08 17:07:22,239821,0.43006897,-2.9954376,-7.391205
2019-04-08 17:07:22,239841,-0.08947754,-3.2923126,-7.7575073
2019-04-08 17:07:22,239862,-1.83844,-2.961914,-10.266632
2019-04-08 17:07:22,239881,-4.3499603,-0.6910095,-11.276993
2019-04-08 17:07:22,239901,-2.3974915,-1.6798248,-9.525635
2019-04-08 17:07:22,239922,-0.9944916,-1.751648,-9.179672
2019-04-08 17:07:22,239941,-2.193985,-1.5529327,-7.743149
2019-04-08 17:07:23,239962,-4.7617645,-0.45637512,-8.14418
2019-04-08 17:07:23,239982,-4.52713,0.4426422,-6.332962
2019-04-08 17:07:23,240001,-2.2837677,0.29299927,-6.4813995
2019-04-08 17:07:23,240022,-2.0874329,1.5403748,-3.5652618
2019-04-08 17:07:23,240042,-1.2087708,1.6253815,-2.5668793
2019-04-08 17:07:23,240061,-5.7074738,1.2351227,-8.798996
2019-04-08 17:07:23,240082,-3.1468658,-2.1634521,-8.178894
2019-04-08 17:07:23,240101,-1.5643005,-1.8952942,-5.3704987
2019-04-08 17:07:23,240122,-3.4736786,1.9665527,-8.757095
2019-04-08 17:07:23,240141,-3.9525146,7.1559753,-11.763016
2019-04-08 17:07:23,240162,1.2081757,1.5104523,-7.33374
2019-04-08 17:07:23,240181,-0.1337738,-7.7742615,-10.795761
2019-04-08 17:07:23,240201,-2.5483246,-7.3002014,-9.992508
2019-04-08 17:07:23,240221,-2.818863,-1.2392883,-10.034393
2019-04-08 17:07:23,240241,-2.2909393,1.7115631,-8.468597
2019-04-08 17:07:23,240262,-0.6580963,-0.9076843,-6.2982483
2019-04-08 17:07:23,240281,-0.7778168,-4.530121,-8.6792755
2019-04-08 17:07:23,240301,-0.35882568,-5.1454315,-8.338104
2019-04-08 17:07:23,240322,-1.2291107,-3.589203,-3.2959137
2019-04-08 17:07:23,240341,-3.5718384,-0.56411743,-9.824905
2019-04-08 17:07:23,240362,-2.5507202,-5.8541107,-12.539932
2019-04-08 17:07:23,240381,0.33668518,-12.187973,-8.255508
2019-04-08 17:07:23,240401,-2.6584625,-4.6785583,-7.1062927
2019-04-08 17:07:23,240422,0.23973083,-2.9954376,-5.4411316
2019-04-08 17:07:23,240441,1.3123322,-5.6075134,-5.7056885
2019-04-08 17:07:23,240461,0.5030823,-8.964172,-11.439804
2019-04-08 17:07:23,240482,-0.6353607,-12.067062,-14.136871
2019-04-08 17:07:23,240501,-0.47853088,-12.239441,-11.668442
2019-04-08 17:07:23,240521,-0.6174011,-8.148956,-7.550415
2019-04-08 17:07:23,240542,-1.0722961,-5.345337,-5.6673737
2019-04-08 17:07:23,240561,0.26965332,-7.1469727,-6.2240295
2019-04-08 17:07:23,240582,-0.4988861,-9.676453,-8.685272
2019-04-08 17:07:23,240601,-1.3272858,-9.439423,-9.337692
2019-04-08 17:07:23,240621,-1.4577637,-6.6609497,-8.469788
2019-04-08 17:07:23,240642,1.1159973,-8.541595,-7.780258
2019-04-08 17:07:23,240661,0.18585205,-12.154449,-9.753082
2019-04-08 17:07:23,240681,-1.7127533,-10.708359,-9.92067
2019-04-08 17:07:23,240702,-0.5886688,-7.1374054,-7.048828
2019-04-08 17:07:23,240721,0.3570404,-5.630249,-5.6673737
2019-04-08 17:07:23,240741,-1.2650299,-6.727997,-5.9798126
2019-04-08 17:07:23,240762,-1.139328,-8.249512,-7.494156
2019-04-08 17:07:23,240781,0.045791626,-9.0707245,-10.2043915
2019-04-08 17:07:23,240802,0.36901855,-8.18486,-10.988495
2019-04-08 17:07:23,240822,-0.10144043,-6.251541,-8.95462
2019-04-08 17:07:23,240841,-0.21755981,-5.065216,-7.182907
2019-04-08 17:07:23,240861,-1.2698212,-5.613495,-6.479004
2019-04-08 17:07:23,240882,-0.81970215,-7.7144012,-7.7108307
2019-04-08 17:07:23,240901,-0.55874634,-8.223175,-8.611053
2019-04-08 17:07:23,240921,-1.2255249,-6.3676605,-10.899902
2019-04-08 17:07:23,240942,-0.9322357,-5.6805267,-11.722305
2019-04-08 17:07:24,240961,-0.5874634,-6.1653595,-10.93222
2019-04-08 17:07:24,240982,0.3570404,-7.443863,-9.46698
2019-04-08 17:07:24,241001,0.120010376,-7.301407,-7.993347
2019-04-08 17:07:24,241021,-1.3452301,-4.603134,-8.014893
2019-04-08 17:07:24,241042,-1.767807,-3.831009,-8.1298065
2019-04-08 17:07:24,241061,-1.865982,-5.357315,-8.876801
2019-04-08 17:07:24,241081,-1.9078674,-4.9048157,-8.3824005
2019-04-08 17:07:24,241102,-1.036377,-3.353363,-8.731949
2019-04-08 17:07:24,241121,-0.41508484,-3.7172852,-9.794983
2019-04-08 17:07:24,241142,-1.9126587,-3.5496979,-9.9362335
2019-04-08 17:07:24,241161,-2.3903046,-3.376114,-10.073898
2019-04-08 17:07:24,241181,-1.763031,-1.775589,-10.570694
2019-04-08 17:07:24,241202,-1.1369476,-2.2711945,-8.957016
2019-04-08 17:07:24,241221,-2.8236542,-2.2975311,-9.62738
2019-04-08 17:07:24,241241,-2.1185608,-2.1634521,-8.4219055
2019-04-08 17:07:24,241262,-2.763794,-2.155075,-8.273468
2019-04-08 17:07:24,241281,-3.9644928,-0.15950012,-7.974182
2019-04-08 17:07:24,241301,-3.316864,1.9533844,-7.395996
2019-04-08 17:07:24,241322,-0.8604126,-0.9591675,-6.2204437
2019-04-08 17:07:24,241341,-2.3005219,-1.4739227,-4.1805725
2019-04-08 17:07:24,241361,-5.4022064,1.1752625,-3.9004517
2019-04-08 17:07:24,241382,-3.486847,2.2849731,-7.4498596
2019-04-08 17:07:24,241401,-2.162857,0.9047241,-6.5927277
2019-04-08 17:07:24,241421,-3.3623505,1.0088654,-7.5563965
2019-04-08 17:07:24,241442,-1.486496,1.0555573,-10.53479
2019-04-08 17:07:24,241461,0.06135559,-1.2285156,-11.575073
2019-04-08 17:07:24,241481,-1.1225739,-2.9918365,-10.780197
2019-04-08 17:07:24,241502,-1.154892,-2.613556,-9.279022
2019-04-08 17:07:24,241521,-1.925827,-0.43243408,-9.116226
2019-04-08 17:07:24,241541,-1.7666168,-0.4922943,-8.626602
2019-04-08 17:07:24,241562,0.40013123,-3.0612793,-9.003693
2019-04-08 17:07:24,241581,-1.0531464,-3.1845703,-7.294235
2019-04-08 17:07:24,241601,-2.9589233,-1.7241058,-7.624634
2019-04-08 17:07:24,241622,-3.1959534,-1.3781433,-7.281067
2019-04-08 17:07:24,241642,-1.8192902,-3.6897583,-7.5528107
2019-04-08 17:07:24,241661,-0.53240967,-6.830948,-8.73555
2019-04-08 17:07:24,241682,-1.0531464,-7.0356445,-9.354446
2019-04-08 17:07:24,241702,-1.4673462,-5.250778,-6.9267273
2019-04-08 17:07:24,241721,-2.0299835,-3.401245,-6.6394196
2019-04-08 17:07:24,241742,-1.5583191,-5.4614563,-9.684845
2019-04-08 17:07:24,241761,-0.2834015,-9.856018,-12.264603
2019-04-08 17:07:24,241782,0.124801636,-10.993271,-10.583862
2019-04-08 17:07:24,241801,0.39535522,-9.159302,-8.350082
2019-04-08 17:07:24,241822,1.161499,-9.656097,-9.597458
2019-04-08 17:07:24,241841,0.5629425,-11.822861,-10.10144
2019-04-08 17:07:24,241861,-0.98609924,-9.27063,-8.737946
2019-04-08 17:07:24,241882,-1.288971,-5.8852386,-5.7846985
2019-04-08 17:07:24,241901,-0.77182007,-4.1542206,-5.442322
2019-04-08 17:07:24,241922,0.13557434,-6.6406097,-6.514923
2019-04-08 17:07:24,241941,-0.4605713,-7.9957275,-8.175308
2019-04-08 17:07:25,241961,0.35943604,-9.858414,-10.102631
2019-04-08 17:07:25,241981,-0.15411377,-10.957352,-11.911453
2019-04-08 17:07:25,242002,-1.4661407,-8.484146,-11.069885
2019-04-08 17:07:25,242021,-1.7941437,-6.998535,-7.461838
2019-04-08 17:07:25,242041,0.01826477,-9.040787,-5.7535706
2019-04-08 17:07:25,242062,-0.24629211,-10.011642,-8.369232
2019-04-08 17:07:25,242081,-0.7191467,-8.401535,-9.110245
2019-04-08 17:07:25,242101,0.62638855,-8.383591,-9.568726
2019-04-08 17:07:25,242122,1.7839813,-9.6201935,-10.365997
2019-04-08 17:07:25,242141,-1.1381378,-7.483368,-8.5954895
2019-04-08 17:07:25,242161,-1.4517822,-5.071213,-6.189316
2019-04-08 17:07:25,242182,-0.117004395,-4.8736877,-5.292679
2019-04-08 17:07:25,242201,-0.3911438,-5.982193,-7.0859375
2019-04-08 17:07:25,242221,-1.055542,-6.116272,-9.118622
2019-04-08 17:07:25,242242,-1.2506714,-5.7858734,-10.4066925
2019-04-08 17:07:25,242261,-1.1620789,-4.6701813,-9.166504
2019-04-08 17:07:25,242281,-0.5671234,-5.678131,-7.435501
2019-04-08 17:07:25,242302,-1.6672516,-6.447876,-8.257904
2019-04-08 17:07:25,242321,-3.0810394,-5.850525,-10.318115
2019-04-08 17:07:25,242341,-0.65930176,-7.840103,-12.178406
2019-04-08 17:07:25,242361,-1.1908112,-8.459,-12.058701
2019-04-08 17:07:25,242381,-1.1297607,-3.1187286,-10.087067
2019-04-08 17:07:25,242402,0.6239929,-1.6463013,-7.2786713
2019-04-08 17:07:25,242421,-0.77542114,-2.733261,-6.348526
2019-04-08 17:07:25,242442,-1.3476257,-3.5915833,-7.202057
2019-04-08 17:07:25,242461,-2.8691406,-3.7927094,-10.829269
2019-04-08 17:07:25,242482,-2.4633331,-3.1618347,-10.224747
2019-04-08 17:07:25,242502,-0.8903351,-2.9128265,-9.450211
2019-04-08 17:07:25,242521,-0.8999176,-1.1602783,-9.7854
2019-04-08 17:07:25,242542,-2.0491333,-0.7089691,-8.056793
2019-04-08 17:07:25,242561,-3.246231,-0.9831085,-9.067139
2019-04-08 17:07:25,242582,-3.7980957,0.6174164,-8.388382
2019-04-08 17:07:25,242601,-2.9720917,-0.16429138,-9.134186
2019-04-08 17:07:25,242622,-2.2897491,-0.29237366,-7.8963776
2019-04-08 17:07:25,242641,-2.1042023,0.1984253,-5.9391174
2019-04-08 17:07:25,242662,-1.8252716,-2.2209167,-4.2942963
2019-04-08 17:07:25,242681,-1.3117218,-1.9132538,-2.7248993
2019-04-08 17:07:25,242701,-6.261734,2.9385986,-6.170166
2019-04-08 17:07:25,242722,-9.605225,9.2712555,-13.437759
2019-04-08 17:07:25,242741,6.4694366,-2.2651978,-4.6558228
2019-04-08 17:07:25,242762,-3.1612396,-6.3485107,-10.034393
2019-04-08 17:07:25,242781,-5.9600525,1.4494019,-10.397125
2019-04-08 17:07:25,242801,0.6970215,-0.60601807,-8.159744
2019-04-08 17:07:25,242822,-0.73591614,-2.4627228,-9.118622
2019-04-08 17:07:25,242841,1.02742,-2.03656,-8.3428955
2019-04-08 17:07:25,242861,-1.3703766,-1.791153,-9.155731
2019-04-08 17:07:25,242882,-1.1010284,-1.5242004,-8.227982
2019-04-08 17:07:25,242901,-0.510849,-2.3765259,-8.620621
2019-04-08 17:07:25,242921,-1.9365997,-3.7807312,-9.371201
2019-04-08 17:07:25,242942,-2.7326813,-4.4690704,-5.8134155
2019-04-08 17:07:26,242961,-2.2705994,-3.1893616,-7.6820984
2019-04-08 17:07:26,242982,-0.9980774,-4.2164764,-8.000519
2019-04-08 17:07:26,243001,-1.0962372,-6.3640747,-8.662521
2019-04-08 17:07:26,243021,-2.284958,-6.8261566,-10.381561
2019-04-08 17:07:26,243042,-0.63056946,-7.740738,-10.51683
2019-04-08 17:07:26,243061,0.21218872,-9.219162,-9.469376
2019-04-08 17:07:26,243081,0.3929596,-10.14212,-11.273407
2019-04-08 17:07:26,243102,1.0202332,-10.480911,-9.811737
2019-04-08 17:07:26,243121,0.26367188,-9.308945,-8.099884
2019-04-08 17:07:26,243141,-0.24151611,-8.656525,-7.740753
2019-04-08 17:07:26,243162,-0.3899536,-8.67688,-7.950241
2019-04-08 17:07:26,243181,-0.3839569,-8.158524,-7.7072296
2019-04-08 17:07:26,243201,-0.46896362,-7.3923798,-7.2643127
2019-04-08 17:07:26,243222,-0.4557953,-7.5970917,-7.9921417
2019-04-08 17:07:26,243242,-0.6437378,-8.759476,-8.95462
2019-04-08 17:07:26,243261,-0.5252228,-8.797775,-9.471756
2019-04-08 17:07:26,243282,-0.41149902,-9.736313,-10.051163
2019-04-08 17:07:26,243301,-1.0663147,-9.634552,-10.121796
2019-04-08 17:07:26,243322,-0.8508301,-9.905106,-10.87117
2019-04-08 17:07:26,243342,0.12840271,-9.930237,-10.360016
2019-04-08 17:07:26,243361,1.5541382,-9.657303,-8.792999
2019-04-08 17:07:26,243382,1.3638,-7.6569366,-5.8876495
2019-04-08 17:07:26,243401,-0.50486755,-6.7555237,-3.546112
2019-04-08 17:07:26,243422,-2.387909,-6.5579987,-6.323395
2019-04-08 17:07:26,243441,-3.308487,-5.048462,-8.854065
2019-04-08 17:07:26,243462,-1.9629364,-5.326187,-8.136993
2019-04-08 17:07:26,243481,-1.4206543,-4.4295654,-7.8963776
2019-04-08 17:07:26,243501,-0.04399109,-5.049652,-9.712387
2019-04-08 17:07:26,243522,0.8167267,-6.7303925,-10.994476
2019-04-08 17:07:26,243542,-0.7119751,-6.921921,-11.667252
2019-04-08 17:07:26,243561,-1.5463562,-6.8105927,-10.273819
2019-04-08 17:07:26,243581,0.024246216,-7.127823,-9.82132
2019-04-08 17:07:26,243602,0.027832031,-5.5811768,-9.786606
2019-04-08 17:07:26,243621,-0.55274963,-4.290695,-9.677658
2019-04-08 17:07:26,243642,-0.30136108,-4.6510315,-9.759064
2019-04-08 17:07:26,243661,-0.4809265,-4.627075,-9.68605
2019-04-08 17:07:26,243681,-1.4793091,-4.0081787,-9.506485
2019-04-08 17:07:26,243702,-2.0156097,-3.8166504,-9.395142
2019-04-08 17:07:26,243721,-2.4585419,-3.1881714,-9.435852
2019-04-08 17:07:26,243741,-1.6720428,-2.4172363,-8.777451
2019-04-08 17:07:26,243762,-0.0368042,-2.8158722,-7.9263
2019-04-08 17:07:26,243781,-1.1321564,-2.534546,-8.522461
2019-04-08 17:07:26,243801,-2.3316498,-1.6379242,-8.011307
2019-04-08 17:07:26,243822,-2.6824036,-0.67904663,-8.447052
2019-04-08 17:07:26,243841,-2.4106598,-0.1786499,-7.8401184
2019-04-08 17:07:26,243861,-2.3831177,-0.795166,-8.7582855
2019-04-08 17:07:26,243882,-2.7661896,0.35046387,-8.227982
2019-04-08 17:07:26,243901,-2.4741058,-0.4779358,-7.7287903
2019-04-08 17:07:26,243921,-2.0311737,-0.09605408,-7.5204926
2019-04-08 17:07:26,243942,-3.2546082,1.6253815,-5.3034515
2019-04-08 17:07:27,243961,-3.1229248,1.0160522,-7.3983765
2019-04-08 17:07:27,243981,-3.9800568,-1.9072723,-5.886444
2019-04-08 17:07:27,244002,-3.8675232,-1.083664,-6.589142
2019-04-08 17:07:27,244021,-3.7813416,1.8947296,-8.304596
2019-04-08 17:07:27,244041,-1.4924774,1.3991241,-7.7096252
2019-04-08 17:07:27,244062,-0.44381714,0.09786987,-7.995743
2019-04-08 17:07:27,244082,-0.88435364,-1.9384003,-7.2236023
2019-04-08 17:07:27,244101,-2.0419464,-2.7105255,-9.929062
2019-04-08 17:07:27,244122,-1.786972,-2.498642,-9.703995
2019-04-08 17:07:27,244142,-0.9334259,-2.11557,-11.032776
2019-04-08 17:07:27,244161,-0.124191284,-2.4256134,-9.751877
2019-04-08 17:07:27,244182,-0.7335205,-4.0321198,-9.300583
2019-04-08 17:07:27,244201,-0.93821716,-5.393219,-8.119034
2019-04-08 17:07:27,244222,-1.5080414,-4.19014,-7.5875244
2019-04-08 17:07:27,244241,-1.8216858,-2.637497,-7.3983765
2019-04-08 17:07:27,244262,-1.391922,-3.7472076,-8.225586
2019-04-08 17:07:27,244281,-0.39474487,-7.0871277,-10.43782
2019-04-08 17:07:27,244302,-0.4186859,-8.496109,-10.909485
2019-04-08 17:07:27,244321,-1.1836243,-6.648987,-9.286209
2019-04-08 17:07:27,244341,-1.6085968,-4.838974,-7.5049286
2019-04-08 17:07:27,244362,-0.42108154,-7.330139,-8.818146
2019-04-08 17:07:27,244381,0.52822876,-9.674057,-8.994125
2019-04-08 17:07:27,244402,0.37141418,-10.908264,-9.798569
2019-04-08 17:07:27,244421,-0.18165588,-10.053543,-9.203613
2019-04-08 17:07:27,244442,-1.2147522,-8.072342,-8.180084
2019-04-08 17:07:27,244461,-0.80415344,-7.467804,-7.6078796
2019-04-08 17:07:27,244482,-0.4809265,-8.613434,-8.014893
2019-04-08 17:07:27,244501,-0.90948486,-9.088684,-8.587112
2019-04-08 17:07:27,244521,-0.8628082,-6.846512,-8.369232
2019-04-08 17:07:27,244541,-0.213974,-6.258728,-8.041229
2019-04-08 17:07:27,244562,-0.21038818,-7.94664,-8.959396
2019-04-08 17:07:27,244581,-0.5671234,-9.6201935,-9.590271
2019-04-08 17:07:27,244601,-1.0076599,-8.988113,-9.992508
2019-04-08 17:07:27,244622,-1.0842743,-8.485336,-9.288605
2019-04-08 17:07:27,244641,0.22416687,-8.478149,-6.8010254
2019-04-08 17:07:27,244661,1.0118561,-8.487732,-6.4490814
2019-04-08 17:07:27,244682,0.47795105,-7.527664,-8.148972
2019-04-08 17:07:27,244701,-0.010467529,-6.5879364,-8.962997
2019-04-08 17:07:27,244721,-0.73831177,-6.1414185,-8.565552
2019-04-08 17:07:27,244742,-1.3404541,-6.2240143,-7.9825745
2019-04-08 17:07:27,244761,-1.1884155,-6.974594,-8.306976
2019-04-08 17:07:27,244781,-0.49409485,-7.0164948,-9.104248
2019-04-08 17:07:27,244802,-0.46536255,-6.4981537,-9.392761
2019-04-08 17:07:27,244821,-1.2386932,-6.1174774,-9.191635
2019-04-08 17:07:27,244841,-1.4529724,-6.002548,-8.266281
2019-04-08 17:07:27,244862,-0.7347107,-6.3425293,-8.432678
2019-04-08 17:07:27,244881,-1.4613495,-6.194092,-8.644562
2019-04-08 17:07:27,244902,-1.901886,-5.3980103,-8.977356
2019-04-08 17:07:27,244922,-1.4601593,-5.123886,-9.88237
2019-04-08 17:07:27,244941,-1.510437,-4.7144775,-10.106232
2019-04-08 17:07:28,244962,-1.1848297,-4.2559814,-9.377197
2019-04-08 17:07:28,244981,-0.72753906,-3.8010864,-8.855255
2019-04-08 17:07:28,245002,-0.96694946,-3.353363,-9.557953
2019-04-08 17:07:28,245021,-0.97055054,-3.6107483,-9.754272
2019-04-08 17:07:28,245042,-1.2518616,-4.609131,-8.55957
2019-04-08 17:07:28,245061,-1.5283966,-3.186966,-7.2080383
2019-04-08 17:07:28,245082,-2.0144196,-1.1818237,-7.2236023
2019-04-08 17:07:28,245101,-4.017166,-0.41088867,-10.103836
2019-04-08 17:07:28,245122,-4.8419647,-1.2644196,-10.053558
2019-04-08 17:07:28,245141,-2.2741852,-3.2121124,-9.763855
2019-04-08 17:07:28,245161,-2.0227966,-1.3554077,-9.840469
2019-04-08 17:07:28,245182,-3.4784698,0.18287659,-8.648163
2019-04-08 17:07:28,245201,-3.095398,0.7359314,-7.009323
2019-04-08 17:07:28,245222,-2.7458496,0.9334564,-5.122696
2019-04-08 17:07:28,245241,-2.3938904,0.8161316,-5.1167145
2019-04-08 17:07:28,245261,-3.0439148,0.92985535,-5.776306
2019-04-08 17:07:28,245282,-4.250595,0.30018616,-7.6401978
2019-04-08 17:07:28,245301,-2.0706787,-0.8226929,-7.1577606
2019-04-08 17:07:28,245321,-0.48690796,-2.1969604,-6.5280914
2019-04-08 17:07:28,245342,-2.1712341,-0.38336182,-6.957855
2019-04-08 17:07:28,245361,-3.7310638,2.0132294,-7.9825745
2019-04-08 17:07:28,245381,-3.072647,2.4070892,-10.937012
2019-04-08 17:07:28,245402,1.161499,-1.775589,-9.204803
2019-04-08 17:07:28,245421,0.52583313,-4.7072906,-9.209595
2019-04-08 17:07:28,245441,-2.2035522,-3.6478577,-12.021591
2019-04-08 17:07:28,245462,-1.4278412,-2.4148407,-9.7782135
2019-04-08 17:07:28,245481,-0.7837982,-2.6841888,-5.7104645
2019-04-08 17:07:28,245501,-2.0239868,-3.1295013,-7.004532
2019-04-08 17:07:28,245522,-1.9557648,-2.8888855,-10.905884
2019-04-08 17:07:28,245541,-0.07989502,-5.5404663,-10.132568
2019-04-08 17:07:28,245561,-1.352417,-6.950653,-9.196426
2019-04-08 17:07:28,245582,-2.0455322,-4.6007385,-7.372055
2019-04-08 17:07:28,245601,-0.37199402,-4.3122406,-7.8161774
2019-04-08 17:07:28,245621,0.84187317,-6.7794647,-8.733154
2019-04-08 17:07:28,245641,-1.110611,-7.8221436,-9.6633
2019-04-08 17:07:28,245661,-1.0806732,-8.303375,-10.858002
2019-04-08 17:07:28,245682,0.20262146,-9.221558,-9.74231
2019-04-08 17:07:28,245701,-0.097854614,-9.700394,-8.880402
2019-04-08 17:07:28,245721,-0.2714386,-9.905106,-9.395142
2019-04-08 17:07:28,245742,-0.66049194,-9.0551605,-8.1250305
2019-04-08 17:07:28,245762,-0.28100586,-8.406326,-7.5683746
2019-04-08 17:07:28,245781,-0.47254944,-8.534424,-7.4319
2019-04-08 17:07:28,245802,-0.7706299,-8.759476,-8.011307
2019-04-08 17:07:28,245821,-0.7119751,-8.305771,-8.366837
2019-04-08 17:07:28,245842,-0.5431824,-7.8173523,-8.376419
2019-04-08 17:07:28,245861,-0.5719147,-8.601456,-9.50528
2019-04-08 17:07:28,245882,-1.6397247,-8.369217,-10.762238
2019-04-08 17:07:28,245901,-1.1441193,-7.598282,-9.375992
2019-04-08 17:07:28,245922,0.79278564,-8.867218,-7.969406
2019-04-08 17:07:28,245941,1.1794434,-9.839264,-9.439438
2019-04-08 17:07:29,245962,0.72335815,-8.940231,-7.4917603
2019-04-08 17:07:29,245981,-0.506073,-7.2415466,-6.914749
2019-04-08 17:07:29,246001,-2.1724396,-5.302246,-7.3062134
2019-04-08 17:07:29,246022,-1.5176239,-6.0635986,-7.759903
2019-04-08 17:07:29,246041,-1.3212891,-6.28627,-8.73555
2019-04-08 17:07:29,246062,-1.6349335,-5.0664215,-8.096298
2019-04-08 17:07:29,246081,-0.82569885,-5.111908,-7.811386
2019-04-08 17:07:29,246101,0.35105896,-5.934311,-8.645767
2019-04-08 17:07:29,246122,0.17507935,-5.5380707,-8.141785
2019-04-08 17:07:29,246141,0.2552948,-5.163376,-8.485352
2019-04-08 17:07:29,246161,-1.1513062,-5.3824463,-10.25946
2019-04-08 17:07:29,246182,-2.356781,-5.815796,-12.70752
2019-04-08 17:07:29,246201,-1.1357422,-6.653778,-12.374725
2019-04-08 17:07:29,246221,0.32711792,-6.2994385,-10.128967
2019-04-08 17:07:29,246241,-0.253479,-4.5971527,-9.535202
2019-04-08 17:07:29,246261,-1.0543365,-3.5125885,-9.518448
2019-04-08 17:07:29,246282,-2.2586212,-4.246399,-9.443039
2019-04-08 17:07:29,246301,-2.8847046,-4.0500793,-9.269455
2019-04-08 17:07:29,246321,-1.8144989,-3.4886322,-9.030029
2019-04-08 17:07:29,246342,-1.4912872,-3.1223297,-8.232758
2019-04-08 17:07:29,246361,-2.352005,-1.6546783,-8.035248
2019-04-08 17:07:29,246381,-2.3867188,-0.37976074,-7.7096252
2019-04-08 17:07:29,246402,-2.949356,-0.8226929,-7.8089905
2019-04-08 17:07:29,246421,-3.1839752,-1.5493317,-8.256699
2019-04-08 17:07:29,246441,-3.2198944,0.26905823,-8.329727
2019-04-08 17:07:29,246462,-2.305313,0.033233643,-7.7287903
2019-04-08 17:07:29,246481,-2.5507202,-0.20021057,-7.155365
2019-04-08 17:07:29,246501,-3.0128021,0.88557434,-6.7375793
2019-04-08 17:07:29,246522,-2.6764069,0.81134033,-6.3221893
2019-04-08 17:07:29,246542,-1.297348,0.243927,-5.6434326
2019-04-08 17:07:29,246562,-3.936966,0.59706116,-7.969406
2019-04-08 17:07:29,246581,-2.9744873,-0.0146484375,-8.57872
2019-04-08 17:07:29,246601,-1.5547333,-1.5648956,-7.5360565
2019-04-08 17:07:29,246622,-1.941391,-1.5924377,-6.8992004
2019-04-08 17:07:29,246641,-3.4341736,-0.07450867,-8.156143
2019-04-08 17:07:29,246661,-2.8679504,1.1561127,-8.000519
2019-04-08 17:07:29,246682,-0.960968,0.6377716,-8.254318
2019-04-08 17:07:29,246701,-0.14694214,-1.6427155,-9.818924
2019-04-08 17:07:29,246722,-0.06314087,-4.737213,-8.24115
2019-04-08 17:07:29,246741,-1.2805939,-3.8525543,-8.729553
2019-04-08 17:07:29,246762,-1.5822601,-1.3218842,-8.988129
2019-04-08 17:07:29,246781,-0.9980774,-1.9443817,-8.097488
2019-04-08 17:07:29,246801,-1.3823395,-3.7591858,-9.500488
2019-04-08 17:07:29,246822,-0.6832428,-6.2647095,-11.184814
2019-04-08 17:07:29,246841,0.15353394,-8.406326,-9.653717
2019-04-08 17:07:29,246862,-1.494873,-6.139023,-7.874832
2019-04-08 17:07:29,246881,-1.1608887,-4.3026733,-7.392395
2019-04-08 17:07:29,246901,0.038619995,-5.977417,-8.901947
2019-04-08 17:07:29,246922,0.67666626,-9.718353,-8.35965
2019-04-08 17:07:29,246941,-0.7825928,-8.707993,-7.569565
2019-04-08 17:07:30,246962,-0.4773407,-7.94545,-10.865189
2019-04-08 17:07:30,246981,0.5629425,-9.039597,-10.285797
2019-04-08 17:07:30,247001,-0.5599365,-8.358444,-8.947433
2019-04-08 17:07:30,247022,-0.34207153,-7.8843994,-6.5987244
2019-04-08 17:07:30,247041,-1.0471649,-8.612228,-7.8520813
2019-04-08 17:07:30,247061,-0.51205444,-9.176071,-7.8137817
2019-04-08 17:07:30,247082,-0.55155945,-9.380768,-8.327332
2019-04-08 17:07:30,247101,-0.8783722,-9.522034,-9.450211
2019-04-08 17:07:30,247122,-0.8137207,-9.912277,-10.449799
2019-04-08 17:07:30,247141,-1.5690918,-7.899948,-9.057571
2019-04-08 17:07:30,247161,-0.77900696,-5.917557,-5.9989777
2019-04-08 17:07:30,247182,-0.10983276,-6.6609497,-5.3465576
2019-04-08 17:07:30,247201,-1.2638397,-8.148956,-8.091507
2019-04-08 17:07:30,247221,-1.000473,-9.512451,-10.6138
2019-04-08 17:07:30,247242,0.12719727,-10.191208,-11.791748
2019-04-08 17:07:30,247261,0.4216919,-8.649338,-10.478531
2019-04-08 17:07:30,247281,-0.47973633,-5.9450836,-8.138199
2019-04-08 17:07:30,247302,-0.3444519,-5.271118,-6.537674
2019-04-08 17:07:30,247321,-0.23791504,-6.9051666,-6.6753387
2019-04-08 17:07:30,247341,-1.0806732,-6.62265,-8.099884
2019-04-08 17:07:30,247362,-1.2997437,-5.132263,-9.684845
2019-04-08 17:07:30,247382,-0.30734253,-4.5767975,-9.514862
2019-04-08 17:07:30,247401,0.06854248,-5.2591553,-8.776245
2019-04-08 17:07:30,247422,-0.60183716,-5.875656,-8.269867
2019-04-08 17:07:30,247441,-0.9430084,-6.009735,-9.496902
2019-04-08 17:07:30,247462,-0.83047485,-6.456253,-10.284592
2019-04-08 17:07:30,247481,-1.5044556,-6.310211,-10.796951
2019-04-08 17:07:30,247502,-1.8456268,-5.4111786,-10.974121
2019-04-08 17:07:30,247521,-1.0878601,-5.0903625,-10.373184
2019-04-08 17:07:30,247542,-1.0818787,-4.0943756,-10.140945
2019-04-08 17:07:30,247561,-1.0687103,-3.5197601,-9.285019
2019-04-08 17:07:30,247582,-0.96694946,-4.0464935,-8.49971
2019-04-08 17:07:30,247601,-1.3727722,-3.10318,-9.098267
2019-04-08 17:07:30,247621,-2.1808167,-1.7480469,-7.7694855
2019-04-08 17:07:30,247642,-2.4142456,-1.9347992,-7.0069275
2019-04-08 17:07:30,247661,-2.5171967,-2.5896149,-8.425491
2019-04-08 17:07:30,247682,-2.9361877,-0.53060913,-7.1374207
2019-04-08 17:07:30,247701,-4.0554657,0.44143677,-8.002914
2019-04-08 17:07:30,247721,-3.5670624,0.2331543,-8.788223
2019-04-08 17:07:30,247742,-2.815277,-0.061340332,-8.538025
2019-04-08 17:07:30,247761,-2.7470398,-0.20021057,-7.621048
2019-04-08 17:07:30,247781,-3.2007446,-0.4132843,-6.7220154
2019-04-08 17:07:30,247802,-4.3942566,1.0052795,-4.6426544
2019-04-08 17:07:30,247821,-3.965683,1.4577789,-6.985382
2019-04-08 17:07:30,247841,-4.5630493,1.1357574,-7.202057
2019-04-08 17:07:30,247861,-1.6504974,-2.2484436,-7.996933
2019-04-08 17:07:30,247882,-3.1540527,-1.7312927,-8.16214
2019-04-08 17:07:30,247901,-2.6357117,0.49771118,-7.2559357
2019-04-08 17:07:30,247921,-1.0926514,0.8951416,-6.3377533
2019-04-08 17:07:30,247942,-0.16848755,-0.30314636,-8.274658
2019-04-08 17:07:31,247961,0.47555542,-2.3585815,-9.384369
2019-04-08 17:07:31,247982,0.7891998,-3.9806519,-9.550766
2019-04-08 17:07:31,248001,0.06854248,-4.589966,-10.132568
2019-04-08 17:07:31,248021,-1.6457062,-2.680603,-9.08989
2019-04-08 17:07:31,248042,-1.8851318,-2.0066223,-7.8341217
2019-04-08 17:07:31,248061,-1.4505768,-3.2575989,-8.654144
2019-04-08 17:07:31,248081,-1.1309509,-5.4806213,-8.277054
2019-04-08 17:07:31,248102,-1.6109924,-7.0344543,-8.880402
2019-04-08 17:07:31,248121,-1.4529724,-7.3863983,-11.265015
2019-04-08 17:07:31,248141,-0.054763794,-9.009674,-10.099045
2019-04-08 17:07:31,248162,-1.158493,-8.275848,-7.9466553
2019-04-08 17:07:31,248182,-0.68803406,-6.2766876,-7.633011
2019-04-08 17:07:31,248201,0.9136963,-6.783066,-6.6944885
2019-04-08 17:07:31,248222,0.5425873,-8.236343,-8.405151
2019-04-08 17:07:31,248241,-0.36001587,-10.230713,-10.685623
2019-04-08 17:07:31,248262,-0.6161957,-11.194382,-10.616196
2019-04-08 17:07:31,248281,-0.98132324,-9.867996,-9.86322
2019-04-08 17:07:31,248302,-0.763443,-7.472595,-8.472183
2019-04-08 17:07:31,248322,0.74250793,-8.515259,-7.2319946
2019-04-08 17:07:31,248341,0.16670227,-9.487305,-7.5995026
2019-04-08 17:07:31,248362,-0.8963165,-8.735535,-8.383591
2019-04-08 17:07:31,248381,-1.6780243,-7.411545,-8.988129
2019-04-08 17:07:31,248402,-0.79696655,-8.682861,-9.476547
2019-04-08 17:07:31,248421,-0.3612213,-8.9534,-7.993347
2019-04-08 17:07:31,248441,-0.5958557,-6.743561,-7.4295044
2019-04-08 17:07:31,248461,0.17149353,-7.6521606,-8.06517
2019-04-08 17:07:31,248481,-0.7550659,-8.630188,-8.310577
2019-04-08 17:07:31,248502,-0.09666443,-8.834885,-7.8125763
2019-04-08 17:07:31,248521,0.21697998,-9.168884,-9.647736
2019-04-08 17:07:31,248541,-0.5671234,-7.8221436,-10.544373
2019-04-08 17:07:31,248562,-0.83047485,-7.3636475,-9.318527
2019-04-08 17:07:31,248581,-1.1764374,-6.634613,-8.178894
2019-04-08 17:07:31,248602,-1.0052643,-5.9714203,-7.3552856
2019-04-08 17:07:31,248621,-0.44502258,-5.6242676,-8.318954
2019-04-08 17:07:31,248641,-0.033218384,-5.1143036,-9.507675
2019-04-08 17:07:31,248662,0.46238708,-5.4578705,-8.365646
2019-04-08 17:07:31,248681,-0.1672821,-5.4818115,-8.958206
2019-04-08 17:07:31,248701,-0.9118805,-5.016144,-9.567535
2019-04-08 17:07:31,248722,-0.82928467,-5.6015167,-9.7052
2019-04-08 17:07:31,248741,-1.0435638,-5.0508575,-9.62619
2019-04-08 17:07:31,248761,-0.67007446,-4.3637238,-10.778992
2019-04-08 17:07:31,248782,-0.7957611,-4.7108765,-11.352402
2019-04-08 17:07:31,248801,-1.0471649,-4.1997223,-11.217133
2019-04-08 17:07:31,248821,-0.9406128,-3.1295013,-9.80455
2019-04-08 17:07:31,248842,-1.2386932,-3.1223297,-9.022842
2019-04-08 17:07:31,248861,-1.4002991,-3.3018951,-8.036438
2019-04-08 17:07:31,248881,-2.3663635,-1.6463013,-7.8173676
2019-04-08 17:07:31,248902,-2.9230194,-1.1423187,-6.2036743
2019-04-08 17:07:31,248921,-2.6225433,-1.3721619,-5.973831
2019-04-08 17:07:31,248942,-3.1145477,0.738327,-6.534073
2019-04-08 17:07:32,248961,-3.1420898,0.57432556,-7.3181763
2019-04-08 17:07:32,248981,-2.7697906,0.41271973,-7.9430695
2019-04-08 17:07:32,249002,-2.123352,-0.24928284,-7.661743
2019-04-08 17:07:32,249021,-2.185608,0.33729553,-8.221985
2019-04-08 17:07:32,249041,-3.1863708,1.2434998,-5.755966
2019-04-08 17:07:32,249061,-1.6469116,1.0076752,-7.756317
2019-04-08 17:07:32,249082,-3.7933044,0.43785095,-7.112274
2019-04-08 17:07:32,249102,-1.8025208,-0.7819977,-8.170517
2019-04-08 17:07:32,249121,-1.8037262,-0.3809662,-8.18129
2019-04-08 17:07:32,249141,-1.5403595,-0.33666992,-7.782654
2019-04-08 17:07:32,249162,-1.3081207,-0.3558197,-7.2750854
2019-04-08 17:07:32,249181,-2.2993317,-0.39413452,-7.135025
2019-04-08 17:07:32,249202,-2.3400269,-1.4380035,-7.783844
2019-04-08 17:07:32,249221,-1.9282227,-1.712143,-7.3517
2019-04-08 17:07:32,249242,-0.8891449,-1.3745575,-8.983353
2019-04-08 17:07:32,249261,-0.52163696,-3.1223297,-11.639709
2019-04-08 17:07:32,249281,-0.10144043,-5.5775757,-9.9122925
2019-04-08 17:07:32,249302,-1.0543365,-5.00058,-7.7814636
2019-04-08 17:07:32,249321,-0.6329651,-3.8010864,-7.835327
2019-04-08 17:07:32,249342,0.49710083,-4.5911713,-8.760681
2019-04-08 17:07:32,249361,0.6682892,-7.1062775,-9.865616
2019-04-08 17:07:32,249382,-1.4218445,-7.9921265,-10.764633
2019-04-08 17:07:32,249401,-1.2518616,-7.1050873,-8.729553
2019-04-08 17:07:32,249421,-0.026031494,-6.504135,-6.8249664
2019-04-08 17:07:32,249442,0.09008789,-6.8884125,-7.3229675
2019-04-08 17:07:32,249461,0.40133667,-8.365631,-9.115021
2019-04-08 17:07:32,249481,0.16789246,-9.826096,-10.07869
2019-04-08 17:07:32,249502,-0.37438965,-9.689621,-9.119812
2019-04-08 17:07:32,249521,-0.7526703,-8.887558,-8.640976
2019-04-08 17:07:32,249542,-0.7562561,-8.619415,-8.468597
2019-04-08 17:07:32,249561,-0.5862732,-8.852844,-7.7778625
2019-04-08 17:07:32,249581,-0.86639404,-8.485336,-7.422333
2019-04-08 17:07:32,249602,-0.88435364,-8.316544,-8.259094
2019-04-08 17:07:32,249621,-0.100250244,-9.549561,-9.1844635
2019-04-08 17:07:32,249641,-0.629364,-9.863205,-9.590271
2019-04-08 17:07:32,249662,-1.2243347,-7.5492096,-9.024048
2019-04-08 17:07:32,249681,-0.27981567,-7.4701996,-9.162918
2019-04-08 17:07:32,249701,-1.3416443,-8.345276,-8.581116
2019-04-08 17:07:32,249721,-1.2386932,-7.5575867,-6.54245
2019-04-08 17:07:32,249741,0.3390808,-7.3205566,-7.0033417
2019-04-08 17:07:32,249762,0.14755249,-7.3588715,-9.574707
2019-04-08 17:07:32,249781,-0.56951904,-6.708847,-10.512039
2019-04-08 17:07:32,249801,-0.27262878,-6.5376587,-10.1098175
2019-04-08 17:07:32,249822,-0.8891449,-6.1222534,-9.135376
2019-04-08 17:07:32,249841,-0.9897003,-5.9474792,-8.148972
2019-04-08 17:07:32,249862,-0.21038818,-6.115082,-7.854477
2019-04-08 17:07:32,249882,0.66230774,-6.0935364,-8.7343445
2019-04-08 17:07:32,249901,0.5701294,-6.591522,-9.972153
2019-04-08 17:07:32,249921,-0.5168457,-7.0548096,-10.125381
2019-04-08 17:07:32,249941,-1.4493866,-6.6154633,-9.443039
2019-04-08 17:07:33,249962,-1.0112457,-6.212036,-8.389587
2019-04-08 17:07:33,249981,-0.85562134,-4.84256,-8.268677
2019-04-08 17:07:33,250002,-1.4781189,-2.8158722,-9.074326
2019-04-08 17:07:33,250021,-1.4122772,-2.8230438,-10.181641
2019-04-08 17:07:33,250042,-1.1848297,-5.075989,-9.701599
2019-04-08 17:07:33,250061,-1.2482758,-5.293869,-10.618591
2019-04-08 17:07:33,250082,-0.9322357,-4.0812073,-10.421066
2019-04-08 17:07:33,250101,-1.5212097,-3.526947,-9.823715
2019-04-08 17:07:33,250121,-2.1760254,-3.230072,-8.18248
2019-04-08 17:07:33,250142,-3.22229,-2.1706238,-9.08989
2019-04-08 17:07:33,250161,-3.404251,-0.87776184,-8.435074
2019-04-08 17:07:33,250181,-2.9409637,-0.9950714,-8.265091
2019-04-08 17:07:33,250202,-2.8045044,-1.7731934,-7.2272034
2019-04-08 17:07:33,250221,-2.8392181,-0.9807129,-7.427109
2019-04-08 17:07:33,250242,-3.2354584,0.6557312,-5.9319305
2019-04-08 17:07:33,250261,-2.5710602,0.5551605,-5.8912354
2019-04-08 17:07:33,250281,-3.3060913,2.1987915,-6.331772
2019-04-08 17:07:33,250302,-1.1812286,0.60424805,-6.723221
2019-04-08 17:07:33,250321,-3.2031403,-0.29118347,-7.435501
2019-04-08 17:07:33,250341,-5.4536896,-0.4599762,-8.883987
2019-04-08 17:07:33,250361,-2.7841492,-0.3630066,-9.225159
2019-04-08 17:07:33,250382,-0.76104736,-0.5246124,-7.428314
2019-04-08 17:07:33,250401,-2.33284,-0.28160095,-7.1182556
2019-04-08 17:07:33,250421,-2.348404,-0.78678894,-7.916733
2019-04-08 17:07:33,250442,-2.3507996,-1.3135071,-8.688858
2019-04-08 17:07:33,250461,-1.0890503,-2.5525055,-9.239532
2019-04-08 17:07:33,250481,-0.17926025,-2.9906464,-8.524857
2019-04-08 17:07:33,250501,-0.46896362,-2.411255,-8.506897
2019-04-08 17:07:33,250521,-1.3871307,-2.0688782,-7.0117188
2019-04-08 17:07:33,250542,-1.7546387,-2.7212982,-7.811386
2019-04-08 17:07:33,250561,-1.5116272,-4.0273285,-8.285431
2019-04-08 17:07:33,250581,-1.3643951,-5.1011353,-9.099457
2019-04-08 17:07:33,250602,-0.99328613,-5.803833,-9.925461
2019-04-08 17:07:33,250621,-0.6329651,-6.870453,-9.763855
2019-04-08 17:07:33,250641,-0.057159424,-7.468994,-8.189667
2019-04-08 17:07:33,250661,-0.36720276,-7.3636475,-9.019257
2019-04-08 17:07:33,250682,-0.08229065,-7.8855896,-9.720764
2019-04-08 17:07:33,250702,0.48034668,-9.80455,-9.559158
2019-04-08 17:07:33,250721,-0.8675995,-9.276627,-8.964188
2019-04-08 17:07:33,250742,-1.0627136,-7.4570312,-8.541611
2019-04-08 17:07:33,250762,-0.3731842,-7.5575867,-8.220795
2019-04-08 17:07:33,250781,-0.9621582,-8.394363,-8.901947
2019-04-08 17:07:33,250802,-1.4302368,-9.3293,-9.572327
2019-04-08 17:07:33,250821,-0.49290466,-9.896713,-9.444229
2019-04-08 17:07:33,250842,0.20262146,-9.178467,-8.89357
2019-04-08 17:07:33,250861,-0.009277344,-8.277039,-8.432678
2019-04-08 17:07:33,250882,-0.74668884,-7.6006775,-8.57753
2019-04-08 17:07:33,250901,-0.5312042,-8.724762,-8.24353
2019-04-08 17:07:33,250922,-0.68203735,-8.868408,-7.2391663
2019-04-08 17:07:33,250941,-0.65211487,-7.558777,-7.6354065
2019-04-08 17:07:34,250961,-0.45819092,-8.169296,-8.504501
2019-04-08 17:07:34,250982,-0.7514801,-8.546387,-7.7335663
2019-04-08 17:07:34,251001,0.509079,-7.9322815,-7.606674
2019-04-08 17:07:34,251021,0.18345642,-7.3780212,-9.353256
2019-04-08 17:07:34,251042,-0.5683136,-7.024872,-8.661331
2019-04-08 17:07:34,251061,-0.8675995,-7.191269,-8.334518
2019-04-08 17:07:34,251082,-1.9042816,-6.5603943,-8.505707
2019-04-08 17:07:34,251101,-1.8575897,-6.602295,-8.924683
2019-04-08 17:07:34,251121,-1.8216858,-5.9247437,-9.343674
2019-04-08 17:07:34,251142,-1.4505768,-4.3673096,-8.442261
2019-04-08 17:07:34,251161,-0.5934601,-4.5600433,-9.013275
2019-04-08 17:07:34,251181,-0.9825134,-5.618286,-8.836105
2019-04-08 17:07:34,251202,-1.8396454,-5.649399,-9.677658
2019-04-08 17:07:34,251221,-1.055542,-6.14859,-10.286987
2019-04-08 17:07:34,251241,-0.8412628,-6.48378,-9.153336
2019-04-08 17:07:34,251261,-1.4793091,-4.561249,-9.775833
2019-04-08 17:07:34,251281,-1.4278412,-3.487442,-10.697601
2019-04-08 17:07:34,251302,-1.3212891,-4.9084015,-10.701187
2019-04-08 17:07:34,251321,-1.4637451,-4.308655,-10.187622
2019-04-08 17:07:34,251341,-0.94181824,-2.807495,-10.015244
2019-04-08 17:07:34,251362,-0.5719147,-2.649475,-8.26149
2019-04-08 17:07:34,251381,-1.5631104,-3.0516968,-8.668503
2019-04-08 17:07:34,251401,-2.7949219,-1.1111908,-8.443451
2019-04-08 17:07:34,251422,-2.9469604,-0.5868683,-7.2906494
2019-04-08 17:07:34,251441,-2.2310944,-0.84184265,-6.8884125
2019-04-08 17:07:34,251461,-3.1061707,0.44503784,-7.3433228
2019-04-08 17:07:34,251482,-2.7781677,0.06315613,-7.127838
2019-04-08 17:07:34,251502,-2.3903046,-0.7891693,-6.379654
2019-04-08 17:07:34,251522,-2.767395,0.63656616,-7.3074036
2019-04-08 17:07:34,251541,-3.9836426,1.0842896,-6.5675964
2019-04-08 17:07:34,251561,-2.2897491,0.13258362,-8.464996
2019-04-08 17:07:34,251582,-4.609726,0.11582947,-8.18129
2019-04-08 17:07:34,251601,-3.53833,-0.08049011,-7.953842
2019-04-08 17:07:34,251622,-1.9461823,-1.4320221,-7.945465
2019-04-08 17:07:34,251641,-2.798523,-0.38934326,-7.9358826
2019-04-08 17:07:34,251662,-2.1987762,0.7083893,-7.5013275
2019-04-08 17:07:34,251681,-1.2075653,-0.55215454,-7.17572
2019-04-08 17:07:34,251702,-1.1225739,-1.5720825,-7.672516
2019-04-08 17:07:34,251721,-0.37199402,-1.7791748,-9.296982
2019-04-08 17:07:34,251741,0.53302,-3.1642303,-8.230362
2019-04-08 17:07:34,251762,-0.77542114,-3.9926147,-9.614212
2019-04-08 17:07:34,251781,-2.0431519,-2.5836334,-9.40712
2019-04-08 17:07:34,251802,-1.8899231,-1.9755096,-7.423523
2019-04-08 17:07:34,251821,-1.4673462,-2.772766,-7.878418
2019-04-08 17:07:34,251841,-0.66767883,-5.6110992,-9.699219
2019-04-08 17:07:34,251862,-0.897522,-7.9993134,-9.799774
2019-04-08 17:07:34,251881,-1.150116,-7.831726,-10.45459
2019-04-08 17:07:34,251902,-0.59225464,-7.6832733,-9.967361
2019-04-08 17:07:34,251921,-0.24151611,-7.721588,-9.037216
2019-04-08 17:07:34,251941,0.5701294,-8.419495,-7.964615
2019-04-08 17:07:35,251962,0.24690247,-8.763062,-8.472183
2019-04-08 17:07:35,251981,-0.24989319,-8.929459,-8.747513
2019-04-08 17:07:35,252001,-0.44740295,-8.158524,-8.188477
2019-04-08 17:07:35,252021,-0.43902588,-6.9482574,-8.158539
2019-04-08 17:07:35,252041,-0.31452942,-7.29303,-8.311768
2019-04-08 17:07:35,252062,0.07093811,-8.51886,-8.664917
2019-04-08 17:07:35,252081,-0.54797363,-8.876785,-8.478165
2019-04-08 17:07:35,252101,-1.0208282,-8.691238,-8.318954
2019-04-08 17:07:35,252122,-1.1991882,-8.710388,-9.281418
2019-04-08 17:07:35,252141,-0.86520386,-9.392746,-9.632172
2019-04-08 17:07:35,252161,-1.3775635,-9.347244,-8.9318695
2019-04-08 17:07:35,252182,-0.9693451,-7.7946167,-7.6425934
2019-04-08 17:07:35,252201,0.1583252,-7.3636475,-6.8560944
2019-04-08 17:07:35,252221,-0.59225464,-7.8963623,-7.6665344
2019-04-08 17:07:35,252242,0.06854248,-8.688843,-7.320572
2019-04-08 17:07:35,252261,0.014663696,-9.253876,-8.709213
2019-04-08 17:07:35,252281,-1.2758026,-7.4893494,-9.153336
2019-04-08 17:07:35,252302,-0.6796417,-6.033676,-8.2603
2019-04-08 17:07:35,252322,-0.3684082,-6.3868256,-7.874832
2019-04-08 17:07:35,252342,-1.1070099,-6.4658356,-9.194031
2019-04-08 17:07:35,252361,-1.3536224,-6.4059753,-10.011658
2019-04-08 17:07:35,252382,-0.55514526,-6.2479553,-9.319733
2019-04-08 17:07:35,252401,-0.21755981,-5.673355,-8.469788
2019-04-08 17:07:35,252422,-0.43544006,-6.0061493,-8.509293
2019-04-08 17:07:35,252441,-0.6174011,-6.5484314,-9.417892
2019-04-08 17:07:35,252462,-0.81611633,-6.883621,-9.797379
2019-04-08 17:07:35,252481,-0.7945709,-6.2922516,-9.905121
2019-04-08 17:07:35,252501,-1.016037,-5.1143036,-9.865616
2019-04-08 17:07:35,252522,-1.2566528,-4.6953125,-9.561539
2019-04-08 17:07:35,252541,-1.3404541,-5.0664215,-9.403534
2019-04-08 17:07:35,252562,-1.2315063,-4.26915,-8.787018
2019-04-08 17:07:35,252581,-0.9837189,-3.171402,-8.730759
2019-04-08 17:07:35,252601,-0.95617676,-2.8362122,-9.375992
2019-04-08 17:07:35,252621,-1.1560974,-3.416809,-8.712799
2019-04-08 17:07:35,252642,-1.6971893,-2.325058,-9.56514
2019-04-08 17:07:35,252661,-1.862381,-1.5205994,-9.450211
2019-04-08 17:07:35,252682,-2.9194183,-1.3984985,-8.828918
2019-04-08 17:07:35,252701,-2.7566223,-1.4224396,-7.957428
2019-04-08 17:07:35,252721,-2.2717896,-0.4994812,-7.799408
2019-04-08 17:07:35,252742,-3.0175781,0.8951416,-7.684494
2019-04-08 17:07:35,252761,-2.8954773,0.9454193,-7.735962
2019-04-08 17:07:35,252781,-1.807312,-0.9699402,-6.142624
2019-04-08 17:07:35,252802,-2.9086456,-0.6443329,-7.0608063
2019-04-08 17:07:35,252821,-2.5447235,0.70121765,-5.210083
2019-04-08 17:07:35,252841,-3.474884,1.8073425,-7.178116
2019-04-08 17:07:35,252862,-4.814438,1.2985687,-7.9370728
2019-04-08 17:07:35,252881,-2.068283,-0.7484741,-8.460205
2019-04-08 17:07:35,252901,-0.7598572,-1.3027344,-8.514084
2019-04-08 17:07:35,252922,-2.1269379,-0.12239075,-8.652939
2019-04-08 17:07:35,252941,-2.1999664,0.60543823,-9.123413
2019-04-08 17:07:36,252962,-1.1764374,-0.47314453,-8.040024
2019-04-08 17:07:36,252981,-0.66767883,-2.0006409,-8.309372
2019-04-08 17:07:36,253001,-0.95617676,-1.6091919,-8.354874
2019-04-08 17:07:36,253022,-0.6952057,-2.0940094,-8.682877
2019-04-08 17:07:36,253041,-1.7390747,-3.3006897,-8.583511
2019-04-08 17:07:36,253061,-2.858368,-3.6478577,-8.667313
2019-04-08 17:07:36,253082,-2.114975,-3.5365295,-7.60907
2019-04-08 17:07:36,253101,-0.976532,-3.8094635,-7.7096252
2019-04-08 17:07:36,253122,-1.2111664,-5.444702,-8.225586
2019-04-08 17:07:36,253142,-0.9717407,-7.3397064,-9.277832
2019-04-08 17:07:36,253161,-1.4194489,-7.235565,-9.687241
2019-04-08 17:07:36,253182,-0.6329651,-7.21402,-11.098618
2019-04-08 17:07:36,253201,0.40612793,-7.5420227,-9.322128
2019-04-08 17:07:36,253222,0.8813782,-7.4079437,-8.358459
2019-04-08 17:07:36,253242,0.54977417,-8.181274,-8.389587
2019-04-08 17:07:36,253261,0.39535522,-8.59906,-7.933487
2019-04-08 17:07:36,253282,-0.05595398,-8.261475,-8.6349945
2019-04-08 17:07:36,253301,-0.427063,-8.564346,-9.1892395
2019-04-08 17:07:36,253321,-0.60183716,-8.754684,-8.712799
2019-04-08 17:07:36,253342,-1.2614441,-7.5360413,-7.8484955
2019-04-08 17:07:36,253361,-0.332489,-7.160141,-7.0811462
2019-04-08 17:07:36,253382,-0.55155945,-7.852066,-7.660553
2019-04-08 17:07:36,253401,-1.1991882,-9.022842,-9.537598
2019-04-08 17:07:36,253421,-0.9142761,-10.267822,-11.385925
2019-04-08 17:07:36,253442,-0.7119751,-9.948196,-10.649704
2019-04-08 17:07:36,253461,0.038619995,-8.32373,-8.977356
2019-04-08 17:07:36,253481,0.68385315,-7.6090546,-7.518097
2019-04-08 17:07:36,253502,-0.03919983,-8.214798,-6.4335175
2019-04-08 17:07:36,253521,0.33668518,-8.567932,-6.18692
2019-04-08 17:07:36,253542,0.40133667,-7.7311707,-8.134598
2019-04-08 17:07:36,253561,0.18466187,-6.765106,-8.47937
2019-04-08 17:07:36,253581,-0.22834778,-6.325775,-7.7180176
2019-04-08 17:07:36,253602,-0.29537964,-6.748352,-8.113052
2019-04-08 17:07:36,253621,-0.58387756,-7.1074677,-8.5954895
2019-04-08 17:07:36,253641,-1.1824341,-6.882416,-9.183258
2019-04-08 17:07:36,253662,-1.5619049,-6.9087524,-9.50528
2019-04-08 17:07:36,253681,-1.4015045,-6.803406,-9.215576
2019-04-08 17:07:36,253701,-1.9437866,-6.0635986,-8.845673
2019-04-08 17:07:36,253722,-1.7019653,-5.8936157,-8.464996
2019-04-08 17:07:36,253741,-1.649292,-6.3042145,-9.128189
2019-04-08 17:07:36,253762,-1.4445953,-6.160568,-9.3233185
2019-04-08 17:07:36,253781,-1.0327911,-5.642227,-10.048767
2019-04-08 17:07:36,253801,-1.2710114,-5.4411163,-10.63176
2019-04-08 17:07:36,253822,-1.0292053,-5.0664215,-10.721542
2019-04-08 17:07:36,253841,0.18345642,-5.119095,-9.196426
2019-04-08 17:07:36,253861,-0.20201111,-5.2328186,-9.112625
2019-04-08 17:07:36,253882,-0.72753906,-3.2360535,-8.682877
2019-04-08 17:07:36,253901,-1.0028687,-2.190979,-8.900742
2019-04-08 17:07:36,253921,-2.4250183,-2.2340698,-9.147354
2019-04-08 17:07:36,253942,-2.4884644,-2.5513153,-9.60704
2019-04-08 17:07:37,253961,-1.3667908,-2.7452393,-8.7343445
2019-04-08 17:07:37,253982,-2.3460083,-2.1538696,-8.494934
2019-04-08 17:07:37,254002,-2.9685059,-1.7265015,-8.557175
2019-04-08 17:07:37,254021,-3.1552582,-0.5569458,-8.474579
2019-04-08 17:07:37,254042,-3.2725677,0.21398926,-6.968628
2019-04-08 17:07:37,254062,-1.6876068,-0.13316345,-5.9151764
2019-04-08 17:07:37,254081,-1.7211304,0.93943787,-4.727646
2019-04-08 17:07:37,254102,-2.8595734,0.79937744,-3.7412415
2019-04-08 17:07:37,254121,-3.0846252,1.0878754,-7.33374
2019-04-08 17:07:37,254142,-4.5726166,-0.1559143,-8.025665
2019-04-08 17:07:37,254161,-3.677185,-1.1590881,-8.40155
2019-04-08 17:07:37,254182,-1.980896,-0.83106995,-9.176086
2019-04-08 17:07:37,254201,-2.9146423,-0.33187866,-7.814972
2019-04-08 17:07:37,254221,-3.2510223,0.2331543,-9.008484
2019-04-08 17:07:37,254242,-2.0395508,-0.41807556,-9.271851
2019-04-08 17:07:37,254261,-1.0100403,-1.8222809,-7.088333
2019-04-08 17:07:37,254282,-1.6157837,-1.4032898,-9.253891
2019-04-08 17:07:37,254301,-1.158493,-1.7193298,-9.488525
2019-04-08 17:07:37,254322,-0.8783722,-2.6518707,-6.8692627
2019-04-08 17:07:37,254341,-1.8276672,-2.2089386,-7.8951874
2019-04-08 17:07:37,254361,-1.8719635,-2.1814117,-8.857651
2019-04-08 17:07:37,254382,-1.039978,-4.882065,-6.558014
2019-04-08 17:07:37,254401,-1.6576843,-5.868469,-9.870392
2019-04-08 17:07:37,254421,-1.4613495,-5.5775757,-10.085876
2019-04-08 17:07:37,254442,-0.80773926,-5.4183655,-8.309372
2019-04-08 17:07:37,254461,0.012283325,-6.2479553,-9.721954
2019-04-08 17:07:37,254481,0.61680603,-7.8149567,-9.809341
2019-04-08 17:07:37,254502,0.24450684,-8.075928,-9.045593
2019-04-08 17:07:37,254521,0.61203,-8.065155,-8.775055
2019-04-08 17:07:37,254541,0.78201294,-9.075516,-9.496902
2019-04-08 17:07:37,254562,-0.017654419,-10.194794,-9.568726
2019-04-08 17:07:37,254581,-0.94181824,-9.750671,-8.538025
2019-04-08 17:07:37,254601,-0.9944916,-8.012482,-7.9634094
2019-04-08 17:07:37,254622,-0.7742157,-7.4306946,-7.09552
2019-04-08 17:07:37,254641,-0.83047485,-7.3397064,-6.8201904
2019-04-08 17:07:37,254661,-0.31573486,-8.037628,-6.833359
2019-04-08 17:07:37,254682,-0.04159546,-9.022842,-7.814972
2019-04-08 17:07:37,254701,-0.7347107,-9.001282,-9.294586
2019-04-08 17:07:37,254721,-0.23912048,-9.676453,-9.681259
2019-04-08 17:07:37,254742,-0.66049194,-9.601028,-8.510498
2019-04-08 17:07:37,254761,-0.21157837,-8.722366,-8.121429
2019-04-08 17:07:37,254782,0.36541748,-8.825317,-8.554779
2019-04-08 17:07:37,254802,0.1116333,-8.638565,-8.441055
2019-04-08 17:07:37,254821,0.4552002,-8.291412,-6.77948
2019-04-08 17:07:37,254842,0.115234375,-8.02446,-7.5995026
2019-04-08 17:07:37,254861,-0.96336365,-7.3205566,-8.486542
2019-04-08 17:07:37,254882,-1.5271912,-6.9925537,-8.271072
2019-04-08 17:07:37,254902,-1.6098022,-7.0955048,-7.972992
2019-04-08 17:07:37,254921,-1.8216858,-6.3269653,-7.538452
2019-04-08 17:07:37,254942,-1.3117218,-5.666168,-7.9705963
2019-04-08 17:07:38,254961,-0.466568,-5.4566803,-9.646545
2019-04-08 17:07:38,254982,-0.19482422,-4.9359283,-10.685623
2019-04-08 17:07:38,255001,-0.6150055,-5.6003265,-10.275024
2019-04-08 17:07:38,255021,0.17628479,-6.796234,-10.12059
2019-04-08 17:07:38,255042,0.10444641,-6.433502,-9.067139
2019-04-08 17:07:38,255061,-0.7526703,-5.486603,-8.00531
2019-04-08 17:07:38,255082,-0.83047485,-4.562439,-9.2634735
2019-04-08 17:07:38,255101,-1.4254456,-4.943115,-9.9913025
2019-04-08 17:07:38,255121,-1.699585,-5.3992157,-9.701599
2019-04-08 17:07:38,255142,-2.5973969,-4.3421783,-9.760269
2019-04-08 17:07:38,255161,-1.8815308,-3.61792,-9.109039
2019-04-08 17:07:38,255181,-0.77542114,-4.0021973,-9.240723
2019-04-08 17:07:38,255202,-1.4505768,-3.2133026,-9.425079
2019-04-08 17:07:38,255221,-1.115387,-3.2121124,-8.552383
2019-04-08 17:07:38,255241,-2.6297302,-3.1761932,-8.320145
2019-04-08 17:07:38,255262,-4.4840393,-0.91007996,-9.879974
2019-04-08 17:07:38,255281,-3.957306,-1.5756683,-8.174103
2019-04-08 17:07:38,255302,-2.8451996,-2.2029572,-8.810959
2019-04-08 17:07:38,255321,-1.9006958,-0.46595764,-7.7108307
2019-04-08 17:07:38,255341,-2.2669983,-0.2073822,-7.4139404
2019-04-08 17:07:38,255362,-2.3292542,0.3600464,-6.0109406
2019-04-08 17:07:38,255381,-1.699585,1.7378998,-5.1813507
2019-04-08 17:07:38,255401,-1.9725189,2.0204163,-5.1729736
2019-04-08 17:07:38,255422,-1.3835449,0.67367554,-5.323807
2019-04-08 17:07:38,255441,-4.953293,-1.5493317,-8.759491
2019-04-08 17:07:38,255461,-4.7964783,-1.9719086,-9.551971
2019-04-08 17:07:38,255482,-2.4190369,-0.7484741,-7.6904755
2019-04-08 17:07:38,255501,-3.0427246,1.1213989,-7.8449097
2019-04-08 17:07:38,255521,-3.237854,2.3376465,-8.904343
2019-04-08 17:07:38,255542,-1.3572083,-0.026626587,-7.9275055
2019-04-08 17:07:38,255561,-0.72514343,-2.6434784,-8.864838
2019-04-08 17:07:38,255582,-0.21636963,-3.5951843,-7.921524
2019-04-08 17:07:38,255601,-0.32650757,-2.4854736,-10.655701
2019-04-08 17:07:38,255622,-0.34326172,-1.8007202,-8.409927
2019-04-08 17:07:38,255642,-0.8340759,-2.491455,-7.8676453
2019-04-08 17:07:38,255661,-1.2147522,-3.4467468,-7.3026123
2019-04-08 17:07:38,255682,-2.1018066,-3.5317383,-8.06517
2019-04-08 17:07:38,255701,-1.4386139,-4.6953125,-8.33931
2019-04-08 17:07:38,255722,-0.9430084,-5.913971,-9.118622
2019-04-08 17:07:38,255742,-0.6006317,-6.415558,-9.1449585
2019-04-08 17:07:38,255761,-1.3727722,-5.678131,-8.874405
2019-04-08 17:07:38,255782,-0.8233032,-6.0121307,-9.147354
2019-04-08 17:07:38,255801,-0.31333923,-7.223587,-8.285431
2019-04-08 17:07:38,255822,-0.28579712,-7.8137665,-8.97496
2019-04-08 17:07:38,255841,0.5437927,-9.158112,-9.240723
2019-04-08 17:07:38,255861,0.61680603,-9.608215,-9.125793
2019-04-08 17:07:38,255882,-0.21157837,-8.781021,-8.442261
2019-04-08 17:07:38,255901,-0.6329651,-8.9366455,-8.488937
2019-04-08 17:07:38,255922,-0.7119751,-8.646942,-8.511688
2019-04-08 17:07:38,255941,-0.31333923,-8.670883,-8.533234
2019-04-08 17:07:39,255961,-0.2893982,-8.66011,-7.84729
2019-04-08 17:07:39,255982,-1.242279,-7.235565,-7.059601
2019-04-08 17:07:39,256001,-0.8604126,-6.8417206,-7.155365
2019-04-08 17:07:39,256022,-0.0368042,-8.415909,-8.153748
2019-04-08 17:07:39,256041,-0.60902405,-9.871582,-9.399933
2019-04-08 17:07:39,256061,-1.431427,-8.9917145,-9.816528
2019-04-08 17:07:39,256082,0.072128296,-8.554764,-8.769058
2019-04-08 17:07:39,256101,0.6934204,-9.648926,-8.472183
2019-04-08 17:07:39,256121,0.47795105,-9.166489,-7.495346
2019-04-08 17:07:39,256142,-0.021240234,-8.230362,-8.929474
2019-04-08 17:07:39,256161,-0.26545715,-7.4079437,-8.940247
2019-04-08 17:07:39,256181,-0.7706299,-6.8500977,-8.335709
2019-04-08 17:07:39,256202,-1.7546387,-6.3114014,-7.344513
2019-04-08 17:07:39,256221,-2.4621277,-5.5416718,-6.7507477
2019-04-08 17:07:39,256241,-2.2227173,-5.0352936,-7.293045
2019-04-08 17:07:39,256262,-1.079483,-5.2292175,-9.166504
2019-04-08 17:07:39,256281,-0.332489,-5.642227,-10.321701
2019-04-08 17:07:39,256302,-0.8017578,-5.413574,-10.029617
2019-04-08 17:07:39,256321,-1.1261597,-5.5859528,-9.519653
2019-04-08 17:07:39,256341,-1.0088501,-6.7950287,-9.0659485
2019-04-08 17:07:39,256362,-1.2099609,-7.3361206,-9.30896
2019-04-08 17:07:39,256381,-0.7993622,-5.678131,-9.809341
2019-04-08 17:07:39,256401,-1.328476,-4.0225525,-10.239105
2019-04-08 17:07:39,256422,-1.2758026,-4.07283,-9.703995
2019-04-08 17:07:39,256441,-1.3703766,-4.570816,-9.54718
2019-04-08 17:07:39,256461,-1.510437,-4.364914,-10.108627
2019-04-08 17:07:39,256482,-1.3428345,-4.3900604,-8.99173
2019-04-08 17:07:39,256501,-1.7187347,-4.400833,-7.700058
2019-04-08 17:07:39,256522,-2.5973969,-2.479477,-8.581116
2019-04-08 17:07:39,256541,-3.38031,-0.33068848,-8.760681
2019-04-08 17:07:39,256562,-3.3910828,-0.5294037,-7.585129
2019-04-08 17:07:39,256581,-1.8097076,-1.6989746,-8.214813
2019-04-08 17:07:39,256602,-1.9365997,-1.9467773,-9.695618
2019-04-08 17:07:39,256621,-3.0415344,-1.0812683,-9.271851
2019-04-08 17:07:39,256642,-2.719513,-0.27920532,-8.757095
2019-04-08 17:07:39,256661,-2.0239868,0.6174164,-5.953476
2019-04-08 17:07:39,256682,-1.9856873,0.2738495,-5.084381
2019-04-08 17:07:39,256701,-2.4166412,0.5994568,-4.1710052
2019-04-08 17:07:39,256721,-5.43573,1.9055023,-5.625473
2019-04-08 17:07:39,256742,-2.949356,0.37200928,-7.0667877
2019-04-08 17:07:39,256761,-2.3005219,-1.1698608,-9.474152
2019-04-08 17:07:39,256781,-1.3320618,-1.8450165,-8.470993
2019-04-08 17:07:39,256802,-1.684021,-0.4312439,-7.316986
2019-04-08 17:07:39,256821,-2.7949219,0.47616577,-7.2631073
2019-04-08 17:07:39,256841,-2.5052338,-0.72213745,-8.448242
2019-04-08 17:07:39,256862,-1.2877808,-1.6044006,-10.275024
2019-04-08 17:07:39,256881,1.4476013,-3.4060364,-10.334869
2019-04-08 17:07:39,256902,0.5126648,-4.9826202,-8.670898
2019-04-08 17:07:39,256921,-1.8396454,-3.7065125,-9.186859
2019-04-08 17:07:39,256941,-2.0766602,-2.9882507,-7.8341217
2019-04-08 17:07:40,256962,-1.115387,-3.763977,-7.6820984
2019-04-08 17:07:40,256981,-1.0016632,-4.9359283,-8.544006
2019-04-08 17:07:40,257001,-0.85801697,-5.91037,-7.719208
2019-04-08 17:07:40,257022,-0.88435364,-5.8612976,-8.1250305
2019-04-08 17:07:40,257041,-0.25228882,-6.5328674,-10.697601
2019-04-08 17:07:40,257061,0.17028809,-7.994522,-9.808151
2019-04-08 17:07:40,257082,-0.684433,-7.218811,-9.4023285
2019-04-08 17:07:40,257101,0.009887695,-7.812561,-10.4461975
2019-04-08 17:07:40,257121,1.0441742,-9.7782135,-9.135376
2019-04-08 17:07:40,257142,0.7436981,-9.633362,-8.280655
2019-04-08 17:07:40,257161,-0.2786255,-8.4266815,-7.743149
2019-04-08 17:07:40,257182,-0.25108337,-8.831299,-7.9346924
2019-04-08 17:07:40,257201,-0.39353943,-9.008469,-8.715195
2019-04-08 17:07:40,257221,0.16551208,-9.119797,-8.423096
2019-04-08 17:07:40,257242,-0.35523987,-9.0156555,-9.061157
2019-04-08 17:07:40,257261,-0.6569061,-8.733139,-8.953415
2019-04-08 17:07:40,257282,-0.44621277,-8.296204,-8.687668
2019-04-08 17:07:40,257302,-0.5359955,-7.776657,-7.9837646
2019-04-08 17:07:40,257321,-0.40670776,-6.9398804,-7.6557617
2019-04-08 17:07:40,257342,0.11402893,-7.357666,-7.7048492
2019-04-08 17:07:40,257361,-0.75865173,-9.047974,-7.811386
2019-04-08 17:07:40,257382,-0.55274963,-9.384354,-7.131424
2019-04-08 17:07:40,257401,-0.16967773,-7.886795,-8.010101
2019-04-08 17:07:40,257422,0.1978302,-6.7639008,-9.38797
2019-04-08 17:07:40,257441,-0.9657593,-7.0117035,-9.355637
2019-04-08 17:07:40,257462,-1.9725189,-7.0895233,-8.99173
2019-04-08 17:07:40,257481,-2.0862427,-7.079941,-8.153748
2019-04-08 17:07:40,257502,-1.7450714,-6.9159393,-7.7658997
2019-04-08 17:07:40,257521,-1.5571289,-6.8489075,-9.042007
2019-04-08 17:07:40,257542,-1.1537018,-5.803833,-10.2438965
2019-04-08 17:07:40,257561,-0.77900696,-5.2292175,-9.884766
2019-04-08 17:07:40,257582,-0.44262695,-5.795456,-8.589493
2019-04-08 17:07:40,257601,-0.48690796,-6.241974,-8.8923645
2019-04-08 17:07:40,257621,-0.94659424,-5.9043884,-10.934616
2019-04-08 17:07:40,257642,-0.95617676,-5.5093384,-11.689987
2019-04-08 17:07:40,257661,-0.69641113,-5.5727844,-10.887939
2019-04-08 17:07:40,257681,-1.118988,-4.570816,-10.600632
2019-04-08 17:07:40,257701,-0.35762024,-4.2607727,-9.38797
2019-04-08 17:07:40,257722,-0.27742004,-4.0309296,-8.761887
2019-04-08 17:07:40,257741,-1.5188141,-3.0852203,-8.781036
2019-04-08 17:07:40,257761,-2.3711548,-2.0772552,-9.226364
2019-04-08 17:07:40,257781,-2.3280487,-1.6067963,-8.211212
2019-04-08 17:07:40,257801,-2.4968414,-1.0597229,-7.9765778
2019-04-08 17:07:40,257821,-2.9637146,-0.26245117,-6.70047
2019-04-08 17:07:40,257842,-4.4780426,0.14216614,-5.775116
2019-04-08 17:07:40,257861,-4.800064,1.0711212,-5.3070526
2019-04-08 17:07:40,257881,-3.110962,0.91789246,-5.5440674
2019-04-08 17:07:40,257902,-2.6943665,0.5324249,-5.442322
2019-04-08 17:07:40,257921,-1.4218445,0.73472595,-4.8329926
2019-04-08 17:07:40,257941,-4.6552124,-0.07330322,-6.656189
2019-04-08 17:07:41,257962,-4.8850555,0.1577301,-8.245926
2019-04-08 17:07:41,257981,-3.072647,1.8755646,-10.47493
2019-04-08 17:07:41,258001,0.124801636,-1.3961029,-9.025238
2019-04-08 17:07:41,258022,-1.2362976,-2.348999,-10.39473
2019-04-08 17:07:41,258041,-0.08708191,-2.5165863,-9.736328
2019-04-08 17:07:41,258061,-0.3217163,-2.198166,-8.576324
2019-04-08 17:07:41,258082,-0.36480713,-0.8526306,-7.9514465
2019-04-08 17:07:41,258101,0.51745605,-1.344635,-6.786667
2019-04-08 17:07:41,258122,-0.6329651,-2.4387817,-7.099106
2019-04-08 17:07:41,258142,-1.9354095,-2.8948822,-8.886383
2019-04-08 17:07:41,258161,-1.5307922,-3.6406708,-9.562744
2019-04-08 17:07:41,258182,-2.6847992,-4.2476044,-8.095093
2019-04-08 17:07:41,258201,-3.9321747,-3.9626923,-7.7263947
2019-04-08 17:07:41,258222,-1.8970947,-5.3118286,-9.54718
2019-04-08 17:07:41,258241,0.009887695,-8.113037,-11.676819
2019-04-08 17:07:41,258262,0.4611969,-9.812927,-10.896317
2019-04-08 17:07:41,258281,0.28282166,-7.816162,-9.54718
2019-04-08 17:07:41,258302,1.5984344,-6.5328674,-8.854065
2019-04-08 17:07:41,258321,1.6750488,-8.765457,-9.055176
2019-04-08 17:07:41,258341,-0.119400024,-10.626953,-8.808563
2019-04-08 17:07:41,258362,-0.90231323,-9.271835,-8.053192
2019-04-08 17:07:41,258382,-0.33129883,-7.5815277,-7.3624725
2019-04-08 17:07:41,258401,0.6922302,-6.099518,-7.004532
2019-04-08 17:07:41,258421,0.69104004,-6.6430054,-7.3469086
2019-04-08 17:07:41,258442,-0.7849884,-7.4941406,-8.385986
2019-04-08 17:07:41,258461,-1.5631104,-6.9291077,-8.8923645
2019-04-08 17:07:41,258481,-0.83766174,-8.461395,-10.31572
2019-04-08 17:07:41,258502,-0.34207153,-11.257828,-9.542389
2019-04-08 17:07:41,258521,-1.2542572,-9.766235,-9.658508
2019-04-08 17:07:41,258541,0.13677979,-8.401535,-9.028839
2019-04-08 17:07:41,258562,1.181839,-9.147339,-8.286636
2019-04-08 17:07:41,258581,0.95918274,-10.676025,-7.3385315
2019-04-08 17:07:41,258601,0.4767456,-9.935028,-8.903137
2019-04-08 17:07:41,258622,-0.6329651,-6.787842,-9.049179
2019-04-08 17:07:41,258641,-2.4549408,-4.713272,-7.249939
2019-04-08 17:07:41,258662,-2.9086456,-4.50618,-6.553238
2019-04-08 17:07:41,258681,-1.747467,-5.5129395,-6.7746887
2019-04-08 17:07:41,258701,-0.17686462,-6.1294403,-9.09108
2019-04-08 17:07:41,258722,0.0027008057,-6.2288055,-11.288956
2019-04-08 17:07:41,258741,-1.0040588,-5.9522705,-10.363602
2019-04-08 17:07:41,258761,-1.4876862,-5.7703094,-9.140167
2019-04-08 17:07:41,258782,-1.4002991,-5.3716736,-8.99292
2019-04-08 17:07:41,258801,-1.257843,-5.1897125,-9.495712
2019-04-08 17:07:41,258821,-1.4960632,-5.5285034,-10.263046
2019-04-08 17:07:41,258842,-1.163269,-6.016922,-10.507248
2019-04-08 17:07:41,258862,-0.022445679,-6.4275208,-10.987289
2019-04-08 17:07:41,258881,0.7436981,-5.218445,-10.482117
2019-04-08 17:07:41,258902,0.63357544,-4.2152863,-10.893921
2019-04-08 17:07:41,258921,-0.5671234,-3.9998016,-8.976166
2019-04-08 17:07:41,258942,-0.97413635,-4.095566,-8.273468
2019-04-08 17:07:42,258961,-2.3914948,-2.8481903,-7.593506
2019-04-08 17:07:42,258982,-3.395874,-0.7197418,-8.255508
2019-04-08 17:07:42,259001,-2.633316,-1.7935486,-6.707657
2019-04-08 17:07:42,259022,-2.3436127,-1.8522034,-7.4498596
2019-04-08 17:07:42,259042,-2.6943665,-0.25526428,-7.167343
2019-04-08 17:07:42,259061,-3.9704742,0.23674011,-8.40036
2019-04-08 17:07:42,259082,-3.3587646,0.10505676,-8.266281
2019-04-08 17:07:42,259101,-1.9234314,-0.07569885,-8.250717
2019-04-08 17:07:42,259122,-3.1420898,-0.055358887,-7.3852234
2019-04-08 17:07:42,259141,-3.629303,0.51327515,-6.221634
2019-04-08 17:07:42,259162,-5.1891327,1.3057556,-9.024048
2019-04-08 17:07:42,259181,-2.5830383,-0.7891693,-7.1565704
2019-04-08 17:07:42,259201,-0.842453,-1.3913116,-4.4762573
2019-04-08 17:07:42,259222,-2.2107391,0.22476196,-5.9546814
2019-04-08 17:07:42,259241,-3.2965088,0.9142914,-8.640976
2019-04-08 17:07:42,259262,-1.4721222,-0.11161804,-8.439865
2019-04-08 17:07:42,259281,1.5900574,-1.8378296,-5.0388947
2019-04-08 17:07:42,259301,-1.6397247,0.18765259,-8.091507
2019-04-08 17:07:42,259322,-1.4757233,0.1002655,-10.47374
2019-04-08 17:07:42,259341,0.908905,-2.2867432,-6.1019287
2019-04-08 17:07:42,259361,-1.3727722,-3.5628662,-7.4809875
2019-04-08 17:07:42,259381,-1.747467,-3.9124146,-11.243469
2019-04-08 17:07:42,259402,0.23493958,-6.423935,-11.44339
2019-04-08 17:07:42,259421,0.11642456,-7.3552704,-10.097839
2019-04-08 17:07:42,259442,-0.85920715,-6.20726,-7.126648
2019-04-08 17:07:42,259461,-0.8915405,-5.23999,-5.1681824
2019-04-08 17:07:42,259481,-0.15771484,-4.826996,-7.9071503
2019-04-08 17:07:42,259502,0.45401,-6.8285522,-9.718369
2019-04-08 17:07:42,259521,-1.6098022,-8.8576355,-8.922287
2019-04-08 17:07:42,259541,-1.7570343,-8.718765,-9.876389
2019-04-08 17:07:42,259562,-0.090667725,-9.080292,-10.752655
2019-04-08 17:07:42,259581,0.9160919,-10.587448,-9.423874
2019-04-08 17:07:42,259602,-0.6724701,-8.542801,-8.532043
2019-04-08 17:07:42,259621,-1.4541779,-6.965027,-6.580765
2019-04-08 17:07:42,259641,0.057769775,-7.4259033,-6.8884125
2019-04-08 17:07:42,259662,1.631958,-10.301346,-8.502106
2019-04-08 17:07:42,259681,-0.30136108,-11.557098,-11.263824
2019-04-08 17:07:42,259701,-0.49409485,-10.326477,-11.316498
2019-04-08 17:07:42,259722,0.40133667,-10.786163,-11.229111
2019-04-08 17:07:42,259741,1.2907867,-10.9166565,-7.862854
2019-04-08 17:07:42,259762,-1.3141174,-6.198868,-5.7810974
2019-04-08 17:07:42,259782,-1.4015045,-4.989807,-4.2942963
2019-04-08 17:07:42,259802,-1.3009491,-8.642151,-5.184952
2019-04-08 17:07:42,259821,-1.9461823,-9.870377,-7.4378815
2019-04-08 17:07:42,259842,-1.0459595,-6.871643,-7.6437836
2019-04-08 17:07:42,259861,-0.8233032,-5.511734,-9.074326
2019-04-08 17:07:42,259882,-0.7371063,-5.8217926,-8.32254
2019-04-08 17:07:42,259901,-1.6229706,-6.12825,-9.1844635
2019-04-08 17:07:42,259922,-1.2434845,-7.555191,-10.767029
2019-04-08 17:07:42,259941,-1.0483551,-7.7108154,-10.582672
2019-04-08 17:07:43,259962,-1.8300629,-6.3245697,-10.744278
2019-04-08 17:07:43,259981,-1.589447,-4.400833,-9.638153
2019-04-08 17:07:43,260001,0.79637146,-4.7431946,-7.859268
2019-04-08 17:07:43,260021,0.46836853,-6.3580933,-9.5998535
2019-04-08 17:07:43,260041,-0.93104553,-6.530472,-10.039185
2019-04-08 17:07:43,260062,-0.2822113,-5.941498,-10.458176
2019-04-08 17:07:43,260081,-1.1524963,-4.8341827,-10.895111
2019-04-08 17:07:43,260101,-1.1872253,-4.3421783,-11.223114
2019-04-08 17:07:43,260122,-0.6545105,-5.1466217,-9.978134
2019-04-08 17:07:43,260141,-0.35882568,-3.7328491,-10.067917
2019-04-08 17:07:43,260161,-0.77542114,-2.507019,-8.567947
2019-04-08 17:07:43,260182,-2.6859894,-2.6602478,-8.943848
2019-04-08 17:07:43,260201,-2.9110413,-1.036972,-9.596268
2019-04-08 17:07:43,260221,-2.1688385,-2.3142853,-8.06517
2019-04-08 17:07:43,260242,-1.8216858,-2.977478,-7.782654
2019-04-08 17:07:43,260261,-2.973297,-0.8430481,-6.356903
2019-04-08 17:07:43,260281,-4.470871,0.30377197,-7.210434
2019-04-08 17:07:43,260302,-2.9038544,0.283432,-6.930313
2019-04-08 17:07:43,260321,-2.8069,0.6784668,-6.9398956
2019-04-08 17:07:43,260341,-1.8635864,0.8017731,-7.5085144
2019-04-08 17:07:43,260362,-3.2174988,0.65093994,-6.554428
2019-04-08 17:07:43,260381,-3.4246063,-0.63475037,-6.4933777
2019-04-08 17:07:43,260401,-2.3771362,-0.5677185,-6.1450195
2019-04-08 17:07:43,260422,-2.5531158,0.77783203,-8.728363
2019-04-08 17:07:43,260441,-1.2590485,-0.42526245,-8.911514
2019-04-08 17:07:43,260461,-2.193985,-1.3973083,-9.666885
2019-04-08 17:07:43,260482,-1.83844,-1.5218048,-6.953064
2019-04-08 17:07:43,260502,-1.5523376,-1.5684967,-6.8201904
2019-04-08 17:07:43,260521,-1.8192902,-0.37617493,-8.71759
2019-04-08 17:07:43,260541,0.5318146,-0.93522644,-9.463379
2019-04-08 17:07:43,260562,0.65153503,-2.9499512,-8.776245
2019-04-08 17:07:43,260582,-1.565506,-4.3505554,-9.143753
2019-04-08 17:07:43,260601,-2.0790558,-4.7743225,-8.429092
2019-04-08 17:07:43,260622,-1.8288574,-4.424774,-8.602661
2019-04-08 17:07:43,260641,-1.3105164,-4.7431946,-8.643372
2019-04-08 17:07:43,260662,-0.7766113,-6.3820343,-9.2682495
2019-04-08 17:07:43,260682,-0.8412628,-7.1541595,-10.067917
2019-04-08 17:07:43,260701,-0.064331055,-7.409149,-10.10144
2019-04-08 17:07:43,260721,0.9759369,-8.3081665,-9.992508
2019-04-08 17:07:43,260741,0.024246216,-8.254303,-8.7187805
2019-04-08 17:07:43,260762,-0.16609192,-7.4414673,-7.8173676
2019-04-08 17:07:43,260781,0.4037323,-7.8604584,-8.751114
2019-04-08 17:07:43,260801,0.36541748,-8.973755,-8.666107
2019-04-08 17:07:43,260822,-0.9226532,-9.117401,-8.936661
2019-04-08 17:07:43,260841,-1.3296661,-8.625397,-8.626602
2019-04-08 17:07:43,260862,-0.14334106,-9.030014,-8.329727
2019-04-08 17:07:43,260881,-0.14094543,-8.569138,-8.868423
2019-04-08 17:07:43,260901,0.09487915,-7.883194,-7.859268
2019-04-08 17:07:43,260922,-0.08947754,-9.689621,-7.4965515
2019-04-08 17:07:43,260941,-1.1620789,-10.388733,-7.989746
2019-04-08 17:07:44,260962,-1.5643005,-7.905945,-7.7611084
2019-04-08 17:07:44,260981,-0.43663025,-7.2918243,-8.151367
2019-04-08 17:07:44,261001,-0.90231323,-8.148956,-8.567947
2019-04-08 17:07:44,261022,-1.3787537,-7.416321,-6.482605
2019-04-08 17:07:44,261041,-0.589859,-7.697647,-7.079956
2019-04-08 17:07:44,261061,-0.0655365,-8.014877,-9.587875
2019-04-08 17:07:44,261082,0.09727478,-7.45343,-11.773788
2019-04-08 17:07:44,261101,-0.9585724,-6.456253,-11.85878
2019-04-08 17:07:44,261121,-0.7766113,-6.0863495,-8.751114
2019-04-08 17:07:44,261142,1.1698761,-7.9669952,-7.9119415
2019-04-08 17:07:44,261161,1.0764923,-7.9645996,-8.7187805
2019-04-08 17:07:44,261181,-0.1230011,-5.98938,-9.453812
2019-04-08 17:07:44,261202,-0.40072632,-5.3704834,-9.112625
2019-04-08 17:07:44,261221,-0.84843445,-5.302246,-8.964188
2019-04-08 17:07:44,261242,-1.5930328,-4.9598694,-8.905533
2019-04-08 17:07:44,261261,-2.6189575,-4.4056244,-8.722382
2019-04-08 17:07:44,261281,-2.4226227,-4.273941,-8.731949
2019-04-08 17:07:44,261302,-1.2722168,-4.8772736,-9.717163
2019-04-08 17:07:44,261321,-0.49290466,-5.532089,-9.939835
2019-04-08 17:07:44,261341,0.14515686,-5.092758,-9.58429
2019-04-08 17:07:44,261362,-0.466568,-4.7252502,-9.580704
2019-04-08 17:07:44,261381,-1.8085175,-2.8182678,-10.000885
2019-04-08 17:07:44,261402,-2.5363464,-2.653061,-9.823715
2019-04-08 17:07:44,261421,-3.055893,-2.8517761,-9.939835
2019-04-08 17:07:44,261442,-2.8883057,-2.6985474,-8.8528595
2019-04-08 17:07:44,261461,-3.455719,-2.6195374,-8.59668
2019-04-08 17:07:44,261482,-3.941742,-1.1554871,-7.878418
2019-04-08 17:07:44,261501,-3.6460571,-1.3625946,-6.3425446
2019-04-08 17:07:44,261522,-3.8208466,0.026046753,-5.289093
2019-04-08 17:07:44,261541,-4.1536407,1.8408508,-5.8601074
2019-04-08 17:07:44,261562,-2.8092957,1.5439758,-6.9985504
2019-04-08 17:07:44,261581,-1.2937622,1.3009644,-6.6956787
2019-04-08 17:07:44,261602,-0.78619385,0.4031372,-6.585556
2019-04-08 17:07:44,261621,-4.0099792,0.10984802,-9.352051
2019-04-08 17:07:44,261641,-4.5762177,-0.424057,-8.3824005
2019-04-08 17:07:44,261662,-2.2741852,-0.72213745,-7.7335663
2019-04-08 17:07:44,261681,-2.2167206,0.1289978,-8.266281
2019-04-08 17:07:44,261702,-1.9162598,-0.75205994,-9.016861
2019-04-08 17:07:44,261721,-1.9497681,-1.4176483,-8.761887
2019-04-08 17:07:44,261741,-0.9071045,-0.5832825,-6.2958527
2019-04-08 17:07:44,261761,-0.96455383,-0.30195618,-7.3816223
2019-04-08 17:07:44,261781,-0.0032806396,-1.7767792,-8.454224
2019-04-08 17:07:44,261801,0.6419525,-4.068039,-8.812164
2019-04-08 17:07:44,261822,-1.115387,-4.1781616,-8.347687
2019-04-08 17:07:44,261841,-2.8775177,-2.5333557,-8.767868
2019-04-08 17:07:44,261861,-2.6692352,-3.5496979,-9.253891
2019-04-08 17:07:44,261881,-1.3739624,-6.2060547,-9.173691
2019-04-08 17:07:44,261902,-0.72753906,-6.854889,-9.5603485
2019-04-08 17:07:44,261921,-1.0088501,-5.8481293,-8.4219055
2019-04-08 17:07:44,261941,-0.11820984,-6.6789093,-8.784622
2019-04-08 17:07:45,261962,0.3247223,-8.336899,-9.568726
2019-04-08 17:07:45,261981,-0.44740295,-9.117401,-10.009262
2019-04-08 17:07:45,262001,-0.7454834,-8.716385,-9.56633
2019-04-08 17:07:45,262022,-1.1860199,-7.7275696,-7.1637573
2019-04-08 17:07:45,262041,-1.5822601,-6.3090057,-6.7172394
2019-04-08 17:07:45,262061,-1.0064545,-7.2367554,-9.203613
2019-04-08 17:07:45,262082,-0.9106903,-8.877991,-9.907501
2019-04-08 17:07:45,262101,-1.8743591,-8.517654,-10.065521
2019-04-08 17:07:45,262121,-0.88435364,-8.512878,-9.759064
2019-04-08 17:07:45,262142,0.10206604,-9.453796,-9.188049
2019-04-08 17:07:45,262161,0.15234375,-9.942215,-8.943848
2019-04-08 17:07:45,262182,0.20620728,-9.27063,-8.515274
2019-04-08 17:07:45,262201,-0.1565094,-9.004883,-7.6952667
2019-04-08 17:07:45,262222,-0.77182007,-8.177689,-7.1098785
2019-04-08 17:07:45,262242,0.48991394,-8.450623,-7.478592
2019-04-08 17:07:45,262261,-0.63775635,-8.283035,-8.245926
2019-04-08 17:07:45,262282,-1.5834656,-7.5851135,-8.055588
2019-04-08 17:07:45,262301,-1.9054718,-6.969803,-8.108261
2019-04-08 17:07:45,262322,-1.6181793,-6.664551,-8.028061
2019-04-08 17:07:45,262341,-0.91308594,-6.727997,-9.165298
2019-04-08 17:07:45,262362,-1.1824341,-6.70166,-9.583099
2019-04-08 17:07:45,262381,-1.2829895,-5.994171,-9.046799
2019-04-08 17:07:45,262402,-0.38874817,-6.1067047,-9.020462
2019-04-08 17:07:45,262421,0.32951355,-6.6525726,-9.847656
2019-04-08 17:07:45,262442,-0.3791809,-6.1270447,-9.116226
2019-04-08 17:07:45,262461,-0.6904144,-5.5213165,-8.767868
2019-04-08 17:07:45,262481,-0.94181824,-5.084381,-8.435074
2019-04-08 17:07:45,262502,-0.91308594,-4.8880463,-8.494934
2019-04-08 17:07:45,262521,-1.2602386,-4.791092,-8.792999
2019-04-08 17:07:45,262541,-1.4002991,-4.8293915,-8.374023
2019-04-08 17:07:45,262561,-0.12060547,-5.925934,-8.917511
2019-04-08 17:07:45,262581,-0.60302734,-5.9008026,-9.504089
2019-04-08 17:07:45,262601,-1.1513062,-4.4894104,-10.0308075
2019-04-08 17:07:45,262621,-1.9593506,-4.352951,-11.535568
2019-04-08 17:07:45,262641,-1.2758026,-3.7472076,-10.942993
2019-04-08 17:07:45,262662,-0.41149902,-3.558075,-9.96138
2019-04-08 17:07:45,262681,-1.0866547,-3.6658173,-10.462967
2019-04-08 17:07:45,262701,-1.2303162,-3.2958984,-9.480148
2019-04-08 17:07:45,262721,-2.8080902,-2.7703857,-8.889969
2019-04-08 17:07:45,262742,-3.284546,-1.3135071,-7.641388
2019-04-08 17:07:45,262761,-2.2825623,-2.772766,-7.972992
2019-04-08 17:07:45,262782,-3.0654755,-2.175415,-7.495346
2019-04-08 17:07:45,262801,-4.0075836,0.4390564,-7.072769
2019-04-08 17:07:45,262821,-3.534729,0.72036743,-6.791458
2019-04-08 17:07:45,262842,-2.0898285,1.0794983,-5.684143
2019-04-08 17:07:45,262861,-2.6189575,1.1118164,-6.5269012
2019-04-08 17:07:45,262881,-2.6776123,0.49650574,-6.723221
2019-04-08 17:07:45,262902,-6.080963,-0.07929993,-7.2559357
2019-04-08 17:07:45,262921,-4.304474,-1.0573273,-8.619431
2019-04-08 17:07:45,262941,-3.0104065,-1.092041,-8.582321
2019-04-08 17:07:46,262962,-2.5555115,-0.46476746,-8.280655
2019-04-08 17:07:46,262981,-2.2753906,0.4390564,-7.7263947
2019-04-08 17:07:46,263001,-2.3280487,0.892746,-8.352478
2019-04-08 17:07:46,263022,-2.1891937,-0.2361145,-9.433456
2019-04-08 17:07:46,263041,-1.8324585,-1.8438263,-9.602249
2019-04-08 17:07:46,263062,-0.8807678,-2.86615,-11.564301
2019-04-08 17:07:46,263081,0.021850586,-3.2958984,-8.187271
2019-04-08 17:07:46,263102,-1.7414703,-2.7667847,-5.7296295
2019-04-08 17:07:46,263121,-3.4305878,-0.97592163,-8.229172
2019-04-08 17:07:46,263142,-2.1975708,-2.230484,-8.8923645
2019-04-08 17:07:46,263161,-0.5539551,-5.310623,-8.001724
2019-04-08 17:07:46,263182,-2.0730743,-5.532089,-9.780609
2019-04-08 17:07:46,263201,-1.6349335,-5.108322,-9.988907
2019-04-08 17:07:46,263222,-0.8628082,-5.2591553,-7.8556824
2019-04-08 17:07:46,263241,-0.81492615,-4.838974,-7.5803375
2019-04-08 17:07:46,263262,-0.5072632,-5.301056,-7.661743
2019-04-08 17:07:46,263281,0.23014832,-6.7710876,-8.239944
2019-04-08 17:07:46,263301,-0.06314087,-8.190857,-9.692032
2019-04-08 17:07:46,263322,-0.5539551,-8.871994,-11.303329
2019-04-08 17:07:46,263341,-0.59225464,-8.418304,-10.399521
2019-04-08 17:07:46,263361,-1.0675049,-7.4462585,-8.16214
2019-04-08 17:07:46,263381,-1.6157837,-7.5731506,-6.8920135
2019-04-08 17:07:46,263402,0.13438416,-9.077896,-7.5001373
2019-04-08 17:07:46,263421,0.20381165,-9.978119,-9.331696
2019-04-08 17:07:46,263441,0.25050354,-9.847641,-9.162918
2019-04-08 17:07:46,263461,-0.27262878,-7.6868744,-7.7024536
2019-04-08 17:07:46,263482,-0.5886688,-8.348862,-7.4690094
2019-04-08 17:07:46,263501,-0.93104553,-8.26268,-7.8413086
2019-04-08 17:07:46,263521,-0.43423462,-8.977341,-8.608658
2019-04-08 17:07:46,263541,-1.2051697,-8.794189,-8.827728
2019-04-08 17:07:46,263562,-1.1644745,-8.354858,-8.104675
2019-04-08 17:07:46,263581,-0.083496094,-8.852844,-7.933487
2019-04-08 17:07:46,263601,-0.8723755,-8.34288,-7.241562
2019-04-08 17:07:46,263622,0.43844604,-8.077133,-7.067978
2019-04-08 17:07:46,263641,0.4767456,-8.480545,-8.407547
2019-04-08 17:07:46,263661,-0.56114197,-7.6629333,-8.576324
2019-04-08 17:07:46,263682,-1.2793884,-5.901993,-7.676117
2019-04-08 17:07:46,263701,-1.6169739,-5.321396,-6.93631
2019-04-08 17:07:46,263721,-1.6911926,-5.8217926,-8.599075
2019-04-08 17:07:46,263742,-1.4182587,-6.361679,-10.2283325
2019-04-08 17:07:46,263761,-0.90589905,-5.941498,-11.1465
2019-04-08 17:07:46,263781,-0.9394226,-5.678131,-9.754272
2019-04-08 17:07:46,263802,-1.2386932,-4.8066406,-7.8963776
2019-04-08 17:07:46,263821,-0.8915405,-5.2100677,-8.347687
2019-04-08 17:07:46,263842,-0.6161957,-6.241974,-8.267487
2019-04-08 17:07:46,263862,-1.8540039,-6.112686,-9.511261
2019-04-08 17:07:46,263881,-1.4996643,-5.539276,-10.422256
2019-04-08 17:07:46,263902,-1.099823,-5.255554,-10.684433
2019-04-08 17:07:46,263921,-1.5295868,-4.938324,-9.695618
2019-04-08 17:07:46,263942,-1.1896057,-4.545685,-9.130585
2019-04-08 17:07:47,263962,-1.5056458,-4.0704346,-9.460983
2019-04-08 17:07:47,263982,-1.7905579,-3.3318176,-9.397537
2019-04-08 17:07:47,264001,-2.1736298,-3.7496033,-9.832092
2019-04-08 17:07:47,264021,-2.482483,-4.01297,-9.8967285
2019-04-08 17:07:47,264042,-1.3907318,-4.01297,-9.280228
2019-04-08 17:07:47,264061,-1.752243,-4.0464935,-9.797379
2019-04-08 17:07:47,264082,-2.2502441,-2.3047028,-7.8365173
2019-04-08 17:07:47,264101,-2.8643494,-2.183792,-8.078339
2019-04-08 17:07:47,264121,-3.6580353,-0.050567627,-7.6952667
2019-04-08 17:07:47,264142,-4.0794067,0.34327698,-7.0536194
2019-04-08 17:07:47,264161,-3.8316193,0.10386658,-7.3301544
2019-04-08 17:07:47,264181,-3.9477386,0.62939453,-7.3732452
2019-04-08 17:07:47,264201,-3.0965881,0.5001068,-6.795044
2019-04-08 17:07:47,264222,-2.4381866,-0.08049011,-6.241989
2019-04-08 17:07:47,264241,-2.269394,0.35404968,-6.9422913
2019-04-08 17:07:47,264262,-5.2441864,0.16731262,-8.008911
2019-04-08 17:07:47,264281,-3.6257172,-0.7772064,-9.759064
2019-04-08 17:07:47,264301,-1.194397,-1.076477,-8.451828
2019-04-08 17:07:47,264321,-0.7335205,-1.6498871,-6.6777344
2019-04-08 17:07:47,264342,-2.514801,0.033233643,-9.016861
2019-04-08 17:07:47,264361,-1.8671722,0.41271973,-8.510498
2019-04-08 17:07:47,264381,-1.6409149,-1.115982,-7.819763
2019-04-08 17:07:47,264402,-1.2758026,-1.8821259,-8.957016
2019-04-08 17:07:47,264421,-0.8316803,-2.6686249,-8.062775
2019-04-08 17:07:47,264441,-0.6114197,-2.9643097,-9.541199
2019-04-08 17:07:47,264462,-0.5958557,-1.7731934,-10.033203
2019-04-08 17:07:47,264481,-0.5563507,-2.514206,-6.7591248
2019-04-08 17:07:47,264501,-1.4493866,-2.7584076,-8.500916
2019-04-08 17:07:47,264522,-1.0507507,-3.7316437,-8.968979
2019-04-08 17:07:47,264541,0.22296143,-6.6082764,-8.363251
2019-04-08 17:07:47,264561,-1.4817047,-5.9558563,-9.018066
2019-04-08 17:07:47,264582,-2.4765015,-5.281891,-10.389938
2019-04-08 17:07:47,264601,-1.1932068,-8.279434,-8.104675
2019-04-08 17:07:47,264621,-1.1201782,-7.5504,-8.362045
2019-04-08 17:07:47,264642,-0.70358276,-6.56279,-9.118622
2019-04-08 17:07:47,264662,-0.35643005,-7.6725006,-7.830536
2019-04-08 17:07:47,264681,-1.1022186,-7.4773865,-7.751526
2019-04-08 17:07:47,264702,-0.79815674,-7.606659,-9.038406
2019-04-08 17:07:47,264721,-0.8101349,-9.131775,-10.746674
2019-04-08 17:07:47,264742,-0.16848755,-10.549133,-10.562317
2019-04-08 17:07:47,264762,-1.2123566,-9.282608,-7.7850494
2019-04-08 17:07:47,264781,-1.8587952,-6.1258545,-6.197693
2019-04-08 17:07:47,264802,0.091278076,-7.2966156,-7.3696594
2019-04-08 17:07:47,264821,-0.022445679,-9.464569,-8.597885
2019-04-08 17:07:47,264842,0.1295929,-10.215149,-9.772232
2019-04-08 17:07:47,264861,0.59765625,-11.838425,-10.63295
2019-04-08 17:07:47,264882,-0.80415344,-11.232681,-9.793777
2019-04-08 17:07:47,264901,-0.9908905,-7.882004,-7.230789
2019-04-08 17:07:47,264921,0.8119354,-7.0787506,-6.3389435
2019-04-08 17:07:47,264942,-0.061950684,-7.910736,-7.4139404
2019-04-08 17:07:48,264961,-1.9246368,-7.7754517,-7.312195
2019-04-08 17:07:48,264982,-0.8280945,-7.5492096,-7.7694855
2019-04-08 17:07:48,265001,0.029037476,-7.8652344,-9.64534
2019-04-08 17:07:48,265022,-1.178833,-6.5448303,-9.9122925
2019-04-08 17:07:48,265041,-1.3057251,-5.599121,-8.737946
2019-04-08 17:07:48,265061,-1.2243347,-5.684128,-7.4965515
2019-04-08 17:07:48,265082,-0.5683136,-6.322174,-7.557602
2019-04-08 17:07:48,265101,-0.078704834,-5.5368805,-8.770264
2019-04-08 17:07:48,265121,-0.49409485,-4.464279,-10.077499
2019-04-08 17:07:48,265142,-1.039978,-5.0424805,-9.80455
2019-04-08 17:07:48,265161,-0.82928467,-6.6609497,-9.665695
2019-04-08 17:07:48,265181,-0.5024719,-7.1529694,-9.927856
2019-04-08 17:07:48,265201,-1.031601,-6.001358,-8.816956
2019-04-08 17:07:48,265221,-1.4685364,-4.372101,-8.802582
2019-04-08 17:07:48,265241,-1.4445953,-4.234436,-9.730331
2019-04-08 17:07:48,265262,-1.8970947,-4.6079254,-11.162064
2019-04-08 17:07:48,265281,-1.2075653,-4.7539673,-9.58429
2019-04-08 17:07:48,265301,0.017059326,-5.747574,-8.269867
2019-04-08 17:07:48,265322,-1.2793884,-3.7029266,-8.839691
2019-04-08 17:07:48,265341,-2.0874329,-1.5337677,-10.598236
2019-04-08 17:07:48,265361,-2.8260498,-2.2556305,-9.755478
2019-04-08 17:07:48,265382,-1.8611908,-2.0748596,-9.672882
2019-04-08 17:07:48,265401,-0.35523987,-2.6123657,-7.3385315
2019-04-08 17:07:48,265421,-1.8635864,-0.4348297,-8.078339
2019-04-08 17:07:48,265442,-3.246231,0.35404968,-8.00412
2019-04-08 17:07:48,265462,-3.5455017,-1.0309906,-7.6952667
2019-04-08 17:07:48,265481,-3.6149445,-1.1363373,-7.4091644
2019-04-08 17:07:48,265502,-3.7418365,-0.06373596,-7.5168915
2019-04-08 17:07:48,265521,-3.2270813,-0.20021057,-6.692093
2019-04-08 17:07:48,265542,-2.5195923,0.21279907,-6.0217133
2019-04-08 17:07:48,265562,-4.1847534,0.52404785,-7.646179
2019-04-08 17:07:48,265581,-2.5339508,0.22236633,-7.577942
2019-04-08 17:07:48,265602,-1.2219391,-0.10324097,-7.8089905
2019-04-08 17:07:48,265621,-2.091034,-0.67066956,-7.0536194
2019-04-08 17:07:48,265642,-2.8236542,-1.1483002,-6.0935516
2019-04-08 17:07:48,265661,-2.403473,-0.36540222,-7.838913
2019-04-08 17:07:48,265682,-1.5319824,0.45581055,-9.317337
2019-04-08 17:07:48,265701,0.052978516,-1.8450165,-10.184036
2019-04-08 17:07:48,265722,0.43486023,-3.7041168,-10.430634
2019-04-08 17:07:48,265741,-0.71795654,-2.6722107,-9.828491
2019-04-08 17:07:48,265761,-1.0866547,-2.032959,-7.3038177
2019-04-08 17:07:48,265782,-0.49290466,-1.6858063,-7.989746
2019-04-08 17:07:48,265801,-1.2542572,-1.8629761,-7.9921417
2019-04-08 17:07:48,265822,-0.59225464,-4.589966,-7.2283936
2019-04-08 17:07:48,265841,-0.6257782,-6.3987885,-9.460983
2019-04-08 17:07:48,265861,-0.94540405,-6.325775,-10.518036
2019-04-08 17:07:48,265882,-1.783371,-6.273102,-8.930679
2019-04-08 17:07:48,265901,-2.1760254,-6.0468445,-9.721954
2019-04-08 17:07:48,265921,-1.6744385,-6.277878,-8.177704
2019-04-08 17:07:48,265942,-0.6664734,-6.2886505,-7.1613617
2019-04-08 17:07:49,265961,-0.3229065,-7.773056,-9.551971
2019-04-08 17:07:49,265981,-0.29896545,-10.296555,-10.289383
2019-04-08 17:07:49,266002,-1.2267303,-10.507248,-10.913071
2019-04-08 17:07:49,266021,-0.7658386,-9.063538,-8.602661
2019-04-08 17:07:49,266042,-0.0655365,-8.6002655,-6.9195404
2019-04-08 17:07:49,266061,0.46717834,-9.101852,-7.1062927
2019-04-08 17:07:49,266081,0.5820923,-8.67688,-7.5635834
2019-04-08 17:07:49,266102,0.5270233,-8.514069,-8.042419
2019-04-08 17:07:49,266121,0.5318146,-9.472946,-9.396347
2019-04-08 17:07:49,266141,-0.15771484,-8.749893,-9.281418
2019-04-08 17:07:49,266162,-0.32530212,-8.528427,-8.092697
2019-04-08 17:07:49,266181,-1.1776428,-9.386749,-8.570343
2019-04-08 17:07:49,266201,-1.2171478,-8.717575,-7.2128296
2019-04-08 17:07:49,266222,-0.8639984,-8.111847,-7.2403717
2019-04-08 17:07:49,266241,0.07810974,-9.049179,-8.4219055
2019-04-08 17:07:49,266262,0.5162506,-9.275421,-8.850464
2019-04-08 17:07:49,266281,0.3869629,-8.498505,-8.377609
2019-04-08 17:07:49,266301,-0.5431824,-7.022476,-9.573517
2019-04-08 17:07:49,266322,-0.8460388,-6.002548,-8.113052
2019-04-08 17:07:49,266342,0.17628479,-6.6154633,-6.428726
2019-04-08 17:07:49,266361,-0.31573486,-6.5101166,-7.628235
2019-04-08 17:07:49,266382,-1.6098022,-5.1885223,-9.334091
2019-04-08 17:07:49,266401,-1.174057,-3.7591858,-9.251495
2019-04-08 17:07:49,266422,-1.8025208,-4.1733856,-9.535202
2019-04-08 17:07:49,266441,-2.2059479,-5.7272186,-9.68605
2019-04-08 17:07:49,266462,-1.0232086,-7.11705,-8.941452
2019-04-08 17:07:49,266481,-0.56352234,-7.0081177,-8.728363
2019-04-08 17:07:49,266502,-0.82569885,-4.8282013,-9.827301
2019-04-08 17:07:49,266521,0.5425873,-5.310623,-10.012848
2019-04-08 17:07:49,266542,-0.5647278,-6.377243,-9.3233185
2019-04-08 17:07:49,266561,-2.4717102,-4.1290894,-9.767441
2019-04-08 17:07:49,266581,-2.1987762,-4.000992,-11.148895
2019-04-08 17:07:49,266602,-2.1425018,-5.321396,-10.531204
2019-04-08 17:07:49,266621,-1.1836243,-3.641861,-9.0659485
2019-04-08 17:07:49,266641,-0.1517334,-3.69693,-8.372818
2019-04-08 17:07:49,266662,-1.2159424,-2.5968018,-6.996155
2019-04-08 17:07:49,266681,-3.859146,0.5659485,-7.3397217
2019-04-08 17:07:49,266701,-5.234619,0.44862366,-8.794205
2019-04-08 17:07:49,266722,-2.617752,-3.7543945,-8.311768
2019-04-08 17:07:49,266741,-2.6548615,-2.1718292,-8.453033
2019-04-08 17:07:49,266761,-3.0822296,0.3348999,-8.017288
2019-04-08 17:07:49,266781,-2.8236542,-0.91368103,-7.7335663
2019-04-08 17:07:49,266801,-2.8440094,0.50250244,-5.644638
2019-04-08 17:07:49,266822,-3.8244324,2.1904144,-7.3696594
2019-04-08 17:07:49,266841,-2.478897,2.0144348,-5.3740845
2019-04-08 17:07:49,266861,-0.7335205,-2.309494,-7.33374
2019-04-08 17:07:49,266882,-3.4305878,-2.2113342,-6.269516
2019-04-08 17:07:49,266901,-3.4377747,0.659317,-6.9075775
2019-04-08 17:07:49,266921,-2.5997925,0.2271576,-8.330933
2019-04-08 17:07:49,266942,-2.5590973,-0.46237183,-9.020462
2019-04-08 17:07:50,266961,-1.0303955,0.040420532,-8.800186
2019-04-08 17:07:50,266981,-1.1537018,-0.0062713623,-9.8129425
2019-04-08 17:07:50,267002,-1.055542,-1.1758423,-9.213196
2019-04-08 17:07:50,267021,-0.97413635,-2.1454926,-9.042007
2019-04-08 17:07:50,267041,-1.3548126,-2.4734955,-8.980957
2019-04-08 17:07:50,267062,-0.3983307,-3.6502533,-8.935455
2019-04-08 17:07:50,267081,-1.3105164,-3.8681183,-7.8125763
2019-04-08 17:07:50,267101,-2.7697906,-3.3809052,-6.475418
2019-04-08 17:07:50,267122,-2.8356323,-4.2248535,-9.702805
2019-04-08 17:07:50,267141,0.39894104,-6.8058014,-11.322479
2019-04-08 17:07:50,267161,0.03262329,-8.741516,-7.8137817
2019-04-08 17:07:50,267182,-1.8372498,-4.545685,-8.614639
2019-04-08 17:07:50,267202,0.091278076,-5.103531,-10.686813
2019-04-08 17:07:50,267222,-0.49290466,-9.238312,-7.2319946
2019-04-08 17:07:50,267241,-0.91548157,-7.905945,-6.8525085
2019-04-08 17:07:50,267262,0.09008789,-7.0200806,-8.922287
2019-04-08 17:07:50,267281,1.1088257,-9.58548,-8.080734
2019-04-08 17:07:50,267302,-0.8388672,-9.215576,-9.92067
2019-04-08 17:07:50,267321,-0.39712524,-9.2885895,-8.903137
2019-04-08 17:07:50,267342,-0.8233032,-9.168884,-7.4690094
2019-04-08 17:07:50,267361,-0.9106903,-7.1625366,-6.5041504
2019-04-08 17:07:50,267382,-0.2786255,-7.914322,-6.5843506
2019-04-08 17:07:50,267401,-0.57310486,-9.125793,-7.691681
2019-04-08 17:07:50,267421,0.096069336,-9.905106,-9.470566
2019-04-08 17:07:50,267442,-8.8500977E-4,-10.8424225,-10.343246
2019-04-08 17:07:50,267461,-1.7151337,-9.840454,-9.92067
2019-04-08 17:07:50,267482,-0.28819275,-9.306549,-7.1050873
2019-04-08 17:07:50,267501,0.22775269,-9.198807,-6.8405304
2019-04-08 17:07:50,267522,-0.47135925,-7.850876,-7.3038177
2019-04-08 17:07:50,267541,-0.6796417,-7.3349304,-7.5947113
2019-04-08 17:07:50,267561,-0.38635254,-7.2367554,-9.729141
2019-04-08 17:07:50,267582,-0.41629028,-7.3588715,-9.293396
2019-04-08 17:07:50,267601,-0.8065338,-5.958252,-7.7706757
2019-04-08 17:07:50,267621,-0.8508301,-5.4016113,-7.0548096
2019-04-08 17:07:50,267641,-1.4230499,-5.685318,-6.8560944
2019-04-08 17:07:50,267662,-1.5631104,-4.7970734,-8.883987
2019-04-08 17:07:50,267681,0.92207336,-5.380066,-9.506485
2019-04-08 17:07:50,267701,0.8203125,-5.9319153,-9.425079
2019-04-08 17:07:50,267722,-1.5319824,-3.866928,-9.095871
2019-04-08 17:07:50,267741,-0.4198761,-4.613907,-8.238754
2019-04-08 17:07:50,267762,-0.5348053,-7.1924744,-8.964188
2019-04-08 17:07:50,267781,-1.3500214,-6.9398804,-10.31572
2019-04-08 17:07:50,267801,-1.6325378,-5.49617,-10.849625
2019-04-08 17:07:50,267822,-1.7690125,-4.680954,-10.2043915
2019-04-08 17:07:50,267841,-1.6121826,-4.6354675,-11.564301
2019-04-08 17:07:50,267861,-2.1568756,-4.84256,-12.583023
2019-04-08 17:07:50,267882,-1.4733276,-5.8696747,-10.442612
2019-04-08 17:07:50,267901,-0.6952057,-5.3321686,-9.270645
2019-04-08 17:07:50,267921,-1.3500214,-1.7229156,-7.9670105
2019-04-08 17:07:50,267942,-1.2255249,-0.66467285,-5.29628
2019-04-08 17:07:51,267961,-2.7458496,-1.2141418,-6.830963
2019-04-08 17:07:51,267982,-4.360733,0.5084839,-8.472183
2019-04-08 17:07:51,268002,-2.5902252,-1.5996094,-7.154175
2019-04-08 17:07:51,268021,-1.407486,-1.9479675,-8.402756
2019-04-08 17:07:51,268042,-2.735077,0.31933594,-9.74231
2019-04-08 17:07:51,268061,-3.4724884,0.51446533,-8.257904
2019-04-08 17:07:51,268082,-2.523178,-0.07211304,-7.3433228
2019-04-08 17:07:51,268101,-2.5519104,0.8831787,-5.230438
2019-04-08 17:07:51,268122,-4.201523,1.2937775,-8.907928
2019-04-08 17:07:51,268141,-5.973221,0.045196533,-7.0847473
2019-04-08 17:07:51,268162,-2.2119293,-2.5177917,-8.666107
2019-04-08 17:07:51,268181,-0.9884949,-4.368515,-5.3537292
2019-04-08 17:07:51,268202,-3.4425507,-1.6618652,-5.9283447
2019-04-08 17:07:51,268221,-6.2569427,4.464905,-9.571121
2019-04-08 17:07:51,268241,-2.1592712,3.236679,-7.209244
2019-04-08 17:07:51,268262,1.3051453,-4.0740204,-6.76033
2019-04-08 17:07:51,268281,-0.32530212,-5.0233154,-9.539993
2019-04-08 17:07:51,268302,0.18945312,-2.4902496,-11.275787
2019-04-08 17:07:51,268321,0.924469,-4.443924,-10.221146
2019-04-08 17:07:51,268341,-1.8097076,-5.09993,-8.490143
2019-04-08 17:07:51,268362,-2.4286194,-2.151474,-6.7567444
2019-04-08 17:07:51,268381,-0.97413635,-2.649475,-7.988556
2019-04-08 17:07:51,268401,0.15353394,-6.954239,-7.68808
2019-04-08 17:07:51,268422,-1.4960632,-8.575119,-9.09108
2019-04-08 17:07:51,268441,-1.3955078,-8.014877,-9.937439
2019-04-08 17:07:51,268462,-0.57310486,-8.194443,-8.311768
2019-04-08 17:07:51,268481,-1.747467,-5.269928,-8.061584
2019-04-08 17:07:51,268501,-0.20080566,-4.8485413,-7.5611877
2019-04-08 17:07:51,268522,-0.28100586,-7.819748,-8.040024
2019-04-08 17:07:51,268541,-0.56951904,-11.725891,-10.186432
2019-04-08 17:07:51,268561,-0.5096588,-10.5850525,-11.1465
2019-04-08 17:07:51,268582,1.0513611,-8.621811,-9.360428
2019-04-08 17:07:51,268601,1.3207092,-10.642517,-8.681671
2019-04-08 17:07:51,268621,-1.2626343,-11.170441,-9.368805
2019-04-08 17:07:51,268642,-1.7738037,-7.8688354,-6.561615
2019-04-08 17:07:51,268661,0.23852539,-6.8692474,-5.325012
2019-04-08 17:07:51,268681,0.9603729,-6.504135,-6.293457
2019-04-08 17:07:51,268702,-1.7809753,-6.6956787,-8.797791
2019-04-08 17:07:51,268721,-1.7654114,-8.16571,-9.824905
2019-04-08 17:07:51,268741,1.0214386,-12.277756,-9.121017
2019-04-08 17:07:51,268762,0.42886353,-10.350418,-8.947433
2019-04-08 17:07:51,268782,-1.7558441,-6.253937,-9.398743
2019-04-08 17:07:51,268802,0.18466187,-8.302185,-7.644989
2019-04-08 17:07:51,268821,0.32591248,-10.484497,-7.664139
2019-04-08 17:07:51,268841,-1.7342987,-7.6234283,-8.41951
2019-04-08 17:07:51,268861,-2.9637146,-4.7898865,-7.780258
2019-04-08 17:07:51,268881,-1.5679016,-5.195709,-7.25473
2019-04-08 17:07:51,268902,-1.075882,-6.4897766,-9.97934
2019-04-08 17:07:51,268921,-1.5020599,-7.563568,-11.735474
2019-04-08 17:07:51,268942,-0.6509247,-5.7703094,-8.013687
2019-04-08 17:07:52,268961,-1.4637451,-1.8354492,-7.8413086
2019-04-08 17:07:52,268982,-0.7550659,-1.6882019,-8.99173
2019-04-08 17:07:52,269001,0.3869629,-7.472595,-10.19841
2019-04-08 17:07:52,269022,-0.28819275,-10.407883,-10.898712
2019-04-08 17:07:52,269041,0.50068665,-7.357666,-9.986511
2019-04-08 17:07:52,269061,0.63597107,-4.2152863,-9.237137
2019-04-08 17:07:52,269082,-0.2941742,-3.5604706,-8.900742
2019-04-08 17:07:52,269101,-2.7530212,-3.9040375,-11.159668
2019-04-08 17:07:52,269121,-3.9225922,-4.234436,-11.323685
2019-04-08 17:07:52,269142,-2.7566223,-3.7556,-10.284592
2019-04-08 17:07:52,269161,-1.6816254,-4.1183167,-9.876389
2019-04-08 17:07:52,269182,-1.2087708,-3.4539185,-8.086716
2019-04-08 17:07:52,269201,-0.37438965,-1.4954681,-5.664978
2019-04-08 17:07:52,269221,-1.9521637,-0.48631287,-5.131073
2019-04-08 17:07:52,269242,-3.2546082,0.6712799,-5.782303
2019-04-08 17:07:52,269261,-3.8651276,0.7790222,-7.0811462
2019-04-08 17:07:52,269281,-3.230667,-0.15830994,-7.2403717
2019-04-08 17:07:52,269301,-2.3160858,-1.0298004,-6.692093
2019-04-08 17:07:52,269321,-3.6101532,0.0068969727,-6.7339935
2019-04-08 17:07:52,269342,-2.317276,0.995697,-7.1649475
2019-04-08 17:07:52,269361,-3.198349,0.5204468,-8.631393
2019-04-08 17:07:52,269381,-3.1684265,0.22955322,-7.6198425
2019-04-08 17:07:52,269402,-1.8815308,-0.1391449,-10.253464
2019-04-08 17:07:52,269421,0.91848755,-2.7655945,-7.036865
2019-04-08 17:07:52,269441,-1.1920013,-2.2137299,-6.1330414
2019-04-08 17:07:52,269462,-4.847946,1.5140381,-5.6458282
2019-04-08 17:07:52,269481,-3.7909088,2.0611267,-8.8349
2019-04-08 17:07:52,269501,-0.6724701,-0.3235016,-11.612183
2019-04-08 17:07:52,269522,2.0485382,-3.6203156,-10.520416
2019-04-08 17:07:52,269541,0.05178833,-5.4183655,-4.9634857
2019-04-08 17:07:52,269561,-2.617752,-2.3992767,-6.5125275
2019-04-08 17:07:52,269582,-3.9597015,-0.66467285,-6.736389
2019-04-08 17:07:52,269601,-2.3005219,-3.5592651,-7.569565
2019-04-08 17:07:52,269622,-0.83047485,-7.4151306,-9.126999
2019-04-08 17:07:52,269642,-1.7354889,-7.3002014,-11.485291
2019-04-08 17:07:52,269661,-0.054763794,-7.290634,-11.268616
2019-04-08 17:07:52,269681,0.6204071,-6.966217,-8.785828
2019-04-08 17:07:52,269701,0.5042877,-4.9514923,-7.518097
2019-04-08 17:07:52,269722,0.65631104,-5.9726257,-8.6792755
2019-04-08 17:07:52,269741,1.2680359,-11.964111,-10.427048
2019-04-08 17:07:52,269762,-0.03201294,-14.090164,-11.413467
2019-04-08 17:07:52,269781,-0.6161957,-12.046707,-11.139328
2019-04-08 17:07:52,269802,-0.8783722,-7.9969177,-6.8297577
2019-04-08 17:07:52,269821,-1.2614441,-3.7699585,-4.0764313
2019-04-08 17:07:52,269842,-0.64971924,-4.077606,-6.250366
2019-04-08 17:07:52,269861,-0.45100403,-8.338089,-8.117844
2019-04-08 17:07:52,269881,-0.90231323,-10.374359,-10.9118805
2019-04-08 17:07:52,269902,0.03981018,-10.169662,-11.4218445
2019-04-08 17:07:52,269921,0.19543457,-9.256271,-9.580704
2019-04-08 17:07:52,269942,-0.5755005,-8.922287,-7.1445923
2019-04-08 17:07:53,269961,-1.5164185,-6.550827,-4.7420197
2019-04-08 17:07:53,269981,-0.8436432,-6.056427,-5.5165405
2019-04-08 17:07:53,270002,0.49111938,-10.283386,-8.970184
2019-04-08 17:07:53,270021,0.39056396,-12.4704895,-13.040314
2019-04-08 17:07:53,270042,-0.17686462,-11.162048,-13.818436
2019-04-08 17:07:53,270061,-0.6652832,-8.24472,-9.976944
2019-04-08 17:07:53,270081,-0.24629211,-5.2807007,-4.510971
2019-04-08 17:07:53,270102,-0.78619385,-4.811432,-4.0848083
2019-04-08 17:07:53,270121,-1.4793091,-6.152191,-6.993759
2019-04-08 17:07:53,270141,-1.0148315,-7.1924744,-11.334457
2019-04-08 17:07:53,270162,-1.3823395,-6.768692,-12.629715
2019-04-08 17:07:53,270181,-1.6756287,-5.286682,-8.941452
2019-04-08 17:07:53,270201,-0.21636963,-4.123108,-6.7591248
2019-04-08 17:07:53,270222,-0.16490173,-4.385269,-6.2958527
2019-04-08 17:07:53,270241,-0.7490845,-4.831787,-8.229172
2019-04-08 17:07:53,270261,-0.41629028,-6.001358,-9.475357
2019-04-08 17:07:53,270281,-2.1484833,-4.993393,-11.354797
2019-04-08 17:07:53,270301,-1.6660614,-4.8365784,-12.92659
2019-04-08 17:07:53,270322,-0.09187317,-8.299789,-11.4661255
2019-04-08 17:07:53,270341,-1.7702026,-5.6110992,-10.467758
2019-04-08 17:07:53,270361,-2.1808167,-0.7089691,-11.028
2019-04-08 17:07:53,270382,-2.107788,-1.2572479,-9.52803
2019-04-08 17:07:53,270401,-2.8320312,-3.657425,-8.490143
2019-04-08 17:07:53,270422,-2.269394,-3.2827454,-6.36409
2019-04-08 17:07:53,270441,-2.1951752,-0.67066956,-4.4846344
2019-04-08 17:07:53,270462,-3.5407257,0.7263489,-5.3788757
2019-04-08 17:07:53,270482,-3.8363953,2.182022,-5.976227
2019-04-08 17:07:53,270501,-2.5866241,0.45220947,-6.7459717
2019-04-08 17:07:53,270522,-2.3903046,0.15414429,-7.8101807
2019-04-08 17:07:53,270541,-3.1732025,1.9737396,-7.7814636
2019-04-08 17:07:53,270562,-1.9761047,1.7235413,-7.0907288
2019-04-08 17:07:53,270581,-2.8200684,-2.3621674,-8.207626
2019-04-08 17:07:53,270602,-4.92218,-2.2532349,-7.364868
2019-04-08 17:07:53,270621,-1.2626343,-1.0573273,-7.5647736
2019-04-08 17:07:53,270642,-1.6504974,-0.9232483,-8.153748
2019-04-08 17:07:53,270661,-3.4293823,-0.07569885,-7.914337
2019-04-08 17:07:53,270682,-1.1129913,-0.7305145,-4.8473663
2019-04-08 17:07:53,270701,-1.3787537,-1.0417633,-6.9590454
2019-04-08 17:07:53,270722,-1.9030914,0.22955322,-9.856033
2019-04-08 17:07:53,270741,0.84306335,-3.2288666,-7.7216034
2019-04-08 17:07:53,270761,-1.5714874,-5.6278534,-10.31572
2019-04-08 17:07:53,270782,-2.4082642,-5.1621857,-8.605057
2019-04-08 17:07:53,270801,-1.4984589,-3.902832,-6.1019287
2019-04-08 17:07:53,270821,-1.0423737,-3.8046722,-7.9310913
2019-04-08 17:07:53,270842,-0.5395813,-6.5244904,-7.5480194
2019-04-08 17:07:53,270861,-0.5874634,-8.564346,-9.597458
2019-04-08 17:07:53,270881,-0.91667175,-8.414703,-10.364807
2019-04-08 17:07:53,270902,-0.77900696,-6.851288,-8.188477
2019-04-08 17:07:53,270921,-0.31932068,-5.7296143,-7.696457
2019-04-08 17:07:53,270941,-0.41389465,-7.761093,-8.704422
2019-04-08 17:07:54,270962,-0.65930176,-10.345627,-11.99884
2019-04-08 17:07:54,270981,-0.22834778,-11.393097,-11.628937
2019-04-08 17:07:54,271001,0.055374146,-10.152893,-9.472961
2019-04-08 17:07:54,271022,-0.69999695,-9.207184,-9.030029
2019-04-08 17:07:54,271041,0.21937561,-9.98172,-7.8401184
2019-04-08 17:07:54,271061,0.055374146,-9.043182,-7.1182556
2019-04-08 17:07:54,271082,-1.2650299,-7.811371,-7.7347717
2019-04-08 17:07:54,271101,-1.1752472,-8.482941,-9.186859
2019-04-08 17:07:54,271121,-0.9477997,-8.788208,-9.425079
2019-04-08 17:07:54,271142,-0.15411377,-8.982132,-7.914337
2019-04-08 17:07:54,271161,-1.115387,-6.519699,-7.5157013
2019-04-08 17:07:54,271181,-0.708374,-5.071213,-6.930313
2019-04-08 17:07:54,271202,1.4368286,-8.178879,-7.4522552
2019-04-08 17:07:54,271221,1.7959595,-10.324081,-9.437042
2019-04-08 17:07:54,271241,-1.2398834,-7.3109894,-10.859207
2019-04-08 17:07:54,271262,-2.3220673,-5.199295,-9.9122925
2019-04-08 17:07:54,271282,-0.11102295,-8.046005,-8.318954
2019-04-08 17:07:54,271301,-0.37797546,-8.603851,-7.933487
2019-04-08 17:07:54,271322,-1.8815308,-5.700882,-9.581894
2019-04-08 17:07:54,271341,-0.10862732,-5.39682,-8.722382
2019-04-08 17:07:54,271362,0.45759583,-5.89122,-8.266281
2019-04-08 17:07:54,271382,-0.27622986,-6.033676,-8.857651
2019-04-08 17:07:54,271401,-1.0112457,-5.8768616,-8.818146
2019-04-08 17:07:54,271422,-1.668457,-5.4626617,-9.034821
2019-04-08 17:07:54,271441,-2.356781,-5.2364044,-11.20636
2019-04-08 17:07:54,271462,-1.3392487,-5.6350403,-10.984894
2019-04-08 17:07:54,271481,-0.083496094,-6.444275,-10.325302
2019-04-08 17:07:54,271501,-0.78619385,-3.4778595,-10.096649
2019-04-08 17:07:54,271522,-2.2801666,-2.3035126,-10.605423
2019-04-08 17:07:54,271541,-2.1437073,-2.542923,-9.285019
2019-04-08 17:07:54,271561,-0.61021423,-4.131485,-7.0787506
2019-04-08 17:07:54,271581,-1.6708527,-3.3737183,-7.708435
2019-04-08 17:07:54,271602,-5.19751,0.37799072,-7.838913
2019-04-08 17:07:54,271621,-3.9513245,1.0292206,-5.8361664
2019-04-08 17:07:54,271641,-1.257843,-1.0082397,-6.1091003
2019-04-08 17:07:54,271661,-2.209549,0.34927368,-7.099106
2019-04-08 17:07:54,271682,-3.5670624,1.6876221,-5.5799866
2019-04-08 17:07:54,271701,-1.8946991,1.9797211,-4.5205536
2019-04-08 17:07:54,271721,-2.6811981,1.2818146,-5.3094482
2019-04-08 17:07:54,271741,-4.566635,0.6665039,-9.378387
2019-04-08 17:07:54,271762,-2.0658875,-2.6422882,-8.645767
2019-04-08 17:07:54,271781,-2.7458496,-3.6514435,-8.682877
2019-04-08 17:07:54,271801,-3.3336182,-0.4060974,-8.760681
2019-04-08 17:07:54,271822,-2.822464,2.9110565,-8.925888
2019-04-08 17:07:54,271841,0.20141602,-0.63116455,-4.940735
2019-04-08 17:07:54,271861,-0.24989319,-4.064438,-5.2950745
2019-04-08 17:07:54,271882,-2.4166412,-3.356964,-7.3349304
2019-04-08 17:07:54,271901,-2.0587006,-0.74128723,-11.497253
2019-04-08 17:07:54,271921,2.6889954,-3.8585358,-8.597885
2019-04-08 17:07:54,271942,0.3474579,-6.0743713,-8.623016
2019-04-08 17:07:55,271961,-2.897873,-4.6163025,-10.504868
2019-04-08 17:07:55,271981,-1.6313477,-4.218872,-8.393173
2019-04-08 17:07:55,272002,0.72454834,-5.4698334,-8.350082
2019-04-08 17:07:55,272021,1.10643,-7.653351,-9.411911
2019-04-08 17:07:55,272041,-0.061950684,-9.463364,-9.690826
2019-04-08 17:07:55,272062,0.06135559,-8.303375,-8.664917
2019-04-08 17:07:55,272082,-0.04399109,-7.4378815,-8.534439
2019-04-08 17:07:55,272102,0.5521698,-7.411545,-7.641388
2019-04-08 17:07:55,272121,0.74609375,-7.3528748,-8.165726
2019-04-08 17:07:55,272142,0.63716125,-8.346481,-9.197632
2019-04-08 17:07:55,272161,1.0010834,-10.628143,-9.039612
2019-04-08 17:07:55,272182,-0.6904144,-10.631744,-9.718369
2019-04-08 17:07:55,272202,-1.158493,-9.085083,-9.514862
2019-04-08 17:07:55,272222,-0.35762024,-9.876373,-8.468597
2019-04-08 17:07:55,272241,-0.7012024,-9.912277,-9.845261
2019-04-08 17:07:55,272262,-0.7490845,-9.751877,-11.121368
2019-04-08 17:07:55,272281,0.13438416,-9.316132,-13.16362
2019-04-08 17:07:55,272302,1.3039551,-8.7786255,-8.81575
2019-04-08 17:07:55,272321,-0.49050903,-7.5444183,-7.3313446
2019-04-08 17:07:55,272341,-2.1137695,-6.6765137,-2.7177124
2019-04-08 17:07:55,272362,-2.41185,-5.2388,-2.177826
2019-04-08 17:07:55,272381,-1.2853851,-6.7243958,-8.329727
2019-04-08 17:07:55,272401,-1.8133087,-7.332535,-11.558304
2019-04-08 17:07:55,272421,-0.70358276,-6.060013,-11.5056305
2019-04-08 17:07:55,272442,-0.7766113,-6.1893005,-7.7180176
2019-04-08 17:07:55,272461,-0.4091034,-6.251541,-6.9315186
2019-04-08 17:07:55,272481,1.0357971,-8.512878,-10.954971
2019-04-08 17:07:55,272501,-0.7347107,-8.4817505,-11.7582245
2019-04-08 17:07:55,272522,-1.865982,-5.211273,-9.076721
2019-04-08 17:07:55,272541,-1.7797852,-3.0349426,-7.5013275
2019-04-08 17:07:55,272561,-0.6796417,-4.285904,-8.38121
2019-04-08 17:07:55,272581,-0.18644714,-7.3241577,-10.319305
2019-04-08 17:07:55,272602,-0.17926025,-7.1709137,-9.332901
2019-04-08 17:07:55,272621,0.4432373,-4.649826,-9.465775
2019-04-08 17:07:55,272641,0.69581604,-4.0261383,-10.205582
2019-04-08 17:07:55,272662,-1.5607147,-3.7687683,-9.344864
2019-04-08 17:07:55,272681,-3.4760742,-1.751648,-11.038773
2019-04-08 17:07:55,272701,-1.941391,-2.4710999,-10.140945
2019-04-08 17:07:55,272722,-1.3296661,-4.5181427,-8.809769
2019-04-08 17:07:55,272741,-1.1848297,-3.716095,-6.850113
2019-04-08 17:07:55,272761,-1.297348,-1.9683228,-6.7184296
2019-04-08 17:07:55,272782,-3.5574799,0.33969116,-7.234375
2019-04-08 17:07:55,272801,-3.8711243,0.9633789,-6.669342
2019-04-08 17:07:55,272821,-1.9521637,0.42349243,-6.6717377
2019-04-08 17:07:55,272842,-1.7989349,0.60424805,-7.653366
2019-04-08 17:07:55,272862,-2.743454,2.7530518,-4.8090515
2019-04-08 17:07:55,272881,-2.7769623,0.7107849,-8.053192
2019-04-08 17:07:55,272903,-2.7171173,-2.7057343,-8.640976
2019-04-08 17:07:55,272921,-2.7087402,-2.2556305,-9.630981
2019-04-08 17:07:55,272942,-5.8128204,-0.038589478,-9.337692
2019-04-08 17:07:56,272961,-1.4350128,-0.14753723,-8.306976
2019-04-08 17:07:56,272982,-0.4773407,-0.7484741,-5.19812
2019-04-08 17:07:56,273001,-2.5674744,0.29180908,-5.806244
2019-04-08 17:07:56,273022,-3.3491821,1.6433258,-9.123413
2019-04-08 17:07:56,273041,-0.45339966,-0.48033142,-8.441055
2019-04-08 17:07:56,273061,0.6527252,-3.1331024,-6.297058
2019-04-08 17:07:56,273082,-0.65211487,-3.0145874,-6.762726
2019-04-08 17:07:56,273101,-1.099823,-2.8709412,-8.63739
2019-04-08 17:07:56,273122,-0.6185913,-3.8489685,-7.237976
2019-04-08 17:07:56,273141,-0.61979675,-3.3593597,-8.785828
2019-04-08 17:07:56,273161,-1.3739624,-5.5967407,-12.262207
2019-04-08 17:07:56,273182,-0.8496399,-9.677658,-11.372757
2019-04-08 17:07:56,273201,-0.90470886,-7.4941406,-9.529221
2019-04-08 17:07:56,273222,-0.44621277,-5.2483826,-8.030457
2019-04-08 17:07:56,273241,0.9998779,-7.1457825,-7.454651
2019-04-08 17:07:56,273261,0.7030029,-10.024811,-7.950241
2019-04-08 17:07:56,273282,0.0493927,-10.084671,-9.80336
2019-04-08 17:07:56,273301,-0.28700256,-9.219162,-8.374023
2019-04-08 17:07:56,273321,-0.5707092,-5.412384,-6.5113373
2019-04-08 17:07:56,273342,-0.3001709,-3.6670074,-6.6274567
2019-04-08 17:07:56,273361,1.2620544,-6.7734833,-7.5360565
2019-04-08 17:07:56,273381,0.29119873,-10.756241,-10.2834015
2019-04-08 17:07:56,273402,-0.78738403,-11.905457,-13.453323
2019-04-08 17:07:56,273421,-0.40551758,-13.003189,-13.753799
2019-04-08 17:07:56,273441,-0.47853088,-12.755402,-11.333252
2019-04-08 17:07:56,273461,-0.6940155,-9.374786,-8.096298
2019-04-08 17:07:56,273481,0.23973083,-5.1382446,-4.0728455
2019-04-08 17:07:56,273502,-0.6760559,-4.0105743,-4.2105103
2019-04-08 17:07:56,273521,-1.118988,-7.2810516,-6.3197937
2019-04-08 17:07:56,273541,-1.7642212,-9.717148,-9.383179
2019-04-08 17:07:56,273562,-0.3109436,-8.18486,-11.44339
2019-04-08 17:07:56,273581,0.011077881,-6.6681366,-9.714767
2019-04-08 17:07:56,273601,-1.2913666,-5.784683,-7.8915863
2019-04-08 17:07:56,273622,-0.09187317,-7.744339,-5.9199677
2019-04-08 17:07:56,273641,1.1159973,-9.116211,-6.8058167
2019-04-08 17:07:56,273661,-0.6401367,-6.9925537,-9.237137
2019-04-08 17:07:56,273682,-2.1844025,-5.3082275,-12.329239
2019-04-08 17:07:56,273701,-0.44381714,-6.8285522,-11.686401
2019-04-08 17:07:56,273722,-0.45458984,-6.783066,-9.219177
2019-04-08 17:07:56,273742,-1.1417236,-4.9514923,-7.771881
2019-04-08 17:07:56,273761,-0.80773926,-4.895233,-8.4219055
2019-04-08 17:07:56,273782,-0.5168457,-5.5727844,-9.437042
2019-04-08 17:07:56,273801,-0.5970459,-5.511734,-9.455002
2019-04-08 17:07:56,273822,-0.88674927,-5.218445,-8.348877
2019-04-08 17:07:56,273841,-1.865982,-4.373291,-8.769058
2019-04-08 17:07:56,273861,-3.2570038,-2.0233917,-11.600204
2019-04-08 17:07:56,273882,-1.8396454,-2.6267242,-11.697174
2019-04-08 17:07:56,273901,-0.6856384,-5.645813,-10.606613
2019-04-08 17:07:56,273922,-0.8316803,-3.317459,-11.092636
2019-04-08 17:07:56,273941,-1.7247162,-0.09725952,-8.879196
2019-04-08 17:07:57,273962,-2.6381073,-2.4304047,-8.310577
2019-04-08 17:07:57,273981,-1.9222412,-3.1426697,-7.3241577
2019-04-08 17:07:57,274001,-3.3108826,0.8412781,-6.2551575
2019-04-08 17:07:57,274022,-3.3432007,0.9741516,-6.4538727
2019-04-08 17:07:57,274041,-1.9234314,-0.1056366,-5.273529
2019-04-08 17:07:57,274062,-2.4920654,1.8193054,-5.213669
2019-04-08 17:07:57,274081,-4.0375214,4.759384,-5.2052917
2019-04-08 17:07:57,274101,-1.1477203,0.27145386,-7.039261
2019-04-08 17:07:57,274122,-5.3435516,-1.8330536,-8.158539
2019-04-08 17:07:57,274141,-4.0973663,-1.2321014,-9.656113
2019-04-08 17:07:57,274161,-1.367981,-2.348999,-9.583099
2019-04-08 17:07:57,274182,-2.973297,0.027252197,-8.475769
2019-04-08 17:07:57,274201,-1.8408356,0.6976166,-6.802231
2019-04-08 17:07:57,274221,-1.5930328,0.209198,-7.072769
2019-04-08 17:07:57,274242,-1.1524963,-0.07092285,-7.075165
2019-04-08 17:07:57,274261,0.6862488,-3.336609,-6.815399
2019-04-08 17:07:57,274281,-0.14094543,-5.297455,-9.146149
2019-04-08 17:07:57,274302,-1.0040588,-3.8920593,-9.027634
2019-04-08 17:07:57,274321,-1.1537018,-2.436386,-7.82695
2019-04-08 17:07:57,274342,-1.4434052,-2.993042,-7.6892853
2019-04-08 17:07:57,274361,-0.8508301,-4.5444794,-9.990112
2019-04-08 17:07:57,274381,0.14276123,-8.450623,-8.24115
2019-04-08 17:07:57,274402,-1.747467,-9.572311,-9.7782135
2019-04-08 17:07:57,274421,-0.7418976,-9.809326,-12.380722
2019-04-08 17:07:57,274441,1.0848846,-10.592239,-11.328461
2019-04-08 17:07:57,274462,0.6036377,-8.577515,-7.5085144
2019-04-08 17:07:57,274481,0.4336548,-6.3425293,-5.5404816
2019-04-08 17:07:57,274501,0.30795288,-5.65419,-6.305435
2019-04-08 17:07:57,274522,0.21697998,-7.2798615,-7.7742767
2019-04-08 17:07:57,274542,0.013473511,-8.506882,-8.345291
2019-04-08 17:07:57,274561,0.11642456,-9.723145,-9.098267
2019-04-08 17:07:57,274582,-0.8747711,-7.876007,-9.648941
2019-04-08 17:07:57,274601,1.1303711,-8.423096,-8.063965
2019-04-08 17:07:57,274622,-0.47973633,-8.408722,-8.310577
2019-04-08 17:07:57,274641,-0.664093,-8.512878,-8.357269
2019-04-08 17:07:57,274661,-1.6481018,-10.190002,-10.57309
2019-04-08 17:07:57,274682,-1.0028687,-13.229446,-13.282135
2019-04-08 17:07:57,274701,1.0621338,-13.069031,-10.732315
2019-04-08 17:07:57,274722,1.7001953,-7.239151,-8.623016
2019-04-08 17:07:57,274741,-1.7881622,-4.2763367,-5.404007
2019-04-08 17:07:57,274762,-1.877945,-6.5161133,-1.5697021
2019-04-08 17:07:57,274781,-0.5790863,-8.200424,-5.679352
2019-04-08 17:07:57,274801,-1.1249695,-7.3349304,-8.729553
2019-04-08 17:07:57,274822,-2.1413116,-4.7982635,-8.715195
2019-04-08 17:07:57,274841,-0.8352661,-5.031708,-7.577942
2019-04-08 17:07:57,274862,-0.213974,-7.263092,-9.477753
2019-04-08 17:07:57,274881,-0.3731842,-8.357254,-10.303741
2019-04-08 17:07:57,274901,-1.2937622,-6.625046,-10.143341
2019-04-08 17:07:57,274922,-0.6940155,-4.1530304,-8.800186
2019-04-08 17:07:57,274941,1.2129669,-5.602722,-8.693649
2019-04-08 17:07:58,274962,-0.32769775,-7.828125,-9.4813385
2019-04-08 17:07:58,274981,-2.0455322,-5.660187,-9.575912
2019-04-08 17:07:58,275001,-1.0519409,-4.2871094,-9.604645
2019-04-08 17:07:58,275022,-1.0615234,-6.20726,-11.411072
2019-04-08 17:07:58,275041,-1.1872253,-7.61145,-10.559921
2019-04-08 17:07:58,275061,0.2995758,-4.440338,-8.478165
2019-04-08 17:07:58,275082,-0.1852417,-2.4315948,-8.378815
2019-04-08 17:07:58,275101,-1.9210358,-3.36174,-10.117004
2019-04-08 17:07:58,275121,-1.886322,-3.784317,-8.369232
2019-04-08 17:07:58,275142,-1.5283966,-3.6263123,-7.9083557
2019-04-08 17:07:58,275161,-2.1484833,-1.9371948,-8.292618
2019-04-08 17:07:58,275181,-3.0918121,-1.2392883,-8.960602
2019-04-08 17:07:58,275202,-3.7621765,-1.1997833,-9.735123
2019-04-08 17:07:58,275221,-2.3376312,-1.4008942,-9.504089
2019-04-08 17:07:58,275241,-1.8180847,-1.250061,-8.588303
2019-04-08 17:07:58,275262,-2.5902252,-0.22653198,-6.7531433
2019-04-08 17:07:58,275281,-3.8483734,2.1161804,-5.364517
2019-04-08 17:07:58,275302,-3.2713776,1.9940796,-4.660614
2019-04-08 17:07:58,275321,-1.1896057,-1.6127777,-4.3266296
2019-04-08 17:07:58,275341,-2.1915894,0.004501343,-4.7300415
2019-04-08 17:07:58,275361,-5.859497,2.0491486,-10.488098
2019-04-08 17:07:58,275382,-3.1013794,-0.07450867,-9.690826
2019-04-08 17:07:58,275402,-0.73591614,-1.5720825,-7.424713
2019-04-08 17:07:58,275421,-1.4062805,-1.0956421,-8.220795
2019-04-08 17:07:58,275442,-3.1624298,0.84606934,-10.409088
2019-04-08 17:07:58,275462,-1.5080414,0.5779114,-11.927017
2019-04-08 17:07:58,275481,1.0812836,-2.2292938,-10.054749
2019-04-08 17:07:58,275502,0.074523926,-3.9926147,-7.4055634
2019-04-08 17:07:58,275521,-1.5188141,-3.1462708,-7.633011
2019-04-08 17:07:58,275542,-1.2386932,-2.514206,-7.8317413
2019-04-08 17:07:58,275561,-1.1165924,-2.3466034,-8.048416
2019-04-08 17:07:58,275582,-1.6469116,-2.9391632,-9.985321
2019-04-08 17:07:58,275601,-1.83844,-4.617508,-7.550415
2019-04-08 17:07:58,275621,-1.9820862,-4.601944,-7.6797028
2019-04-08 17:07:58,275642,-1.3619995,-3.8417816,-9.526825
2019-04-08 17:07:58,275661,0.64793396,-6.219223,-8.564362
2019-04-08 17:07:58,275681,-1.134552,-6.796234,-8.573944
2019-04-08 17:07:58,275702,-1.1357422,-5.819397,-9.021652
2019-04-08 17:07:58,275721,0.96876526,-7.448654,-9.551971
2019-04-08 17:07:58,275741,1.1710663,-9.747086,-9.313751
2019-04-08 17:07:58,275762,-0.02722168,-9.713562,-9.762665
2019-04-08 17:07:58,275781,-0.60302734,-8.792999,-8.953415
2019-04-08 17:07:58,275801,-0.3001709,-8.16571,-8.346481
2019-04-08 17:07:58,275822,-0.23312378,-8.637375,-7.8484955
2019-04-08 17:07:58,275841,-1.0292053,-7.356476,-7.471405
2019-04-08 17:07:58,275861,0.055374146,-7.2642975,-7.178116
2019-04-08 17:07:58,275882,0.14276123,-8.807358,-8.032852
2019-04-08 17:07:58,275901,-0.9573822,-9.897919,-9.532822
2019-04-08 17:07:58,275921,-0.96455383,-10.790955,-10.680832
2019-04-08 17:07:58,275942,-0.28700256,-11.054321,-10.854416
2019-04-08 17:07:59,275961,-0.8508301,-9.1102295,-8.188477
2019-04-08 17:07:59,275981,-0.85562134,-6.518509,-6.2192383
2019-04-08 17:07:59,276002,-0.07032776,-7.29422,-6.241989
2019-04-08 17:07:59,276021,-0.19003296,-8.894745,-7.407959
2019-04-08 17:07:59,276042,-0.44979858,-8.0555725,-8.506897
2019-04-08 17:07:59,276061,-0.3181305,-7.060791,-9.225159
2019-04-08 17:07:59,276081,-0.3444519,-6.822571,-9.027634
2019-04-08 17:07:59,276102,-0.8053436,-6.3425293,-7.956238
2019-04-08 17:07:59,276121,0.12600708,-6.863266,-7.597107
2019-04-08 17:07:59,276141,-0.58029175,-6.3820343,-7.806595
2019-04-08 17:07:59,276162,-1.526001,-5.4231567,-8.632599
2019-04-08 17:07:59,276181,-0.7335205,-5.755951,-9.341278
2019-04-08 17:07:59,276202,-0.41508484,-6.042053,-8.819336
2019-04-08 17:07:59,276222,-0.8568115,-5.5560303,-8.57872
2019-04-08 17:07:59,276241,-1.2638397,-5.6362305,-8.832504
2019-04-08 17:07:59,276262,-0.9585724,-6.140213,-8.9318695
2019-04-08 17:07:59,276281,0.006286621,-6.710037,-10.048767
2019-04-08 17:07:59,276302,-0.8137207,-6.6430054,-11.400299
2019-04-08 17:07:59,276321,-1.0926514,-5.8780518,-10.999268
2019-04-08 17:07:59,276342,-1.1129913,-4.4738464,-10.126572
2019-04-08 17:07:59,276361,-1.134552,-4.099167,-8.764282
2019-04-08 17:07:59,276382,-1.3979034,-4.306259,-9.634567
2019-04-08 17:07:59,276401,-1.1800385,-3.6622162,-8.249527
2019-04-08 17:07:59,276422,-1.8575897,-2.3932953,-7.9322968
2019-04-08 17:07:59,276442,-2.2191162,-1.6247559,-9.0264435
2019-04-08 17:07:59,276461,-1.8994904,-2.2161255,-9.360428
2019-04-08 17:07:59,276481,-1.6947937,-3.4335785,-9.058762
2019-04-08 17:07:59,276502,-2.5555115,-1.5457458,-8.327332
2019-04-08 17:07:59,276521,-3.550293,-0.025421143,-8.041229
2019-04-08 17:07:59,276542,-3.2031403,0.36602783,-8.253113
2019-04-08 17:07:59,276561,-3.4856567,0.64375305,-8.178894
2019-04-08 17:07:59,276581,-2.3735504,-0.018249512,-7.9705963
2019-04-08 17:07:59,276602,-1.6397247,-0.78079224,-8.312973
2019-04-08 17:07:59,276621,-2.020401,-0.9040985,-6.810608
2019-04-08 17:07:59,276641,-2.739853,0.67967224,-5.3309937
2019-04-08 17:07:59,276662,-1.5966339,1.5080566,-9.209595
2019-04-08 17:07:59,276681,-2.803299,0.6246033,-6.6513977
2019-04-08 17:07:59,276701,-1.1596832,-0.9148712,-7.624634
2019-04-08 17:07:59,276722,-2.8679504,-0.050567627,-8.231567
2019-04-08 17:07:59,276741,-1.9365997,-0.11520386,-8.188477
2019-04-08 17:07:59,276761,-1.1956024,-0.07092285,-8.673294
2019-04-08 17:07:59,276782,-1.218338,-1.2309113,-8.83371
2019-04-08 17:07:59,276801,-0.55274963,-3.3785095,-8.709213
2019-04-08 17:07:59,276821,-1.7642212,-2.843399,-8.377609
2019-04-08 17:07:59,276842,-1.9940643,-2.017395,-9.202408
2019-04-08 17:07:59,276861,-1.3344574,-2.613556,-8.239944
2019-04-08 17:07:59,276882,-1.9294281,-2.2675934,-9.13298
2019-04-08 17:07:59,276901,-1.7642212,-1.9599457,-9.256287
2019-04-08 17:07:59,276921,-0.47254944,-4.593567,-6.77829
2019-04-08 17:07:59,276942,-1.5283966,-5.7068634,-7.9191284
2019-04-08 17:08:00,276961,-0.550354,-5.1609955,-10.064331
2019-04-08 17:08:00,276984,0.6527252,-5.589554,-8.478165
2019-04-08 17:08:00,277001,-0.3109436,-5.309433,-8.462601
2019-04-08 17:08:00,277022,-0.114608765,-6.2563324,-10.081085
2019-04-08 17:08:00,277041,0.84306335,-8.424286,-10.207977
2019-04-08 17:08:00,277062,0.13796997,-8.436264,-9.294586
2019-04-08 17:08:00,277081,-0.2750244,-7.8688354,-8.341705
2019-04-08 17:08:00,277102,-0.17686462,-7.4175262,-7.4342957
2019-04-08 17:08:00,277121,0.29718018,-8.584702,-8.052002
2019-04-08 17:08:00,277141,-0.21278381,-8.832504,-7.8963776
2019-04-08 17:08:00,277162,-0.7945709,-8.036423,-7.9526367
2019-04-08 17:08:00,277181,-0.19361877,-8.0903015,-8.481766
2019-04-08 17:08:00,277202,-0.124191284,-7.764679,-7.5719604
2019-04-08 17:08:00,277221,-0.04159546,-7.53244,-7.1182556
2019-04-08 17:08:00,277242,0.14755249,-8.372818,-8.026855
2019-04-08 17:08:00,277261,0.47076416,-9.104233,-8.691254
2019-04-08 17:08:00,277281,0.029037476,-9.476532,-9.377197
2019-04-08 17:08:00,277302,-1.0687103,-8.892349,-9.368805
2019-04-08 17:08:00,277321,-1.4062805,-8.231552,-8.406342
2019-04-08 17:08:00,277342,-1.0615234,-7.8137665,-6.889618
2019-04-08 17:08:00,277361,-0.9908905,-7.079941,-6.762726
2019-04-08 17:08:00,277381,-0.8220978,-7.278656,-7.0057373
2019-04-08 17:08:00,277402,-0.84724426,-8.12262,-6.969818
2019-04-08 17:08:00,277421,-0.21755981,-8.988113,-7.6737213
2019-04-08 17:08:00,277441,0.15472412,-8.927063,-9.350861
2019-04-08 17:08:00,277462,-0.07749939,-7.625824,-9.850052
2019-04-08 17:08:00,277481,-0.6916199,-6.6837006,-8.923492
2019-04-08 17:08:00,277502,-1.2518616,-6.95903,-7.9119415
2019-04-08 17:08:00,277521,-1.6133881,-6.5795593,-7.1158752
2019-04-08 17:08:00,277541,-1.2003937,-5.9869843,-7.3624725
2019-04-08 17:08:00,277562,-0.62338257,-5.930725,-8.7187805
2019-04-08 17:08:00,277581,-0.8352661,-5.726013,-10.045181
2019-04-08 17:08:00,277601,-1.0782776,-5.3549194,-9.838074
2019-04-08 17:08:00,277622,-0.29179382,-5.705673,-9.265854
2019-04-08 17:08:00,277641,-0.14454651,-6.099518,-9.42627
2019-04-08 17:08:00,277661,-0.5755005,-5.5859528,-8.917511
2019-04-08 17:08:00,277682,-0.9477997,-4.6833496,-8.585907
2019-04-08 17:08:00,277701,-1.0579376,-4.2595673,-9.496902
2019-04-08 17:08:00,277721,-0.89871216,-4.9706573,-10.29657
2019-04-08 17:08:00,277742,-0.9334259,-5.5763855,-10.346848
2019-04-08 17:08:00,277761,-1.194397,-5.1250763,-9.869202
2019-04-08 17:08:00,277782,-1.2087708,-3.9315643,-9.106644
2019-04-08 17:08:00,277801,-1.3667908,-3.5089874,-9.2239685
2019-04-08 17:08:00,277822,-1.3775635,-3.6227112,-9.080307
2019-04-08 17:08:00,277841,-1.5966339,-3.4850464,-9.239532
2019-04-08 17:08:00,277862,-1.9785004,-1.914444,-8.696045
2019-04-08 17:08:00,277881,-2.130539,-1.775589,-9.140167
2019-04-08 17:08:00,277902,-2.123352,-2.3322449,-8.273468
2019-04-08 17:08:00,277922,-2.9948425,-0.96754456,-8.828918
2019-04-08 17:08:00,277941,-2.8751373,-1.0453491,-8.190872
2019-04-08 17:08:01,277962,-2.305313,-1.3386536,-9.01207
2019-04-08 17:08:01,277981,-2.324463,-0.32710266,-8.89357
2019-04-08 17:08:01,278002,-1.9665375,-0.6491089,-8.625412
2019-04-08 17:08:01,278021,-2.3711548,0.50727844,-8.980957
2019-04-08 17:08:01,278042,-3.0523071,0.31814575,-6.9746094
2019-04-08 17:08:01,278061,-1.9078674,0.19963074,-6.8536987
2019-04-08 17:08:01,278082,-3.7885132,0.5731201,-7.151779
2019-04-08 17:08:01,278101,-3.0475159,-1.4224396,-7.7371674
2019-04-08 17:08:01,278121,-2.9385834,-0.542572,-7.039261
2019-04-08 17:08:01,278142,-2.272995,0.93943787,-9.300583
2019-04-08 17:08:01,278161,-0.9992676,0.36602783,-8.068756
2019-04-08 17:08:01,278181,-2.5986023,-0.10922241,-7.977783
2019-04-08 17:08:01,278202,-2.945755,-0.5401764,-9.344864
2019-04-08 17:08:01,278221,-2.07547,-1.1973877,-9.5208435
2019-04-08 17:08:01,278242,-1.7558441,-1.6151733,-8.063965
2019-04-08 17:08:01,278261,-1.4577637,-1.3949127,-8.696045
2019-04-08 17:08:01,278282,-1.3871307,-1.6427155,-9.100662
2019-04-08 17:08:01,278301,-0.8628082,-2.9104462,-7.8209534
2019-04-08 17:08:01,278321,-0.8855438,-3.8729095,-10.146927
2019-04-08 17:08:01,278342,-1.4529724,-4.2009125,-10.1996
2019-04-08 17:08:01,278361,-0.2786255,-4.0081787,-8.680481
2019-04-08 17:08:01,278381,-0.83766174,-3.5676422,-7.6473846
2019-04-08 17:08:01,278402,-0.8675995,-3.748413,-9.349655
2019-04-08 17:08:01,278421,-0.0368042,-5.15979,-8.014893
2019-04-08 17:08:01,278441,-0.19841003,-5.915161,-9.30896
2019-04-08 17:08:01,278462,0.2995758,-6.028885,-9.517258
2019-04-08 17:08:01,278481,-0.04159546,-7.364853,-8.216003
2019-04-08 17:08:01,278501,0.050582886,-7.8377075,-9.539993
2019-04-08 17:08:01,278522,0.18945312,-7.397171,-8.741531
2019-04-08 17:08:01,278541,0.24571228,-7.1697235,-7.009323
2019-04-08 17:08:01,278561,-0.4126892,-6.7160187,-6.474228
2019-04-08 17:08:01,278582,-0.15890503,-7.4773865,-8.304596
2019-04-08 17:08:01,278601,0.29599,-8.20282,-8.174103
2019-04-08 17:08:01,278622,-0.64971924,-8.236343,-8.425491
2019-04-08 17:08:01,278641,-0.81970215,-8.423096,-8.503311
2019-04-08 17:08:01,278662,-0.2941742,-8.511673,-8.430283
2019-04-08 17:08:01,278682,-0.22235107,-9.022842,-8.38121
2019-04-08 17:08:01,278701,-0.8352661,-9.417877,-8.464996
2019-04-08 17:08:01,278722,-1.0926514,-8.875595,-8.494934
2019-04-08 17:08:01,278741,-0.49050903,-7.962204,-8.00531
2019-04-08 17:08:01,278762,-0.035614014,-8.382385,-8.808563
2019-04-08 17:08:01,278781,-0.57310486,-8.329712,-9.425079
2019-04-08 17:08:01,278802,-0.83047485,-6.8656616,-8.267487
2019-04-08 17:08:01,278821,1.1938171,-7.6868744,-6.87764
2019-04-08 17:08:01,278842,-0.19721985,-9.227539,-8.729553
2019-04-08 17:08:01,278861,-0.6580963,-9.544769,-8.5954895
2019-04-08 17:08:01,278882,-0.1277771,-8.207611,-6.8489075
2019-04-08 17:08:01,278901,-0.30256653,-7.7419434,-6.328171
2019-04-08 17:08:01,278921,-0.67007446,-7.546814,-7.3265533
2019-04-08 17:08:01,278942,-0.5671234,-6.9003754,-8.097488
2019-04-08 17:08:02,278961,-0.9992676,-6.451462,-8.014893
2019-04-08 17:08:02,278982,-1.8013306,-6.4035797,-8.609848
2019-04-08 17:08:02,279001,-2.012024,-6.512512,-8.528442
2019-04-08 17:08:02,279021,-1.0699005,-6.5998993,-8.603867
2019-04-08 17:08:02,279042,-1.3392487,-5.664963,-8.449432
2019-04-08 17:08:02,279061,-1.1896057,-4.7815094,-8.113052
2019-04-08 17:08:02,279081,-0.6736603,-5.3070374,-8.571548
2019-04-08 17:08:02,279102,-0.47135925,-6.3868256,-8.420715
2019-04-08 17:08:02,279121,-1.178833,-6.389221,-9.553162
2019-04-08 17:08:02,279142,-1.3536224,-5.413574,-9.712387
2019-04-08 17:08:02,279161,-1.0495453,-4.546875,-9.009689
2019-04-08 17:08:02,279181,-0.2606659,-5.266327,-9.379593
2019-04-08 17:08:02,279201,-0.7957611,-5.1813354,-10.178055
2019-04-08 17:08:02,279221,-1.4146729,-4.0189514,-9.215576
2019-04-08 17:08:02,279242,-2.2203217,-4.009384,-10.368393
2019-04-08 17:08:02,279261,-2.4776917,-4.962265,-11.182419
2019-04-08 17:08:02,279281,-1.9665375,-4.5408936,-10.781387
2019-04-08 17:08:02,279301,-1.494873,-3.4682922,-10.333679
2019-04-08 17:08:02,279321,-0.7658386,-4.490616,-9.059967
2019-04-08 17:08:02,279342,-2.068283,-3.0935974,-8.364441
2019-04-08 17:08:02,279361,-2.1006012,-1.6008148,-7.406769
2019-04-08 17:08:02,279381,-2.483673,-2.139511,-7.862854
2019-04-08 17:08:02,279402,-3.2318726,-1.2512512,-8.3022
2019-04-08 17:08:02,279421,-4.0470886,1.105835,-8.628998
2019-04-08 17:08:02,279441,-2.5926208,-0.34983826,-9.215576
2019-04-08 17:08:02,279462,-1.7462616,-1.7348938,-9.78421
2019-04-08 17:08:02,279481,-2.356781,-0.23970032,-9.512466
2019-04-08 17:08:02,279501,-2.5255737,0.19244385,-8.655334
2019-04-08 17:08:02,279522,-2.9577332,0.8472595,-7.534851
2019-04-08 17:08:02,279541,-2.1844025,1.5080566,-6.854904
2019-04-08 17:08:02,279562,-1.7450714,0.8448639,-6.8608856
2019-04-08 17:08:02,279582,-1.7534485,0.66889954,-6.3150024
2019-04-08 17:08:02,279601,-2.640503,0.12301636,-8.232758
2019-04-08 17:08:02,279622,-3.3503723,-1.2380829,-10.115799
2019-04-08 17:08:02,279641,-1.4002991,-2.4028625,-8.041229
2019-04-08 17:08:02,279661,-2.0084229,-1.7396698,-7.170929
2019-04-08 17:08:02,279682,-3.3515778,-0.6275635,-7.127838
2019-04-08 17:08:02,279701,-5.1999054,1.1106262,-11.716324
2019-04-08 17:08:02,279722,-2.5842285,-0.32110596,-11.26741
2019-04-08 17:08:02,279742,0.29119873,-3.6562347,-9.755478
2019-04-08 17:08:02,279762,-0.8795624,-2.325058,-8.699631
2019-04-08 17:08:02,279781,-1.0531464,-0.82629395,-8.214813
2019-04-08 17:08:02,279801,-1.5319824,-2.3190765,-6.4658356
2019-04-08 17:08:02,279822,-1.6433105,-4.7779236,-8.840897
2019-04-08 17:08:02,279841,-0.43304443,-5.5332947,-8.362045
2019-04-08 17:08:02,279861,-0.96694946,-4.1051483,-5.546463
2019-04-08 17:08:02,279881,-2.0623016,0.24272156,-7.399582
2019-04-08 17:08:02,279902,-1.455368,-1.5804596,-8.91272
2019-04-08 17:08:02,279921,0.8741913,-8.797775,-11.619354
2019-04-08 17:08:02,279941,-1.0471649,-9.389145,-7.664139
2019-04-08 17:08:03,279961,-2.751831,-3.1103516,-6.9123535
2019-04-08 17:08:03,279982,0.27923584,-4.340973,-9.963776
2019-04-08 17:08:03,280001,1.3853455,-10.21994,-11.334457
2019-04-08 17:08:03,280021,-0.49649048,-11.858765,-15.975616
2019-04-08 17:08:03,280042,0.20381165,-13.924957,-12.474091
2019-04-08 17:08:03,280061,-0.47973633,-11.075867,-6.2312164
2019-04-08 17:08:03,280081,-0.747879,-6.456253,-4.659424
2019-04-08 17:08:03,280102,0.49949646,-4.206894,-2.9224243
2019-04-08 17:08:03,280121,0.6180115,-4.4977875,-4.7049103
2019-04-08 17:08:03,280141,-1.6744385,-7.199646,-8.272263
2019-04-08 17:08:03,280162,-0.7538605,-10.211563,-10.959763
2019-04-08 17:08:03,280181,-0.2606659,-9.203598,-11.110596
2019-04-08 17:08:03,280201,-1.242279,-4.8700867,-8.763077
2019-04-08 17:08:03,280222,-0.5431824,-5.3668976,-7.0260925
2019-04-08 17:08:03,280241,0.23254395,-11.442184,-6.6669617
2019-04-08 17:08:03,280261,-2.1257477,-11.336838,-10.124176
2019-04-08 17:08:03,280282,-2.5986023,-6.4502716,-8.368042
2019-04-08 17:08:03,280301,-0.03440857,-6.935089,-6.198883
2019-04-08 17:08:03,280322,-0.022445679,-9.952988,-7.09552
2019-04-08 17:08:03,280342,-1.000473,-11.184799,-9.435852
2019-04-08 17:08:03,280361,-0.3396759,-8.75589,-10.148132
2019-04-08 17:08:03,280382,-0.012863159,-6.6190643,-7.823349
2019-04-08 17:08:03,280401,0.36062622,-6.360489,-5.4303436
2019-04-08 17:08:03,280422,-0.5563507,-6.657364,-5.514145
2019-04-08 17:08:03,280441,-1.1896057,-6.5292816,-6.5041504
2019-04-08 17:08:03,280462,-1.3943176,-6.698059,-8.628998
2019-04-08 17:08:03,280481,-0.5671234,-8.212402,-11.053131
2019-04-08 17:08:03,280502,-0.31932068,-8.609833,-11.496063
2019-04-08 17:08:03,280521,-0.4845276,-6.903961,-9.069534
2019-04-08 17:08:03,280542,-1.4924774,-4.934738,-7.58992
2019-04-08 17:08:03,280561,-1.7594299,-4.680954,-6.905182
2019-04-08 17:08:03,280581,-0.92744446,-5.763138,-6.28508
2019-04-08 17:08:03,280602,-1.3607941,-6.2611237,-8.536819
2019-04-08 17:08:03,280621,-1.534378,-7.0583954,-11.290161
2019-04-08 17:08:03,280641,-1.1860199,-7.1709137,-11.214737
2019-04-08 17:08:03,280662,0.0206604,-4.780304,-9.6633
2019-04-08 17:08:03,280681,0.013473511,-4.1051483,-9.756668
2019-04-08 17:08:03,280701,-0.7730255,-4.8461456,-9.250305
2019-04-08 17:08:03,280721,-0.9334259,-5.2100677,-10.393524
2019-04-08 17:08:03,280741,-0.15531921,-5.7379913,-9.034821
2019-04-08 17:08:03,280762,-1.7319031,-2.7129211,-8.644562
2019-04-08 17:08:03,280781,-2.7099304,-0.6742554,-9.638153
2019-04-08 17:08:03,280801,-2.4405823,-3.001419,-9.777023
2019-04-08 17:08:03,280821,-2.8883057,-5.254364,-10.12059
2019-04-08 17:08:03,280841,-1.6481018,-3.2839355,-9.119812
2019-04-08 17:08:03,280861,-2.4250183,-2.692566,-7.727585
2019-04-08 17:08:03,280881,-2.6680298,-1.3434296,-7.8604584
2019-04-08 17:08:03,280902,-3.0977936,0.8556366,-7.404373
2019-04-08 17:08:03,280921,-3.526352,1.1644897,-7.2511444
2019-04-08 17:08:03,280941,-2.8332367,-0.65390015,-7.7814636
2019-04-08 17:08:04,280962,-3.1097565,-2.2340698,-8.453033
2019-04-08 17:08:04,280981,-3.6520538,-1.7288971,-8.925888
2019-04-08 17:08:04,281001,-3.0630798,-0.17266846,-9.82132
2019-04-08 17:08:04,281022,-2.7470398,1.114212,-8.73674
2019-04-08 17:08:04,281041,-1.242279,1.2458954,-8.41951
2019-04-08 17:08:04,281061,-3.0654755,-0.46116638,-8.266281
2019-04-08 17:08:04,281081,-2.751831,-1.0669098,-5.857712
2019-04-08 17:08:04,281101,-4.238632,0.5599518,-7.4055634
2019-04-08 17:08:04,281122,-2.700348,1.7331085,-8.160934
2019-04-08 17:08:04,281141,-1.4649506,1.1920319,-7.4175415
2019-04-08 17:08:04,281162,-0.5743103,-1.8210754,-7.111084
2019-04-08 17:08:04,281182,-1.9210358,-3.269577,-9.129395
2019-04-08 17:08:04,281201,-2.88591,-1.5672913,-9.7782135
2019-04-08 17:08:04,281222,-1.7462616,-0.25886536,-7.506119
2019-04-08 17:08:04,281241,-1.3548126,0.5084839,-7.305008
2019-04-08 17:08:04,281262,-2.202362,0.54678345,-10.539581
2019-04-08 17:08:04,281281,-1.7761993,-2.7739716,-11.460144
2019-04-08 17:08:04,281302,0.1511383,-6.2850647,-12.405853
2019-04-08 17:08:04,281321,-0.4091034,-5.484207,-9.518448
2019-04-08 17:08:04,281342,-1.000473,-4.0967712,-8.966583
2019-04-08 17:08:04,281361,-0.644928,-3.401245,-7.1924896
2019-04-08 17:08:04,281381,0.82270813,-4.2547913,-7.6904755
2019-04-08 17:08:04,281402,0.024246216,-5.5644073,-8.057983
2019-04-08 17:08:04,281421,-1.0663147,-6.5256805,-8.664917
2019-04-08 17:08:04,281441,-1.0639191,-6.3090057,-8.980957
2019-04-08 17:08:04,281462,-0.8604126,-6.2527466,-8.111862
2019-04-08 17:08:04,281481,-1.2458801,-5.037689,-7.922714
2019-04-08 17:08:04,281501,-0.7059784,-4.0189514,-7.625839
2019-04-08 17:08:04,281521,-0.33129883,-5.664963,-7.8604584
2019-04-08 17:08:04,281541,-1.0699005,-9.0312195,-7.483383
2019-04-08 17:08:04,281562,-0.3396759,-9.943405,-9.60704
2019-04-08 17:08:04,281581,-0.22355652,-8.603851,-11.567886
2019-04-08 17:08:04,281601,-0.27981567,-8.764267,-9.657318
2019-04-08 17:08:04,281622,-1.336853,-7.516876,-7.8125763
2019-04-08 17:08:04,281641,0.38935852,-9.76384,-7.5599976
2019-04-08 17:08:04,281661,0.47914124,-9.465759,-5.79187
2019-04-08 17:08:04,281682,-1.4146729,-9.136566,-7.33255
2019-04-08 17:08:04,281701,-0.22116089,-9.331696,-8.109467
2019-04-08 17:08:04,281722,-0.03440857,-9.143738,-9.2239685
2019-04-08 17:08:04,281741,0.13917542,-8.978546,-10.079895
2019-04-08 17:08:04,281761,-0.7885895,-7.7946167,-8.979752
2019-04-08 17:08:04,281782,-1.3500214,-5.850525,-6.3545074
2019-04-08 17:08:04,281801,-8.8500977E-4,-5.800247,-4.277542
2019-04-08 17:08:04,281821,-0.5419769,-6.811798,-4.9395447
2019-04-08 17:08:04,281842,-2.3292542,-6.5532227,-6.6035156
2019-04-08 17:08:04,281861,-1.2590485,-6.7459564,-7.858078
2019-04-08 17:08:04,281881,1.236908,-10.508438,-9.300583
2019-04-08 17:08:04,281902,0.37739563,-11.159668,-12.600983
2019-04-08 17:08:04,281921,-0.21278381,-8.437454,-10.365997
2019-04-08 17:08:04,281941,0.22296143,-6.581955,-6.2958527
2019-04-08 17:08:05,281962,-0.5539551,-5.491394,-5.287903
2019-04-08 17:08:05,281982,-2.0227966,-5.985794,-7.542038
2019-04-08 17:08:05,282001,-2.2837677,-7.2954254,-10.206787
2019-04-08 17:08:05,282022,-1.0675049,-7.345703,-11.202774
2019-04-08 17:08:05,282041,-0.2714386,-7.297821,-10.057144
2019-04-08 17:08:05,282062,-0.58148193,-5.163376,-7.861664
2019-04-08 17:08:05,282081,-0.5826874,-4.818619,-6.2072754
2019-04-08 17:08:05,282102,-0.7407074,-6.4382935,-7.0895386
2019-04-08 17:08:05,282121,-1.1321564,-6.7627106,-8.874405
2019-04-08 17:08:05,282142,-0.88674927,-5.0580444,-9.0659485
2019-04-08 17:08:05,282161,-1.2710114,-4.356537,-10.514435
2019-04-08 17:08:05,282182,-0.7263336,-6.7591248,-9.949402
2019-04-08 17:08:05,282201,-0.9394226,-6.294647,-9.56633
2019-04-08 17:08:05,282221,-1.9342041,-3.254013,-9.0659485
2019-04-08 17:08:05,282242,-1.5762787,-4.277527,-9.075516
2019-04-08 17:08:05,282261,-2.1329346,-5.3142242,-10.744278
2019-04-08 17:08:05,282282,-1.431427,-4.8066406,-10.302551
2019-04-08 17:08:05,282301,-1.3296661,-4.6953125,-8.576324
2019-04-08 17:08:05,282321,-1.9581451,-2.9678955,-10.016449
2019-04-08 17:08:05,282342,-1.8492126,-1.0549316,-9.237137
2019-04-08 17:08:05,282361,-2.0694885,-3.0732422,-7.806595
2019-04-08 17:08:05,282381,-2.506424,-3.4359741,-7.598297
2019-04-08 17:08:05,282402,-4.443329,1.1022491,-8.33931
2019-04-08 17:08:05,282421,-4.592972,0.7179718,-7.5552063
2019-04-08 17:08:05,282441,-2.9661102,-1.6750336,-8.231567
2019-04-08 17:08:05,282462,-2.621338,0.4606018,-8.47937
2019-04-08 17:08:05,282481,-2.521988,-0.2181549,-8.360855
2019-04-08 17:08:05,282501,-1.965332,-1.7983398,-9.059967
2019-04-08 17:08:05,282522,-1.786972,-0.6299591,-7.507324
2019-04-08 17:08:05,282541,-3.5766296,1.3835602,-7.150589
2019-04-08 17:08:05,282561,-2.1760254,3.154068,-7.597107
2019-04-08 17:08:05,282582,-2.6309204,1.46138,-8.703217
2019-04-08 17:08:05,282601,-2.0024414,-1.5349731,-8.148972
2019-04-08 17:08:05,282622,-3.7813416,-2.1083832,-9.179672
2019-04-08 17:08:05,282641,-2.7219086,-2.2532349,-8.917511
2019-04-08 17:08:05,282661,-2.6716309,-0.60243225,-8.862442
2019-04-08 17:08:05,282682,-2.1006012,0.13378906,-8.296204
2019-04-08 17:08:05,282701,-2.1556702,-0.52342224,-8.923492
2019-04-08 17:08:05,282721,-1.9545593,-1.9012909,-8.509293
2019-04-08 17:08:05,282742,-2.044342,-2.8613586,-8.930679
2019-04-08 17:08:05,282761,-1.7151337,-2.0221863,-8.67569
2019-04-08 17:08:05,282782,-0.28579712,-1.8581848,-6.875244
2019-04-08 17:08:05,282802,-0.40670776,-1.2680206,-8.4374695
2019-04-08 17:08:05,282821,-0.54797363,-2.1419067,-8.571548
2019-04-08 17:08:05,282842,0.43844604,-4.314636,-9.093475
2019-04-08 17:08:05,282861,0.18585205,-5.7547455,-9.080307
2019-04-08 17:08:05,282882,-0.27742004,-6.3868256,-9.246704
2019-04-08 17:08:05,282901,-0.74668884,-6.70166,-9.522034
2019-04-08 17:08:05,282921,-0.5359955,-6.2802734,-9.763855
2019-04-08 17:08:05,282942,-1.1896057,-5.2100677,-9.1689
2019-04-08 17:08:06,282961,-0.94181824,-4.60553,-8.216003
2019-04-08 17:08:06,282981,-0.09906006,-6.4706116,-6.1569977
2019-04-08 17:08:06,283002,-0.5707092,-7.7503204,-7.8556824
2019-04-08 17:08:06,283021,0.3450775,-7.9681854,-9.239532
2019-04-08 17:08:06,283042,-0.061950684,-7.9286804,-10.018845
2019-04-08 17:08:06,283061,-0.8244934,-7.970581,-10.05835
2019-04-08 17:08:06,283082,0.30915833,-9.222748,-8.221985
2019-04-08 17:08:06,283101,0.70539856,-9.721939,-7.7611084
2019-04-08 17:08:06,283121,-0.72154236,-7.4869537,-7.4055634
2019-04-08 17:08:06,283142,0.6934204,-6.8848114,-6.7184296
2019-04-08 17:08:06,283161,0.63597107,-7.2295837,-6.60231
2019-04-08 17:08:06,283181,-1.1285553,-7.483368,-7.519287
2019-04-08 17:08:06,283202,-1.5427551,-8.175293,-8.75589
2019-04-08 17:08:06,283221,0.07093811,-9.695602,-9.648941
2019-04-08 17:08:06,283241,-0.38635254,-10.466537,-10.443802
2019-04-08 17:08:06,283262,-1.2518616,-10.563507,-9.8919525
2019-04-08 17:08:06,283281,-1.3643951,-8.049591,-7.8975677
2019-04-08 17:08:06,283301,-0.9597626,-5.9127655,-4.574417
2019-04-08 17:08:06,283322,0.6682892,-6.7639008,-4.138672
2019-04-08 17:08:06,283341,-0.064331055,-8.970169,-7.3636627
2019-04-08 17:08:06,283361,-1.4326172,-8.469772,-10.425858
2019-04-08 17:08:06,283382,-2.0563202,-6.638214,-9.589081
2019-04-08 17:08:06,283401,-0.8113251,-7.4414673,-7.3588867
2019-04-08 17:08:06,283422,-0.0368042,-8.391968,-6.772293
2019-04-08 17:08:06,283441,-0.2893982,-7.9023438,-7.087143
2019-04-08 17:08:06,283461,-0.5886688,-7.5695496,-7.7287903
2019-04-08 17:08:06,283482,-1.3296661,-6.3820343,-8.212418
2019-04-08 17:08:06,283501,-1.5631104,-5.518921,-9.234741
2019-04-08 17:08:06,283521,-0.41629028,-7.4785767,-10.128967
2019-04-08 17:08:06,283542,-0.64253235,-8.031631,-10.717941
2019-04-08 17:08:06,283561,-1.7354889,-5.0783844,-9.656113
2019-04-08 17:08:06,283582,-1.1524963,-3.6263123,-7.8951874
2019-04-08 17:08:06,283602,-0.078704834,-5.2914734,-6.954254
2019-04-08 17:08:06,283621,-0.89871216,-5.7595367,-7.6078796
2019-04-08 17:08:06,283642,-1.6828156,-5.3429413,-8.5559845
2019-04-08 17:08:06,283661,-0.8568115,-5.978607,-8.40036
2019-04-08 17:08:06,283682,-0.37557983,-5.8696747,-8.899551
2019-04-08 17:08:06,283702,-1.2949524,-3.36174,-11.0902405
2019-04-08 17:08:06,283721,-1.2279205,-2.94635,-11.649292
2019-04-08 17:08:06,283742,-0.27023315,-6.6082764,-10.519226
2019-04-08 17:08:06,283761,-0.75865173,-6.507721,-10.958557
2019-04-08 17:08:06,283782,-1.2482758,-3.614334,-10.186432
2019-04-08 17:08:06,283801,-1.5008545,-2.4339905,-9.46698
2019-04-08 17:08:06,283822,-2.404663,-2.3992767,-9.519653
2019-04-08 17:08:06,283841,-2.1616516,-2.7751617,-8.948624
2019-04-08 17:08:06,283861,-1.4805145,-2.8003082,-9.385574
2019-04-08 17:08:06,283882,-2.1556702,-3.0852203,-8.997711
2019-04-08 17:08:06,283901,-2.9313965,-3.4455414,-8.128616
2019-04-08 17:08:06,283922,-2.3352356,-1.3398438,-6.558014
2019-04-08 17:08:06,283941,-2.8200684,0.73114014,-6.2467804
2019-04-08 17:08:07,283962,-3.7370453,2.1114044,-6.276703
2019-04-08 17:08:07,283981,-3.0582886,1.7019958,-7.099106
2019-04-08 17:08:07,284001,-2.5902252,0.18287659,-8.567947
2019-04-08 17:08:07,284022,-3.3491821,0.580307,-9.238327
2019-04-08 17:08:07,284041,-2.9469604,0.05836487,-8.651749
2019-04-08 17:08:07,284061,-1.6708527,0.72395325,-7.057205
2019-04-08 17:08:07,284081,-2.791336,-0.0014801025,-9.727936
2019-04-08 17:08:07,284102,-2.2107391,-2.340622,-10.622177
2019-04-08 17:08:07,284122,-0.85562134,-3.3593597,-8.316559
2019-04-08 17:08:07,284141,-3.8064728,-0.060134888,-8.443451
2019-04-08 17:08:07,284161,-2.5160065,0.96577454,-6.589142
2019-04-08 17:08:07,284182,-2.7889404,2.4549713,-7.215225
2019-04-08 17:08:07,284201,-4.2996826,1.8169098,-9.059967
2019-04-08 17:08:07,284222,-1.6624603,-1.8043213,-8.650558
2019-04-08 17:08:07,284241,-0.42108154,-5.340561,-9.002502
2019-04-08 17:08:07,284261,-1.3895264,-5.1538086,-10.003281
2019-04-08 17:08:07,284282,-0.7490845,-2.3537903,-7.2870483
2019-04-08 17:08:07,284301,-2.0180054,0.7155762,-8.487747
2019-04-08 17:08:07,284321,-2.1879883,0.1984253,-9.665695
2019-04-08 17:08:07,284342,-0.45698547,-4.253586,-11.128555
2019-04-08 17:08:07,284361,0.30317688,-7.2283783,-8.425491
2019-04-08 17:08:07,284381,-1.6576843,-5.709259,-7.597107
2019-04-08 17:08:07,284402,-1.6217651,-3.7232666,-8.887573
2019-04-08 17:08:07,284421,-1.4122772,-3.3018951,-9.551971
2019-04-08 17:08:07,284442,0.37379456,-4.1973267,-10.140945
2019-04-08 17:08:07,284462,1.3195038,-5.740387,-7.866455
2019-04-08 17:08:07,284481,-0.24629211,-6.401184,-8.1453705
2019-04-08 17:08:07,284502,-0.59225464,-8.16452,-8.889969
2019-04-08 17:08:07,284521,-0.59225464,-7.5659637,-8.212418
2019-04-08 17:08:07,284542,-0.095458984,-6.2168274,-8.158539
2019-04-08 17:08:07,284561,0.6934204,-6.5101166,-8.24234
2019-04-08 17:08:07,284582,0.4839325,-7.601883,-9.28981
2019-04-08 17:08:07,284601,-0.026031494,-9.560333,-9.988907
2019-04-08 17:08:07,284622,-0.7131653,-9.287399,-9.624985
2019-04-08 17:08:07,284641,-1.4733276,-6.5256805,-8.189667
2019-04-08 17:08:07,284662,0.03262329,-6.5651855,-6.2240295
2019-04-08 17:08:07,284681,-0.73591614,-7.6641235,-7.8293457
2019-04-08 17:08:07,284701,-0.5467682,-8.766663,-8.239944
2019-04-08 17:08:07,284722,-1.2805939,-8.108246,-8.5954895
2019-04-08 17:08:07,284741,-0.040390015,-8.687653,-9.203613
2019-04-08 17:08:07,284761,0.37141418,-10.169662,-9.009689
2019-04-08 17:08:07,284782,-0.6760559,-7.7742615,-7.9430695
2019-04-08 17:08:07,284801,-0.44740295,-5.6314545,-7.209244
2019-04-08 17:08:07,284822,-0.80415344,-5.345337,-5.9151764
2019-04-08 17:08:07,284841,-0.7957611,-7.198456,-5.6578064
2019-04-08 17:08:07,284861,-1.1309509,-8.984528,-8.060379
2019-04-08 17:08:07,284882,-1.3093262,-8.87439,-9.100662
2019-04-08 17:08:07,284901,-1.2147522,-7.7742615,-8.414719
2019-04-08 17:08:07,284921,-0.10862732,-7.598282,-7.8006134
2019-04-08 17:08:07,284942,-0.076309204,-9.121002,-8.0065155
2019-04-08 17:08:08,284961,-1.1489105,-8.886368,-9.478943
2019-04-08 17:08:08,284981,-1.000473,-7.046417,-8.454224
2019-04-08 17:08:08,285001,-0.8520355,-5.7774963,-7.1242523
2019-04-08 17:08:08,285022,-0.72154236,-6.9925537,-7.327759
2019-04-08 17:08:08,285041,-1.4876862,-7.836502,-8.858841
2019-04-08 17:08:08,285061,-1.4625549,-7.251129,-9.586685
2019-04-08 17:08:08,285082,-0.85920715,-6.653778,-8.740341
2019-04-08 17:08:08,285101,-0.40312195,-5.958252,-8.230362
2019-04-08 17:08:08,285121,-0.22953796,-6.5005493,-7.9275055
2019-04-08 17:08:08,285142,-0.15771484,-6.222824,-8.028061
2019-04-08 17:08:08,285162,-0.8508301,-5.700882,-8.138199
2019-04-08 17:08:08,285181,-1.1728516,-5.2687225,-8.380005
2019-04-08 17:08:08,285201,-1.5403595,-5.017334,-9.816528
2019-04-08 17:08:08,285222,-0.97055054,-5.0903625,-10.399521
2019-04-08 17:08:08,285241,-0.2642517,-6.6908875,-9.417892
2019-04-08 17:08:08,285262,-1.783371,-5.875656,-10.355225
2019-04-08 17:08:08,285281,-1.6385193,-4.471466,-10.336075
2019-04-08 17:08:08,285302,-1.2961578,-4.7096863,-9.960175
2019-04-08 17:08:08,285321,-1.3536224,-5.9642487,-8.183685
2019-04-08 17:08:08,285342,-1.5643005,-4.6641846,-8.450638
2019-04-08 17:08:08,285361,-2.4896698,-1.2201385,-8.318954
2019-04-08 17:08:08,285382,-2.870346,-0.6455231,-9.324524
2019-04-08 17:08:08,285402,-1.3308716,-3.3904724,-8.836105
2019-04-08 17:08:08,285421,-0.26545715,-4.4570923,-8.020874
2019-04-08 17:08:08,285442,-1.7845764,-2.0138092,-7.7886353
2019-04-08 17:08:08,285461,-3.9357605,-0.5605316,-8.572739
2019-04-08 17:08:08,285482,-4.017166,0.26905823,-9.793777
2019-04-08 17:08:08,285501,-1.9557648,-0.2181549,-8.909119
2019-04-08 17:08:08,285521,-1.3835449,-3.0935974,-7.953842
2019-04-08 17:08:08,285542,-3.5850067,-1.522995,-9.165298
2019-04-08 17:08:08,285561,-4.151245,0.99450684,-8.281845
2019-04-08 17:08:08,285581,-2.404663,1.7415009,-8.087921
2019-04-08 17:08:08,285601,-3.0547028,-0.4013214,-7.6557617
2019-04-08 17:08:08,285621,-1.2590485,-1.1219635,-8.511688
2019-04-08 17:08:08,285642,-3.6664124,-0.021835327,-9.15213
2019-04-08 17:08:08,285661,-4.0135803,-0.049362183,-9.086304
2019-04-08 17:08:08,285681,-2.961319,-0.23731995,-10.373184
2019-04-08 17:08:08,285702,-2.308899,-1.1111908,-8.51767
2019-04-08 17:08:08,285721,-2.3855133,-0.3953247,-6.111496
2019-04-08 17:08:08,285741,-3.095398,1.0974579,-7.58992
2019-04-08 17:08:08,285762,-3.0211792,1.0064697,-6.8955994
2019-04-08 17:08:08,285781,-2.2586212,0.027252197,-8.623016
2019-04-08 17:08:08,285801,-1.2554474,-2.2029572,-8.782227
2019-04-08 17:08:08,285822,-1.2482758,-3.957901,-10.0308075
2019-04-08 17:08:08,285841,-2.193985,-3.3342133,-10.1098175
2019-04-08 17:08:08,285861,-2.7578125,-1.2165375,-10.029617
2019-04-08 17:08:08,285882,-1.9832916,-0.6575012,-9.040802
2019-04-08 17:08:08,285901,-1.1716614,-1.3302612,-7.440277
2019-04-08 17:08:08,285922,-0.585083,-2.4016724,-8.491333
2019-04-08 17:08:08,285941,-0.64134216,-4.1925354,-7.569565
2019-04-08 17:08:09,285961,-0.5826874,-4.471466,-8.557175
2019-04-08 17:08:09,285982,-1.367981,-3.791504,-10.843643
2019-04-08 17:08:09,286001,-0.27622986,-3.997406,-12.296921
2019-04-08 17:08:09,286021,0.19303894,-5.4542847,-9.806946
2019-04-08 17:08:09,286042,-0.42945862,-5.5141296,-7.6497803
2019-04-08 17:08:09,286061,0.11642456,-5.1214905,-6.5245056
2019-04-08 17:08:09,286082,0.51864624,-5.4590607,-6.5664062
2019-04-08 17:08:09,286102,0.84187317,-6.337738,-7.691681
2019-04-08 17:08:09,286121,0.33668518,-6.9566345,-9.5998535
2019-04-08 17:08:09,286142,0.45040894,-7.5731506,-10.411484
2019-04-08 17:08:09,286161,0.28282166,-8.620605,-11.150101
2019-04-08 17:08:09,286182,-0.5431824,-8.802567,-9.895538
2019-04-08 17:08:09,286201,-1.2482758,-7.131424,-7.3480988
2019-04-08 17:08:09,286222,0.069732666,-6.2802734,-6.0803833
2019-04-08 17:08:09,286241,0.57969666,-6.7160187,-6.2312164
2019-04-08 17:08:09,286262,-0.31932068,-7.6832733,-6.835739
2019-04-08 17:08:09,286281,-1.0387726,-8.16452,-7.90596
2019-04-08 17:08:09,286302,-0.6628876,-8.204025,-8.6397705
2019-04-08 17:08:09,286321,0.0014953613,-9.041992,-9.905121
2019-04-08 17:08:09,286342,-0.4019165,-9.317322,-10.733505
2019-04-08 17:08:09,286361,0.0050964355,-10.643707,-10.026016
2019-04-08 17:08:09,286381,0.1403656,-10.977707,-8.704422
2019-04-08 17:08:09,286402,-1.2243347,-6.4430847,-6.151001
2019-04-08 17:08:09,286421,-0.6772461,-4.9490967,-4.6498413
2019-04-08 17:08:09,286441,-0.11581421,-6.5412445,-5.6542053
2019-04-08 17:08:09,286462,-0.8412628,-8.257889,-8.007706
2019-04-08 17:08:09,286481,-1.6301422,-8.654129,-9.82251
2019-04-08 17:08:09,286502,-1.4170685,-7.6605377,-8.669708
2019-04-08 17:08:09,286521,0.34985352,-8.272247,-6.909973
2019-04-08 17:08:09,286541,0.81433105,-9.103043,-6.0109406
2019-04-08 17:08:09,286562,-0.34924316,-7.9598083,-7.0296783
2019-04-08 17:08:09,286581,-1.0148315,-7.0811462,-7.993347
2019-04-08 17:08:09,286601,-1.079483,-7.1505737,-9.008484
2019-04-08 17:08:09,286622,-0.41149902,-8.251907,-10.057144
2019-04-08 17:08:09,286641,-1.1644745,-7.6784973,-9.794983
2019-04-08 17:08:09,286661,-1.6181793,-5.994171,-8.1645355
2019-04-08 17:08:09,286682,-1.4110718,-4.6917267,-7.6545563
2019-04-08 17:08:09,286701,-0.47853088,-6.772293,-8.794205
2019-04-08 17:08:09,286722,-0.0056762695,-8.34288,-9.955399
2019-04-08 17:08:09,286741,-0.28819275,-6.87883,-9.765045
2019-04-08 17:08:09,286761,-0.102645874,-4.435547,-7.9442596
2019-04-08 17:08:09,286782,0.18945312,-4.634262,-7.0739746
2019-04-08 17:08:09,286801,-0.174469,-6.1258545,-8.202835
2019-04-08 17:08:09,286821,-1.0627136,-5.6482086,-8.667313
2019-04-08 17:08:09,286842,-2.170044,-4.238022,-8.828918
2019-04-08 17:08:09,286861,-1.7175293,-3.7232666,-10.249878
2019-04-08 17:08:09,286882,-1.1668701,-3.9279785,-11.932999
2019-04-08 17:08:09,286901,-0.82569885,-3.8812866,-10.891525
2019-04-08 17:08:09,286921,-0.67845154,-2.9571228,-9.572327
2019-04-08 17:08:09,286941,-0.466568,-3.2444305,-9.141357
2019-04-08 17:08:10,286962,-0.6078186,-4.306259,-8.6744995
2019-04-08 17:08:10,286982,-1.8097076,-3.6478577,-9.051575
2019-04-08 17:08:10,287001,-2.8930817,-1.6666565,-8.818146
2019-04-08 17:08:10,287022,-3.277359,-0.9304352,-10.024826
2019-04-08 17:08:10,287041,-2.861969,-1.6187744,-10.0308075
2019-04-08 17:08:10,287062,-2.4106598,-3.9160004,-9.524429
2019-04-08 17:08:10,287081,-2.3136902,-3.2851257,-8.02327
2019-04-08 17:08:10,287102,-4.709091,0.698822,-8.139389
2019-04-08 17:08:10,287121,-3.6041718,9.1552734E-4,-6.7687073
2019-04-08 17:08:10,287141,-2.7733765,0.13618469,-7.725189
2019-04-08 17:08:10,287162,-2.4561462,1.6110077,-7.1637573
2019-04-08 17:08:10,287181,-2.8775177,1.3141327,-8.427887
2019-04-08 17:08:10,287202,-2.2909393,1.0950623,-8.89595
2019-04-08 17:08:10,287221,-0.8496399,-0.6287689,-8.266281
2019-04-08 17:08:10,287241,-3.0439148,-1.6463013,-8.509293
2019-04-08 17:08:10,287262,-3.960907,-0.266037,-6.68132
2019-04-08 17:08:10,287281,-3.1265259,0.8735962,-8.196854
2019-04-08 17:08:10,287302,-1.2458801,0.5036926,-7.039261
2019-04-08 17:08:10,287321,-2.3699493,0.0068969727,-7.301422
2019-04-08 17:08:10,287341,-2.4741058,-0.24090576,-9.097076
2019-04-08 17:08:10,287362,-2.083847,-0.38934326,-9.674072
2019-04-08 17:08:10,287381,-1.3260803,-2.2723846,-9.513657
2019-04-08 17:08:10,287401,-1.7606354,-3.1247253,-9.500488
2019-04-08 17:08:10,287422,-2.9122467,-1.6139832,-9.535202
2019-04-08 17:08:10,287441,-2.7183075,-1.0214081,-9.100662
2019-04-08 17:08:10,287461,-1.783371,-2.7548218,-7.3540955
2019-04-08 17:08:10,287482,-1.2327118,-3.7855225,-7.5216827
2019-04-08 17:08:10,287501,-0.8173218,-3.2755585,-9.58548
2019-04-08 17:08:10,287521,0.4156952,-4.1290894,-11.399094
2019-04-08 17:08:10,287542,0.77124023,-5.15979,-8.433884
2019-04-08 17:08:10,287561,-1.1716614,-4.380478,-8.160934
2019-04-08 17:08:10,287581,-1.2386932,-3.9782562,-7.2403717
2019-04-08 17:08:10,287601,0.064941406,-4.8605194,-7.483383
2019-04-08 17:08:10,287621,1.8282776,-6.7399597,-10.064331
2019-04-08 17:08:10,287642,1.0477753,-8.751099,-10.747879
2019-04-08 17:08:10,287661,-0.16848755,-8.858841,-10.644928
2019-04-08 17:08:10,287681,-0.36480713,-7.395981,-8.899551
2019-04-08 17:08:10,287702,-0.8137207,-6.961426,-7.842514
2019-04-08 17:08:10,287721,-1.0447693,-6.902771,-7.143402
2019-04-08 17:08:10,287742,0.16789246,-8.266266,-7.7611084
2019-04-08 17:08:10,287761,0.6539154,-8.494919,-7.533661
2019-04-08 17:08:10,287782,0.25050354,-7.603073,-7.269104
2019-04-08 17:08:10,287803,0.110443115,-7.2367554,-7.8880005
2019-04-08 17:08:10,287821,-0.4988861,-7.29303,-8.365646
2019-04-08 17:08:10,287842,-0.5970459,-7.3229523,-8.399155
2019-04-08 17:08:10,287862,-0.510849,-9.161697,-8.916306
2019-04-08 17:08:10,287881,-0.7837982,-9.326904,-9.478943
2019-04-08 17:08:10,287902,-0.9394226,-8.549988,-8.861237
2019-04-08 17:08:10,287921,-0.38157654,-8.186066,-7.6162567
2019-04-08 17:08:10,287942,-0.64134216,-7.7036285,-7.691681
2019-04-08 17:08:11,287961,-0.8113251,-8.522446,-8.136993
2019-04-08 17:08:11,287981,0.5162506,-10.045166,-8.3824005
2019-04-08 17:08:11,288002,-1.1022186,-8.779831,-9.15213
2019-04-08 17:08:11,288021,-1.9545593,-6.6011047,-7.3026123
2019-04-08 17:08:11,288041,-1.0531464,-5.953476,-5.609909
2019-04-08 17:08:11,288061,-0.34805298,-7.332535,-6.004959
2019-04-08 17:08:11,288082,-1.1991882,-6.7890472,-7.502533
2019-04-08 17:08:11,288101,-1.4541779,-5.75235,-8.24115
2019-04-08 17:08:11,288121,-0.7143707,-6.664551,-8.300995
2019-04-08 17:08:11,288142,-1.3500214,-7.088318,-8.646957
2019-04-08 17:08:11,288161,-1.4445953,-7.7180023,-9.176086
2019-04-08 17:08:11,288181,-0.42945862,-8.803772,-9.413101
2019-04-08 17:08:11,288202,-0.14334106,-8.834885,-9.978134
2019-04-08 17:08:11,288221,-0.4234619,-7.9179077,-9.8129425
2019-04-08 17:08:11,288241,-0.8891449,-7.0236816,-9.414307
2019-04-08 17:08:11,288262,-1.3117218,-6.104309,-9.421478
2019-04-08 17:08:11,288281,-0.94540405,-6.009735,-8.772659
2019-04-08 17:08:11,288301,-1.3308716,-5.518921,-8.365646
2019-04-08 17:08:11,288322,-1.5774689,-4.253586,-7.782654
2019-04-08 17:08:11,288341,-0.91667175,-4.561249,-8.399155
2019-04-08 17:08:11,288361,-1.0722961,-5.6278534,-9.116226
2019-04-08 17:08:11,288382,-1.194397,-5.4375153,-9.425079
2019-04-08 17:08:11,288401,-0.921463,-5.2172546,-8.881592
2019-04-08 17:08:11,288421,-1.7414703,-4.1781616,-8.8528595
2019-04-08 17:08:11,288442,-2.257431,-2.906845,-9.572327
2019-04-08 17:08:11,288461,-2.700348,-2.3861084,-9.816528
2019-04-08 17:08:11,288481,-2.7566223,-4.084793,-10.225937
2019-04-08 17:08:11,288502,-1.901886,-4.368515,-8.776245
2019-04-08 17:08:11,288522,-2.6201477,-2.7344666,-8.91391
2019-04-08 17:08:11,288542,-2.8248596,-1.4092712,-8.573944
2019-04-08 17:08:11,288561,-3.273758,-0.47314453,-7.803009
2019-04-08 17:08:11,288581,-3.2558136,-1.4463806,-7.2044525
2019-04-08 17:08:11,288602,-3.1229248,-1.0860596,-7.1529846
2019-04-08 17:08:11,288622,-3.3384094,0.5156708,-6.6477966
2019-04-08 17:08:11,288641,-3.1289215,0.83529663,-7.17572
2019-04-08 17:08:11,288662,-2.657257,1.1309662,-7.6581573
2019-04-08 17:08:11,288681,-2.2059479,0.07034302,-7.759903
2019-04-08 17:08:11,288702,-2.1592712,0.47496033,-7.5216827
2019-04-08 17:08:11,288721,-2.7159119,0.64016724,-7.9861603
2019-04-08 17:08:11,288742,-2.013214,0.204422,-8.324936
2019-04-08 17:08:11,288761,-3.541916,-0.20498657,-8.700836
2019-04-08 17:08:11,288782,-3.1995392,-1.0704956,-9.674072
2019-04-08 17:08:11,288801,-2.2861633,-2.1167603,-10.192413
2019-04-08 17:08:11,288822,-1.8420258,-2.3238525,-9.220367
2019-04-08 17:08:11,288841,-3.0738525,-1.2273102,-8.262695
2019-04-08 17:08:11,288862,-2.8835144,-0.6167908,-7.877228
2019-04-08 17:08:11,288881,-2.0180054,-1.0190125,-7.676117
2019-04-08 17:08:11,288901,-2.3507996,-1.2524567,-8.1453705
2019-04-08 17:08:11,288922,-0.41149902,-2.4615326,-7.3480988
2019-04-08 17:08:11,288941,-0.55874634,-2.8733368,-7.526474
2019-04-08 17:08:12,288961,-1.4410095,-3.4491272,-9.504089
2019-04-08 17:08:12,288982,-0.253479,-3.6957397,-9.736328
2019-04-08 17:08:12,289001,-0.100250244,-3.9196014,-8.3022
2019-04-08 17:08:12,289021,-0.02482605,-4.397232,-8.521271
2019-04-08 17:08:12,289041,-0.5599365,-5.4016113,-8.646957
2019-04-08 17:08:12,289062,-1.3057251,-7.2212067,-9.519653
2019-04-08 17:08:12,289081,-1.134552,-7.1230316,-9.986511
2019-04-08 17:08:12,289101,-0.51564026,-6.396393,-8.722382
2019-04-08 17:08:12,289122,0.39056396,-7.6569366,-9.038406
2019-04-08 17:08:12,289141,-0.5994415,-8.67688,-9.0108795
2019-04-08 17:08:12,289161,-1.1417236,-8.516464,-8.539215
2019-04-08 17:08:12,289182,-0.8412628,-8.2686615,-8.1058655
2019-04-08 17:08:12,289201,-0.6760559,-8.272247,-8.38121
2019-04-08 17:08:12,289221,-1.3691711,-7.7072296,-8.135803
2019-04-08 17:08:12,289242,-0.9430084,-7.0907135,-7.471405
2019-04-08 17:08:12,289261,-0.63175964,-6.2443695,-7.088333
2019-04-08 17:08:12,289282,-1.5990143,-5.704468,-6.833359
2019-04-08 17:08:12,289301,-0.97055054,-7.3313293,-7.440277
2019-04-08 17:08:12,289321,0.21937561,-8.918686,-8.919907
2019-04-08 17:08:12,289342,0.13917542,-9.267044,-10.000885
2019-04-08 17:08:12,289361,0.14874268,-10.149307,-10.804138
2019-04-08 17:08:12,289382,0.081710815,-11.172836,-10.750259
2019-04-08 17:08:12,289401,-0.7670288,-10.009247,-8.749908
2019-04-08 17:08:12,289422,-0.81970215,-7.400772,-5.703293
2019-04-08 17:08:12,289442,-0.55274963,-6.002548,-4.96109
2019-04-08 17:08:12,289461,-1.5762787,-6.5496216,-6.119873
2019-04-08 17:08:12,289482,-0.7407074,-7.4462585,-7.7850494
2019-04-08 17:08:12,289501,-0.21278381,-7.4869537,-9.489716
2019-04-08 17:08:12,289521,-0.02482605,-7.826935,-9.413101
2019-04-08 17:08:12,289542,-0.32769775,-7.393585,-8.170517
2019-04-08 17:08:12,289561,-0.63056946,-7.1924744,-7.1853027
2019-04-08 17:08:12,289582,-0.85801697,-7.2571106,-7.3540955
2019-04-08 17:08:12,289601,-1.3943176,-7.5061035,-8.374023
2019-04-08 17:08:12,289621,-1.5379639,-7.5132904,-9.690826
2019-04-08 17:08:12,289642,-0.6461334,-7.6006775,-10.002075
2019-04-08 17:08:12,289661,-0.4701538,-6.7854614,-9.938629
2019-04-08 17:08:12,289681,-0.90231323,-6.037262,-8.784622
2019-04-08 17:08:12,289701,-0.684433,-6.154587,-8.453033
2019-04-08 17:08:12,289721,-0.976532,-6.602295,-9.109039
2019-04-08 17:08:12,289742,-1.0722961,-6.2048645,-8.705612
2019-04-08 17:08:12,289761,-1.3045349,-5.4614563,-8.104675
2019-04-08 17:08:12,289781,-1.807312,-4.7431946,-9.499298
2019-04-08 17:08:12,289802,-1.2351074,-4.7826996,-9.836884
2019-04-08 17:08:12,289821,-1.0184326,-4.546875,-8.83371
2019-04-08 17:08:12,289841,-1.3105164,-4.5492706,-8.886383
2019-04-08 17:08:12,289862,-2.07547,-4.060852,-8.845673
2019-04-08 17:08:12,289881,-2.7326813,-2.5165863,-9.342468
2019-04-08 17:08:12,289902,-3.3360138,-1.1602783,-10.225937
2019-04-08 17:08:12,289921,-2.8883057,-1.522995,-9.919479
2019-04-08 17:08:12,289941,-1.9282227,-3.9004364,-8.803787
2019-04-08 17:08:13,289962,-2.8212585,-2.9678955,-9.253891
2019-04-08 17:08:13,289981,-4.4050293,-1.6355286,-8.515274
2019-04-08 17:08:13,290001,-4.475647,-1.2572479,-8.327332
2019-04-08 17:08:13,290022,-3.486847,-0.81192017,-6.4407043
2019-04-08 17:08:13,290041,-1.9689178,-0.42765808,-6.6477966
2019-04-08 17:08:13,290061,-2.600998,1.169281,-7.190094
2019-04-08 17:08:13,290082,-2.1341248,1.4362335,-6.391617
2019-04-08 17:08:13,290101,-1.83844,2.1233673,-6.637024
2019-04-08 17:08:13,290121,-2.0036469,1.5786896,-7.708435
2019-04-08 17:08:13,290142,-1.9605408,-0.53060913,-8.098694
2019-04-08 17:08:13,290162,-2.2705994,-0.78079224,-8.256699
2019-04-08 17:08:13,290182,-5.2406006,-0.4527893,-9.239532
2019-04-08 17:08:13,290201,-3.9501343,-1.0333862,-8.803787
2019-04-08 17:08:13,290222,-1.9557648,-0.5138397,-8.097488
2019-04-08 17:08:13,290241,-1.723526,0.17208862,-6.5999146
2019-04-08 17:08:13,290262,-2.0922241,0.10386658,-6.9638367
2019-04-08 17:08:13,290282,-1.8887177,-1.0333862,-9.122208
2019-04-08 17:08:13,290301,-0.76464844,-3.7304535,-10.462967
2019-04-08 17:08:13,290322,-0.88435364,-5.024521,-10.477325
2019-04-08 17:08:13,290341,-1.376358,-4.385269,-9.3077545
2019-04-08 17:08:13,290362,-2.2239075,-3.0110016,-9.488525
2019-04-08 17:08:13,290381,-2.8164673,-3.2468262,-8.1058655
2019-04-08 17:08:13,290402,-2.2131348,-4.020157,-6.886032
2019-04-08 17:08:13,290421,-0.427063,-4.357727,-7.009323
2019-04-08 17:08:13,290441,1.1531067,-5.182541,-7.1793213
2019-04-08 17:08:13,290462,0.18824768,-6.439499,-8.921097
2019-04-08 17:08:13,290481,-0.37557983,-7.11705,-10.701187
2019-04-08 17:08:13,290502,-0.22235107,-7.635391,-9.775833
2019-04-08 17:08:13,290521,-1.1261597,-7.9753723,-9.879974
2019-04-08 17:08:13,290542,-1.4481812,-8.454208,-9.498093
2019-04-08 17:08:13,290561,-1.0052643,-8.108246,-7.313385
2019-04-08 17:08:13,290581,-0.89512634,-8.414703,-8.5164795
2019-04-08 17:08:13,290602,1.394928,-11.575058,-10.847229
2019-04-08 17:08:13,290621,0.08529663,-11.406265,-9.875183
2019-04-08 17:08:13,290641,-1.4661407,-7.507309,-6.3425446
2019-04-08 17:08:13,290662,-1.9844818,-5.147827,-6.020523
2019-04-08 17:08:13,290681,-1.2159424,-5.9917755,-7.1182556
2019-04-08 17:08:13,290701,-0.18284607,-7.6389923,-7.684494
2019-04-08 17:08:13,290722,-0.23912048,-7.673706,-8.5559845
2019-04-08 17:08:13,290741,-0.24989319,-7.4462585,-8.500916
2019-04-08 17:08:13,290761,-0.052368164,-7.931076,-8.775055
2019-04-08 17:08:13,290782,-0.7442932,-7.5611725,-8.966583
2019-04-08 17:08:13,290801,-0.45698547,-8.078323,-8.235153
2019-04-08 17:08:13,290821,-0.124191284,-8.974945,-7.1960754
2019-04-08 17:08:13,290842,-0.74668884,-8.265076,-7.327759
2019-04-08 17:08:13,290861,-0.4893036,-8.753494,-7.9921417
2019-04-08 17:08:13,290881,-0.73950195,-9.3520355,-8.445847
2019-04-08 17:08:13,290902,-1.6852112,-8.204025,-8.843292
2019-04-08 17:08:13,290921,-0.39712524,-7.883194,-9.062347
2019-04-08 17:08:13,290941,0.74609375,-7.895172,-9.243118
2019-04-08 17:08:14,290962,-1.0639191,-6.0240936,-7.8532867
2019-04-08 17:08:14,290981,-1.4421997,-5.2495728,-6.489792
2019-04-08 17:08:14,291002,-0.747879,-5.89122,-7.126648
2019-04-08 17:08:14,291021,-0.32411194,-6.3628845,-8.860046
2019-04-08 17:08:14,291042,-0.31932068,-6.526886,-10.162491
2019-04-08 17:08:14,291061,-0.042785645,-6.5496216,-9.833282
2019-04-08 17:08:14,291082,-0.061950684,-7.6329956,-10.841248
2019-04-08 17:08:14,291102,-0.8280945,-8.111847,-10.265442
2019-04-08 17:08:14,291121,-1.7223206,-6.2204285,-9.745895
2019-04-08 17:08:14,291142,-1.7067566,-5.1418304,-9.967361
2019-04-08 17:08:14,291161,-1.3464355,-5.168167,-9.250305
2019-04-08 17:08:14,291182,-1.5619049,-5.0664215,-10.775406
2019-04-08 17:08:14,291201,-0.8628082,-4.962265,-9.378387
2019-04-08 17:08:14,291222,-0.6365509,-5.5763855,-8.494934
2019-04-08 17:08:14,291241,-1.154892,-4.352951,-8.551193
2019-04-08 17:08:14,291262,-2.1568756,-2.558487,-8.138199
2019-04-08 17:08:14,291281,-3.6580353,-2.0856323,-8.311768
2019-04-08 17:08:14,291301,-3.7047272,-2.0042267,-7.902359
2019-04-08 17:08:14,291322,-3.0738525,-1.5900421,-8.676895
2019-04-08 17:08:14,291341,-3.088211,-0.58088684,-8.297409
2019-04-08 17:08:14,291361,-2.8499908,-0.2540741,-7.064392
2019-04-08 17:08:14,291382,-2.2406616,-0.7053833,-7.882019
2019-04-08 17:08:14,291401,-2.6847992,-0.34744263,-7.883209
2019-04-08 17:08:14,291422,-3.3455963,-0.5222168,-8.06636
2019-04-08 17:08:14,291441,-2.5830383,0.29180908,-8.236359
2019-04-08 17:08:14,291461,-2.7135162,2.3580017,-7.2523346
2019-04-08 17:08:14,291482,-2.0634918,0.76345825,-6.189316
2019-04-08 17:08:14,291501,-1.7690125,-0.3725891,-6.4957733
2019-04-08 17:08:14,291521,-4.162018,-0.019439697,-7.0308685
2019-04-08 17:08:14,291542,-3.7035217,-0.53060913,-8.120239
2019-04-08 17:08:14,291561,-1.9066772,-0.13076782,-7.885605
2019-04-08 17:08:14,291581,-2.2981262,0.16131592,-8.621826
2019-04-08 17:08:14,291602,-1.4386139,-1.7803802,-9.98053
2019-04-08 17:08:14,291621,-1.0232086,-3.6382751,-9.557953
2019-04-08 17:08:14,291641,-1.620575,-2.7296753,-8.109467
2019-04-08 17:08:14,291662,-3.5957794,-1.2237244,-8.716385
2019-04-08 17:08:14,291681,-2.6668396,0.09428406,-8.712799
2019-04-08 17:08:14,291701,0.09248352,-1.6343231,-7.1805115
2019-04-08 17:08:14,291722,-0.6114197,-6.0635986,-9.866806
2019-04-08 17:08:14,291741,-1.0639191,-7.397171,-9.526825
2019-04-08 17:08:14,291761,-1.4146729,-5.4614563,-7.569565
2019-04-08 17:08:14,291782,-2.3340454,-3.5233612,-8.644562
2019-04-08 17:08:14,291801,-1.5128326,-3.7113037,-8.414719
2019-04-08 17:08:14,291822,-1.0387726,-4.2835083,-7.0608063
2019-04-08 17:08:14,291842,1.0046692,-6.6130676,-8.052002
2019-04-08 17:08:14,291861,-0.04399109,-8.269867,-8.872009
2019-04-08 17:08:14,291882,-0.91667175,-8.808548,-10.813705
2019-04-08 17:08:14,291901,0.1116333,-8.901932,-10.9908905
2019-04-08 17:08:14,291922,-0.28460693,-8.709198,-9.62619
2019-04-08 17:08:14,291941,-0.62098694,-8.782227,-8.188477
2019-04-08 17:08:15,291962,-1.1273651,-8.633774,-7.8712463
2019-04-08 17:08:15,291981,-1.589447,-7.8580627,-7.3301544
2019-04-08 17:08:15,292002,-1.704361,-7.1924744,-6.996155
2019-04-08 17:08:15,292021,0.22895813,-8.99411,-8.107071
2019-04-08 17:08:15,292042,1.0525513,-10.878342,-10.903488
2019-04-08 17:08:15,292061,-0.3624115,-9.174866,-10.043976
2019-04-08 17:08:15,292081,-1.3380585,-5.626663,-6.696884
2019-04-08 17:08:15,292101,-1.1213837,-5.143036,-5.253174
2019-04-08 17:08:15,292121,-1.965332,-6.0085297,-6.1641693
2019-04-08 17:08:15,292142,-0.63056946,-8.6792755,-7.8880005
2019-04-08 17:08:15,292161,0.8885498,-12.238251,-12.454941
2019-04-08 17:08:15,292181,-0.7837982,-11.187195,-12.955322
2019-04-08 17:08:15,292202,-1.0375824,-7.744339,-7.158966
2019-04-08 17:08:15,292221,-0.39474487,-6.967407,-5.964264
2019-04-08 17:08:15,292242,-0.09187317,-7.3085938,-5.9391174
2019-04-08 17:08:15,292261,-0.5288086,-7.234375,-6.336563
2019-04-08 17:08:15,292281,-1.9378052,-6.8740387,-8.7582855
2019-04-08 17:08:15,292302,-0.8568115,-7.70842,-9.24791
2019-04-08 17:08:15,292321,0.60842896,-7.2918243,-8.24234
2019-04-08 17:08:15,292341,0.1116333,-6.710037,-8.195648
2019-04-08 17:08:15,292362,-0.4809265,-7.03685,-9.511261
2019-04-08 17:08:15,292381,-1.1513062,-8.108246,-10.491699
2019-04-08 17:08:15,292402,-1.8839264,-8.24472,-10.513245
2019-04-08 17:08:15,292421,-1.273407,-7.4462585,-10.518036
2019-04-08 17:08:15,292441,-0.69999695,-6.713623,-9.938629
2019-04-08 17:08:15,292461,-0.50367737,-6.159378,-9.146149
2019-04-08 17:08:15,292482,-1.3883362,-6.4658356,-10.579086
2019-04-08 17:08:15,292501,-2.0455322,-6.811798,-10.307343
2019-04-08 17:08:15,292521,0.64793396,-7.5121,-5.7703247
2019-04-08 17:08:15,292542,0.3869629,-6.376053,-2.8482056
2019-04-08 17:08:15,292561,-7.044632,3.1049957,-8.885178
2019-04-08 17:08:15,292581,-4.3355865,-0.060134888,-12.6440735
2019-04-08 17:08:15,292602,0.6539154,-7.807785,-7.8089905
2019-04-08 17:08:15,292621,1.1555023,-6.4670258,-9.4813385
2019-04-08 17:08:15,292641,-1.2458801,1.5715027,-7.1996613
2019-04-08 17:08:15,292662,-3.622116,-0.1164093,-8.618225
2019-04-08 17:08:15,292682,-5.69191,0.2654724,-13.374313
2019-04-08 17:08:15,292701,-0.7670288,-2.9367828,-8.025665
2019-04-08 17:08:15,292721,-1.5595093,-4.036911,-7.3062134
2019-04-08 17:08:15,292742,-4.648041,0.16012573,-6.0815735
2019-04-08 17:08:15,292762,-5.4177704,2.5579224,-6.468231
2019-04-08 17:08:15,292781,-3.495224,3.3791351,-5.5919647
2019-04-08 17:08:15,292802,-1.3164978,1.0962524,-6.6537933
2019-04-08 17:08:15,292821,-0.8125305,-2.5417328,-8.652939
2019-04-08 17:08:15,292842,-2.0072327,-1.3302612,-6.7423706
2019-04-08 17:08:15,292861,-5.126877,0.6377716,-7.9526367
2019-04-08 17:08:15,292882,-4.2673645,2.1125946,-10.194809
2019-04-08 17:08:15,292901,-0.6736603,-0.3151245,-8.724777
2019-04-08 17:08:15,292922,-0.802948,-3.1223297,-7.8640594
2019-04-08 17:08:15,292941,-2.616562,-3.700531,-7.735962
2019-04-08 17:08:16,292961,-4.496002,-1.8258667,-8.308182
2019-04-08 17:08:16,292981,-4.8419647,2.5591125,-9.332901
2019-04-08 17:08:16,293002,1.1638947,1.3763733,-4.5085754
2019-04-08 17:08:16,293021,1.6068115,-2.5728607,-4.5073853
2019-04-08 17:08:16,293041,-2.178421,-4.594757,-7.842514
2019-04-08 17:08:16,293061,-0.06074524,-2.6243286,-6.8596954
2019-04-08 17:08:16,293082,-1.0244141,-2.5764465,-7.783844
2019-04-08 17:08:16,293101,-2.779358,-2.7775574,-10.459366
2019-04-08 17:08:16,293121,-1.4697418,-3.53891,-9.336487
2019-04-08 17:08:16,293141,-1.4350128,-3.5329285,-7.1003113
2019-04-08 17:08:16,293162,-2.4848785,-2.9702911,-7.964615
2019-04-08 17:08:16,293181,-0.7347107,-3.9531097,-8.304596
2019-04-08 17:08:16,293201,-0.08947754,-7.277466,-8.007706
2019-04-08 17:08:16,293222,-2.035965,-7.306198,-9.820114
2019-04-08 17:08:16,293241,-1.2805939,-6.334152,-10.020035
2019-04-08 17:08:16,293261,-1.1704559,-6.396393,-9.914688
2019-04-08 17:08:16,293282,0.29240417,-8.656525,-9.954193
2019-04-08 17:08:16,293301,-0.3911438,-10.049942,-9.879974
2019-04-08 17:08:16,293321,-1.3045349,-7.1493683,-7.167343
2019-04-08 17:08:16,293342,-0.16130066,-6.332947,-6.783081
2019-04-08 17:08:16,293361,-0.7442932,-8.6792755,-9.171295
2019-04-08 17:08:16,293381,-0.8903351,-10.399506,-11.321289
2019-04-08 17:08:16,293402,-0.52163696,-9.906296,-11.273407
2019-04-08 17:08:16,293421,1.0908661,-8.611038,-8.699631
2019-04-08 17:08:16,293441,2.2341003,-7.9250946,-7.9718018
2019-04-08 17:08:16,293462,-1.7893677,-5.6003265,-7.6318207
2019-04-08 17:08:16,293481,-2.1987762,-5.175354,-5.281906
2019-04-08 17:08:16,293502,1.0836792,-8.071136,-5.4614716
2019-04-08 17:08:16,293522,1.3386688,-10.502457,-11.139328
2019-04-08 17:08:16,293541,-0.13616943,-11.1465,-15.732605
2019-04-08 17:08:16,293562,-1.4050903,-10.631744,-12.363953
2019-04-08 17:08:16,293581,-1.6816254,-8.848053,-5.997772
2019-04-08 17:08:16,293602,-1.4015045,-6.329361,-3.6227264
2019-04-08 17:08:16,293621,-0.59465027,-7.4390717,-5.673355
2019-04-08 17:08:16,293642,-0.664093,-9.337677,-9.459793
2019-04-08 17:08:16,293661,-0.61260986,-9.748276,-10.726318
2019-04-08 17:08:16,293682,-0.6401367,-8.43985,-8.482956
2019-04-08 17:08:16,293701,-0.80055237,-5.471039,-5.0891724
2019-04-08 17:08:16,293722,-2.3867188,-3.10437,-5.2232513
2019-04-08 17:08:16,293741,-2.577057,-4.3026733,-7.858078
2019-04-08 17:08:16,293761,-0.24989319,-8.703217,-11.067505
2019-04-08 17:08:16,293782,-1.2243347,-8.008896,-12.354385
2019-04-08 17:08:16,293801,-1.5966339,-4.657013,-10.71196
2019-04-08 17:08:16,293821,-0.12898254,-4.17218,-8.929474
2019-04-08 17:08:16,293841,-0.5252228,-7.1302185,-10.152908
2019-04-08 17:08:16,293862,-1.1776428,-7.3528748,-10.569504
2019-04-08 17:08:16,293881,-1.2865753,-7.005722,-8.667313
2019-04-08 17:08:16,293901,-1.7450714,-6.282669,-8.554779
2019-04-08 17:08:16,293921,-1.8540039,-5.1968994,-9.760269
2019-04-08 17:08:16,293942,-1.312912,-4.135071,-8.092697
2019-04-08 17:08:17,293961,-0.98132324,-3.9148102,-9.09108
2019-04-08 17:08:17,293981,-2.1173706,-2.0150146,-9.862015
2019-04-08 17:08:17,294001,-2.4489594,-3.3282318,-7.7658997
2019-04-08 17:08:17,294022,-2.1006012,-3.0361328,-8.89595
2019-04-08 17:08:17,294041,-2.680008,-0.10443115,-9.300583
2019-04-08 17:08:17,294061,-3.1648254,-2.0868378,-7.4450684
2019-04-08 17:08:17,294082,-3.2318726,-1.3721619,-6.728012
2019-04-08 17:08:17,294101,-3.0690613,0.84606934,-6.2192383
2019-04-08 17:08:17,294121,-3.2390442,-0.21456909,-7.6437836
2019-04-08 17:08:17,294142,-3.4964294,0.65093994,-7.277481
2019-04-08 17:08:17,294161,-3.0475159,1.7762146,-8.432678
2019-04-08 17:08:17,294181,-1.9378052,0.27624512,-9.846451
2019-04-08 17:08:17,294202,-0.6832428,-1.5505371,-7.3828278
2019-04-08 17:08:17,294221,-4.6827545,-0.3725891,-6.799835
2019-04-08 17:08:17,294241,-5.6907043,1.7857819,-8.849274
2019-04-08 17:08:17,294262,-0.124191284,-0.75805664,-6.52211
2019-04-08 17:08:17,294282,-1.5427551,-1.5960236,-6.817795
2019-04-08 17:08:17,294301,-3.6041718,0.19604492,-8.494934
2019-04-08 17:08:17,294322,-0.41149902,-1.2153473,-7.229599
2019-04-08 17:08:17,294342,-1.0459595,-2.0473328,-6.328171
2019-04-08 17:08:17,294361,-2.7961273,-0.87657166,-8.521271
2019-04-08 17:08:17,294382,-1.3823395,0.43666077,-10.034393
2019-04-08 17:08:17,294402,0.92207336,-2.2496338,-8.229172
2019-04-08 17:08:17,294421,-1.3667908,-3.93396,-9.988907
2019-04-08 17:08:17,294442,-1.9126587,-4.5097656,-12.231079
2019-04-08 17:08:17,294461,-0.49649048,-5.8732605,-10.465363
2019-04-08 17:08:17,294482,-1.6947937,-6.8680573,-8.447052
2019-04-08 17:08:17,294501,-2.5662842,-4.5923615,-7.483383
2019-04-08 17:08:17,294521,-1.7965393,-2.9020538,-8.095093
2019-04-08 17:08:17,294542,0.3247223,-4.2332306,-7.684494
2019-04-08 17:08:17,294561,0.6395569,-5.953476,-8.061584
2019-04-08 17:08:17,294581,0.54737854,-7.6485596,-9.739914
2019-04-08 17:08:17,294602,-0.87597656,-8.630188,-9.648941
2019-04-08 17:08:17,294621,-0.5132446,-7.677292,-8.99292
2019-04-08 17:08:17,294641,-0.2893982,-7.0715637,-8.311768
2019-04-08 17:08:17,294661,-0.43544006,-7.3684387,-7.4606323
2019-04-08 17:08:17,294681,0.4875183,-8.582306,-7.692871
2019-04-08 17:08:17,294701,0.37260437,-10.076279,-9.587875
2019-04-08 17:08:17,294722,-0.4486084,-10.08107,-10.682037
2019-04-08 17:08:17,294741,0.29240417,-9.483719,-9.753082
2019-04-08 17:08:17,294761,0.11882019,-8.459,-8.972565
2019-04-08 17:08:17,294782,-0.7335205,-7.6677246,-8.777451
2019-04-08 17:08:17,294801,-0.43304443,-9.024033,-7.9119415
2019-04-08 17:08:17,294821,-0.79696655,-8.215988,-7.3038177
2019-04-08 17:08:17,294842,-1.9042816,-6.160568,-6.5448456
2019-04-08 17:08:17,294861,-1.7151337,-6.0480347,-5.8409576
2019-04-08 17:08:17,294881,0.09487915,-7.756302,-6.748352
2019-04-08 17:08:17,294902,-0.002090454,-8.569138,-9.07074
2019-04-08 17:08:17,294921,-0.9406128,-9.360413,-10.981308
2019-04-08 17:08:17,294942,-1.6421204,-9.577087,-9.670486
2019-04-08 17:08:18,294961,-0.8400574,-8.606247,-7.755127
2019-04-08 17:08:18,294981,-0.13856506,-7.7263794,-7.838913
2019-04-08 17:08:18,295002,-0.105041504,-8.049591,-8.874405
2019-04-08 17:08:18,295021,-1.2303162,-6.787842,-9.092285
2019-04-08 17:08:18,295041,-0.82928467,-6.3820343,-8.81456
2019-04-08 17:08:18,295062,-0.51205444,-6.919525,-8.312973
2019-04-08 17:08:18,295081,-0.78738403,-6.5376587,-8.469788
2019-04-08 17:08:18,295102,-0.32769775,-5.6901093,-8.964188
2019-04-08 17:08:18,295121,-0.06314087,-5.1226807,-9.595062
2019-04-08 17:08:18,295142,0.18345642,-6.0384674,-9.856033
2019-04-08 17:08:18,295161,-0.14813232,-6.985367,-9.578308
2019-04-08 17:08:18,295182,-1.1824341,-6.5376587,-9.610626
2019-04-08 17:08:18,295201,-1.980896,-5.0700073,-10.213959
2019-04-08 17:08:18,295222,-1.1177826,-3.887268,-9.37001
2019-04-08 17:08:18,295241,-0.5312042,-4.0859985,-9.301773
2019-04-08 17:08:18,295262,-0.9071045,-4.9754333,-8.915115
2019-04-08 17:08:18,295281,-1.6277466,-4.309845,-8.855255
2019-04-08 17:08:18,295302,-2.9481506,-1.9826813,-9.58429
2019-04-08 17:08:18,295321,-3.1935577,-0.8574066,-8.977356
2019-04-08 17:08:18,295342,-1.3404541,-2.0497284,-6.5173187
2019-04-08 17:08:18,295361,-1.664856,-2.325058,-7.1086884
2019-04-08 17:08:18,295381,-3.0786438,0.11103821,-6.5831604
2019-04-08 17:08:18,295402,-4.0698395,2.063507,-7.7060394
2019-04-08 17:08:18,295421,-3.2366486,2.7614288,-8.310577
2019-04-08 17:08:18,295442,-1.3141174,-0.2935791,-8.318954
2019-04-08 17:08:18,295461,-1.7845764,-1.4942627,-8.071152
2019-04-08 17:08:18,295481,-3.0080109,-0.6694641,-5.87088
2019-04-08 17:08:18,295502,-4.4445343,1.6493225,-6.854904
2019-04-08 17:08:18,295521,-4.590576,2.580658,-8.921097
2019-04-08 17:08:18,295541,-0.44262695,-0.63475037,-8.467392
2019-04-08 17:08:18,295562,-1.1333466,-1.6882019,-7.8006134
2019-04-08 17:08:18,295581,-2.4369965,-1.3949127,-6.3664856
2019-04-08 17:08:18,295601,-3.1959534,-0.06253052,-5.9906006
2019-04-08 17:08:18,295622,-2.0419464,0.3241272,-7.8281403
2019-04-08 17:08:18,295641,-1.3308716,-0.94718933,-8.467392
2019-04-08 17:08:18,295662,0.30317688,-3.190567,-7.58873
2019-04-08 17:08:18,295681,-0.15292358,-3.7148895,-8.041229
2019-04-08 17:08:18,295701,-2.2119293,-2.5441284,-9.204803
2019-04-08 17:08:18,295722,-2.1197662,-2.2328796,-10.624573
2019-04-08 17:08:18,295741,-0.3731842,-4.273941,-7.9394684
2019-04-08 17:08:18,295761,-0.9178772,-5.6087036,-9.711182
2019-04-08 17:08:18,295782,-1.3799591,-6.0899353,-10.169678
2019-04-08 17:08:18,295801,-0.25946045,-6.215637,-9.391556
2019-04-08 17:08:18,295821,-0.14933777,-7.131424,-9.811737
2019-04-08 17:08:18,295842,-0.04878235,-8.346481,-9.164108
2019-04-08 17:08:18,295861,-0.10983276,-7.9909363,-7.665344
2019-04-08 17:08:18,295881,-1.3955078,-5.3082275,-5.641037
2019-04-08 17:08:18,295902,-2.0239868,-2.3154755,-6.039673
2019-04-08 17:08:18,295921,0.8694,-4.9526978,-6.9482727
2019-04-08 17:08:18,295942,2.19339,-10.8220825,-9.996094
2019-04-08 17:08:19,295961,-0.43544006,-12.533936,-13.395859
2019-04-08 17:08:19,295982,-1.6277466,-9.687225,-11.801315
2019-04-08 17:08:19,296001,-1.0447693,-10.570694,-10.6197815
2019-04-08 17:08:19,296022,0.043395996,-11.432602,-10.597031
2019-04-08 17:08:19,296041,1.1638947,-10.63414,-9.15094
2019-04-08 17:08:19,296062,0.31993103,-7.7598877,-8.611053
2019-04-08 17:08:19,296081,-1.6169739,-5.144226,-7.488159
2019-04-08 17:08:19,296102,-2.336441,-5.405197,-5.0736084
2019-04-08 17:08:19,296121,-2.2430573,-7.333725,-4.2164917
2019-04-08 17:08:19,296142,-0.6066284,-8.643356,-6.4251404
2019-04-08 17:08:19,296161,-0.5072632,-9.000092,-9.905121
2019-04-08 17:08:19,296182,-1.3177032,-6.4981537,-8.953415
2019-04-08 17:08:19,296201,-0.49169922,-6.4969482,-7.4965515
2019-04-08 17:08:19,296221,0.18226624,-8.712784,-6.9482727
2019-04-08 17:08:19,296242,-1.2434845,-8.241135,-8.500916
2019-04-08 17:08:19,296261,-0.7742157,-8.474564,-9.596268
2019-04-08 17:08:19,296281,-0.74308777,-9.375977,-11.257843
2019-04-08 17:08:19,296302,-0.5383911,-9.883545,-9.932648
2019-04-08 17:08:19,296321,-0.6150055,-8.305771,-8.068756
2019-04-08 17:08:19,296342,-1.4912872,-5.6110992,-6.961441
2019-04-08 17:08:19,296361,-1.0495453,-5.1406403,-7.6318207
2019-04-08 17:08:19,296381,-0.6952057,-5.183731,-8.729553
2019-04-08 17:08:19,296401,-0.63894653,-5.1059265,-9.464584
2019-04-08 17:08:19,296421,-0.52163696,-4.9909973,-9.355637
2019-04-08 17:08:19,296442,-0.006881714,-7.0739594,-9.670486
2019-04-08 17:08:19,296461,-0.95617676,-6.8369293,-11.91864
2019-04-08 17:08:19,296481,-1.0483551,-5.273514,-11.158478
2019-04-08 17:08:19,296501,-0.56114197,-5.6793365,-9.832092
2019-04-08 17:08:19,296522,-1.752243,-5.1406403,-8.618225
2019-04-08 17:08:19,296541,-3.3898773,-2.4639282,-8.7343445
2019-04-08 17:08:19,296561,-3.9704742,-0.83706665,-9.460983
2019-04-08 17:08:19,296582,-2.890686,-2.0940094,-8.964188
2019-04-08 17:08:19,296601,-0.5252228,-3.902832,-7.956238
2019-04-08 17:08:19,296621,-0.8209076,-3.214508,-6.578369
2019-04-08 17:08:19,296642,-2.5710602,-0.7604523,-6.2407837
2019-04-08 17:08:19,296661,-2.9158325,1.1477356,-6.0408783
2019-04-08 17:08:19,296681,-3.435379,1.9737396,-7.917923
2019-04-08 17:08:19,296702,-2.4286194,1.0124664,-6.85849
2019-04-08 17:08:19,296721,-1.4817047,-1.1004181,-8.071152
2019-04-08 17:08:19,296742,-3.0989838,-0.63594055,-8.787018
2019-04-08 17:08:19,296762,-4.6755676,0.461792,-7.9119415
2019-04-08 17:08:19,296782,-3.4234009,0.6018524,-7.646179
2019-04-08 17:08:19,296801,-1.3141174,0.2846222,-6.434723
2019-04-08 17:08:19,296821,-1.4924774,0.75268555,-6.230011
2019-04-08 17:08:19,296842,-3.6029663,1.5858765,-6.5328827
2019-04-08 17:08:19,296862,-2.4693146,0.21759033,-8.054398
2019-04-08 17:08:19,296881,-1.7690125,-1.0142365,-8.730759
2019-04-08 17:08:19,296902,-0.2606659,-2.0293732,-7.613861
2019-04-08 17:08:19,296921,-1.5403595,-3.4862518,-7.454651
2019-04-08 17:08:19,296942,-2.296936,-2.1287384,-7.4091644
2019-04-08 17:08:20,296961,-1.6852112,-1.2464752,-7.9131317
2019-04-08 17:08:20,296982,-0.8747711,-1.1399231,-8.995316
2019-04-08 17:08:20,297001,-0.064331055,-3.455124,-11.323685
2019-04-08 17:08:20,297021,1.4236603,-6.3748474,-11.387131
2019-04-08 17:08:20,297042,0.22296143,-8.210007,-10.599426
2019-04-08 17:08:20,297061,-2.2346802,-8.156128,-10.987289
2019-04-08 17:08:20,297082,-2.6859894,-6.2000732,-8.317764
2019-04-08 17:08:20,297101,-2.5315552,-4.069229,-6.9638367
2019-04-08 17:08:20,297121,-1.9270325,-4.442734,-7.1565704
2019-04-08 17:08:20,297142,0.72335815,-5.724823,-6.411972
2019-04-08 17:08:20,297161,2.126358,-7.9490356,-7.6820984
2019-04-08 17:08:20,297181,-0.44979858,-8.547592,-10.660477
2019-04-08 17:08:20,297201,-1.2398834,-8.5009,-10.780197
2019-04-08 17:08:20,297222,-0.7921753,-8.49971,-10.477325
2019-04-08 17:08:20,297241,-1.2997437,-7.1529694,-8.99292
2019-04-08 17:08:20,297261,-1.4362183,-7.618637,-8.069962
2019-04-08 17:08:20,297282,-0.25587463,-10.735886,-7.708435
2019-04-08 17:08:20,297301,0.067337036,-10.580261,-8.870819
2019-04-08 17:08:20,297321,-0.47373962,-7.5504,-8.344101
2019-04-08 17:08:20,297342,-0.6401367,-7.052414,-7.288254
2019-04-08 17:08:20,297361,0.0493927,-8.415909,-8.08313
2019-04-08 17:08:20,297381,0.1690979,-8.397949,-9.162918
2019-04-08 17:08:20,297402,-0.08468628,-7.5492096,-8.972565
2019-04-08 17:08:20,297421,-0.8137207,-7.091919,-7.981369
2019-04-08 17:08:20,297441,-1.4745178,-6.717224,-6.134247
2019-04-08 17:08:20,297462,-0.9118805,-7.571945,-5.6757507
2019-04-08 17:08:20,297481,-0.9501953,-7.68927,-6.565201
2019-04-08 17:08:20,297501,-0.76104736,-8.549988,-8.830124
2019-04-08 17:08:20,297522,-0.6269684,-9.356827,-10.448593
2019-04-08 17:08:20,297541,-0.2247467,-9.541183,-10.306137
2019-04-08 17:08:20,297561,-0.2319336,-9.095856,-9.926666
2019-04-08 17:08:20,297582,-1.1908112,-7.9717865,-8.462601
2019-04-08 17:08:20,297601,-1.9856873,-6.473007,-7.823349
2019-04-08 17:08:20,297622,-1.099823,-6.7028503,-7.9310913
2019-04-08 17:08:20,297642,0.0206604,-7.3911896,-8.99173
2019-04-08 17:08:20,297661,-0.3983307,-6.523285,-9.735123
2019-04-08 17:08:20,297682,-0.7538605,-5.7691193,-8.986938
2019-04-08 17:08:20,297701,-0.9406128,-6.842911,-9.062347
2019-04-08 17:08:20,297721,-0.66049194,-6.0504303,-9.646545
2019-04-08 17:08:20,297742,0.15353394,-4.6007385,-8.919907
2019-04-08 17:08:20,297761,-0.6437378,-4.1805573,-9.274246
2019-04-08 17:08:20,297782,-1.2003937,-5.084381,-9.542389
2019-04-08 17:08:20,297801,-1.4888916,-5.499771,-9.5998535
2019-04-08 17:08:20,297822,-2.107788,-4.2476044,-9.501694
2019-04-08 17:08:20,297841,-2.3795319,-2.8326263,-8.672104
2019-04-08 17:08:20,297861,-2.0479279,-2.6482697,-8.782227
2019-04-08 17:08:20,297882,-1.7989349,-3.2156982,-8.737946
2019-04-08 17:08:20,297901,-2.4381866,-2.7129211,-8.632599
2019-04-08 17:08:20,297921,-2.9038544,-1.3817444,-8.518875
2019-04-08 17:08:20,297942,-2.6847992,0.94662476,-7.763504
2019-04-08 17:08:21,297961,-1.9761047,-0.8250885,-6.692093
2019-04-08 17:08:21,297982,-1.7965393,-0.6191864,-6.4921722
2019-04-08 17:08:21,298001,-2.5136108,-1.8246765,-5.036499
2019-04-08 17:08:21,298021,-4.6516266,3.078659,-5.936722
2019-04-08 17:08:21,298041,-3.3432007,4.8874817,-6.379654
2019-04-08 17:08:21,298061,-1.0028687,0.28581238,-8.573944
2019-04-08 17:08:21,298081,-1.3440399,-1.3338623,-8.135803
2019-04-08 17:08:21,298101,-3.8842926,-0.72932434,-10.466553
2019-04-08 17:08:21,298122,-4.578598,-0.384552,-9.937439
2019-04-08 17:08:21,298141,-2.356781,-0.5258179,-9.165298
2019-04-08 17:08:21,298161,-1.1896057,-0.6479187,-7.597107
2019-04-08 17:08:21,298182,-1.585846,-1.1327515,-7.372055
2019-04-08 17:08:21,298201,-1.9844818,-2.1179657,-6.7938538
2019-04-08 17:08:21,298221,-2.17482,-2.0988007,-7.135025
2019-04-08 17:08:21,298242,-2.130539,-1.5313721,-7.525284
2019-04-08 17:08:21,298261,0.07572937,-2.2508392,-6.9231415
2019-04-08 17:08:21,298281,0.14755249,-2.9367828,-7.58873
2019-04-08 17:08:21,298302,-1.5643005,-2.8864899,-9.542389
2019-04-08 17:08:21,298321,-0.8125305,-3.8513641,-10.029617
2019-04-08 17:08:21,298341,-0.7191467,-5.5847626,-10.586258
2019-04-08 17:08:21,298362,-1.4673462,-7.0942993,-11.571472
2019-04-08 17:08:21,298381,-0.8233032,-8.526047,-9.917084
2019-04-08 17:08:21,298402,-0.35882568,-7.096695,-8.158539
2019-04-08 17:08:21,298421,-0.5934601,-6.1354218,-8.152557
2019-04-08 17:08:21,298442,-0.9873047,-5.535675,-7.376831
2019-04-08 17:08:21,298462,-0.26185608,-6.2240143,-7.8891907
2019-04-08 17:08:21,298481,0.35464478,-8.012482,-8.966583
2019-04-08 17:08:21,298502,-0.3911438,-9.162903,-9.579498
2019-04-08 17:08:21,298521,-1.2793884,-7.6748962,-9.404724
2019-04-08 17:08:21,298542,-1.3739624,-6.3269653,-8.752304
2019-04-08 17:08:21,298561,-0.95259094,-6.9470673,-8.06517
2019-04-08 17:08:21,298582,-0.107437134,-8.937836,-8.569153
2019-04-08 17:08:21,298601,0.29838562,-10.746658,-9.729141
2019-04-08 17:08:21,298622,-0.3408661,-10.71553,-11.165665
2019-04-08 17:08:21,298641,-0.9118805,-9.572311,-10.349243
2019-04-08 17:08:21,298662,-0.11581421,-8.99411,-8.148972
2019-04-08 17:08:21,298681,-0.095458984,-7.9179077,-6.455063
2019-04-08 17:08:21,298702,-1.1237793,-6.7459564,-5.589569
2019-04-08 17:08:21,298721,-0.99328613,-6.8345337,-6.068405
2019-04-08 17:08:21,298741,-0.67126465,-7.692856,-7.98497
2019-04-08 17:08:21,298762,-1.3021393,-7.7910156,-8.585907
2019-04-08 17:08:21,298781,-1.016037,-7.2834473,-7.111084
2019-04-08 17:08:21,298801,0.19064331,-7.3433075,-7.138611
2019-04-08 17:08:21,298821,0.16072083,-7.8616486,-8.724777
2019-04-08 17:08:21,298842,-0.7311249,-7.7503204,-9.459793
2019-04-08 17:08:21,298861,-0.668869,-7.345703,-8.268677
2019-04-08 17:08:21,298881,-0.8328705,-6.832138,-8.364441
2019-04-08 17:08:21,298901,-0.8628082,-7.538437,-9.032425
2019-04-08 17:08:21,298922,-0.8328705,-7.443863,-9.384369
2019-04-08 17:08:21,298941,-1.0052643,-6.864456,-9.549576
2019-04-08 17:08:22,298962,-0.23072815,-6.839325,-9.082703
2019-04-08 17:08:22,298981,-0.13017273,-7.0260773,-9.3233185
2019-04-08 17:08:22,299001,-2.0156097,-6.681305,-11.132141
2019-04-08 17:08:22,299022,-0.99328613,-6.5496216,-8.609848
2019-04-08 17:08:22,299041,-0.4186859,-4.0704346,-8.063965
2019-04-08 17:08:22,299061,-0.7993622,-4.4331512,-6.131851
2019-04-08 17:08:22,299082,-2.5986023,-4.174576,-7.677307
2019-04-08 17:08:22,299101,-2.5986023,-4.1853485,-10.6521
2019-04-08 17:08:22,299121,-1.707962,-4.7036896,-10.658096
2019-04-08 17:08:22,299142,-0.9322357,-4.941925,-11.243469
2019-04-08 17:08:22,299161,-1.2279205,-4.2990723,-10.288193
2019-04-08 17:08:22,299181,-2.5878296,-3.3677368,-9.498093
2019-04-08 17:08:22,299202,-3.7705688,-2.7548218,-9.069534
2019-04-08 17:08:22,299221,-3.5215607,-1.7779846,-8.553589
2019-04-08 17:08:22,299242,-2.640503,-0.71855164,-6.6741333
2019-04-08 17:08:22,299262,-2.091034,0.12660217,-6.705261
2019-04-08 17:08:22,299281,-2.9972382,2.5674896,-7.909546
2019-04-08 17:08:22,299302,-0.2714386,-3.6646118,-4.514572
2019-04-08 17:08:22,299321,-1.2279205,-2.4651184,-5.542877
2019-04-08 17:08:22,299342,-7.4767914,4.4684906,-7.2870483
2019-04-08 17:08:22,299361,-1.9461823,3.2282867,-5.831375
2019-04-08 17:08:22,299382,-2.1999664,1.4087067,-9.483734
2019-04-08 17:08:22,299401,-1.0770874,0.15293884,-8.576324
2019-04-08 17:08:22,299422,-2.23349,-1.8126984,-7.791031
2019-04-08 17:08:22,299441,-2.617752,-2.348999,-6.36528
2019-04-08 17:08:22,299462,-2.4848785,1.1309662,-8.289032
2019-04-08 17:08:22,299481,-2.8260498,1.1908264,-10.927444
2019-04-08 17:08:22,299501,-1.9330139,-3.377304,-8.250717
2019-04-08 17:08:22,299521,-0.35882568,-3.384491,-7.151779
2019-04-08 17:08:22,299541,-1.2949524,-1.6379242,-8.383591
2019-04-08 17:08:22,299562,-2.7171173,-2.080841,-8.18248
2019-04-08 17:08:22,299581,-2.027588,-3.831009,-8.089111
2019-04-08 17:08:22,299602,-1.1477203,-3.5868073,-8.24353
2019-04-08 17:08:22,299621,-0.9071045,-2.9080505,-7.7934265
2019-04-08 17:08:22,299641,-0.72753906,-3.8693237,-9.313751
2019-04-08 17:08:22,299662,-0.59825134,-5.3142242,-10.628159
2019-04-08 17:08:22,299681,-0.550354,-7.3528748,-10.02243
2019-04-08 17:08:22,299701,-1.154892,-9.003677,-10.859207
2019-04-08 17:08:22,299722,-1.6229706,-8.688843,-10.276215
2019-04-08 17:08:22,299741,-1.4254456,-6.894394,-8.317764
2019-04-08 17:08:22,299762,-0.5288086,-5.3321686,-8.025665
2019-04-08 17:08:22,299781,-0.27383423,-5.862488,-8.080734
2019-04-08 17:08:22,299801,-0.5862732,-7.9909363,-8.403946
2019-04-08 17:08:22,299822,-0.842453,-8.523651,-8.08432
2019-04-08 17:08:22,299841,-0.98490906,-7.108673,-8.7547
2019-04-08 17:08:22,299861,-0.5419769,-7.45343,-9.969757
2019-04-08 17:08:22,299882,0.35464478,-10.354019,-10.35881
2019-04-08 17:08:22,299901,-0.2606659,-9.838058,-10.67485
2019-04-08 17:08:22,299921,-1.0184326,-7.5767365,-8.072357
2019-04-08 17:08:22,299942,-0.93463135,-7.6988373,-6.087555
2019-04-08 17:08:23,299961,-1.2470703,-7.8185577,-6.0983276
2019-04-08 17:08:23,299981,-0.68803406,-7.646164,-7.09552
2019-04-08 17:08:23,300002,-0.52282715,-7.5731506,-8.02327
2019-04-08 17:08:23,300022,-0.5743103,-7.8377075,-8.32135
2019-04-08 17:08:23,300041,-0.79696655,-7.9358673,-8.127411
2019-04-08 17:08:23,300062,-0.6557007,-7.5659637,-7.2367706
2019-04-08 17:08:23,300081,0.18345642,-8.181274,-7.691681
2019-04-08 17:08:23,300102,-0.012863159,-8.761871,-8.808563
2019-04-08 17:08:23,300122,-0.69880676,-8.352463,-8.136993
2019-04-08 17:08:23,300142,-1.2865753,-7.459427,-6.371277
2019-04-08 17:08:23,300161,-1.2781982,-6.631027,-6.42395
2019-04-08 17:08:23,300182,-0.43902588,-7.230774,-8.587112
2019-04-08 17:08:23,300201,-0.34805298,-8.545197,-11.175232
2019-04-08 17:08:23,300222,-0.8927307,-9.159302,-11.585846
2019-04-08 17:08:23,300241,-0.6748657,-8.561951,-10.324097
2019-04-08 17:08:23,300262,-0.8436432,-7.70842,-8.630203
2019-04-08 17:08:23,300281,-1.7666168,-6.5376587,-8.10347
2019-04-08 17:08:23,300301,-1.9617462,-5.6087036,-8.777451
2019-04-08 17:08:23,300321,-1.4481812,-5.508148,-8.994125
2019-04-08 17:08:23,300341,-0.90470886,-5.700882,-9.207199
2019-04-08 17:08:23,300362,-0.43544006,-4.8964233,-8.309372
2019-04-08 17:08:23,300381,-0.5431824,-4.3182373,-8.425491
2019-04-08 17:08:23,300401,-1.3296661,-4.0105743,-8.719986
2019-04-08 17:08:23,300422,-1.2650299,-3.9315643,-10.634155
2019-04-08 17:08:23,300441,-0.73950195,-4.522934,-10.330078
2019-04-08 17:08:23,300462,-0.976532,-3.693344,-10.355225
2019-04-08 17:08:23,300481,-1.0663147,-3.005005,-10.046371
2019-04-08 17:08:23,300501,-1.139328,-3.1857758,-9.5998535
2019-04-08 17:08:23,300522,-1.6552887,-3.5365295,-8.281845
2019-04-08 17:08:23,300541,-2.617752,-3.1163483,-7.6473846
2019-04-08 17:08:23,300561,-2.6907806,-1.447586,-7.1577606
2019-04-08 17:08:23,300581,-2.9397736,0.41870117,-7.288254
2019-04-08 17:08:23,300601,-2.4166412,0.87957764,-6.846527
2019-04-08 17:08:23,300622,-1.877945,-0.37857056,-6.420349
2019-04-08 17:08:23,300641,-2.272995,0.10864258,-6.9506683
2019-04-08 17:08:23,300661,-3.5682526,0.37321472,-7.047638
2019-04-08 17:08:23,300682,-3.3611603,2.2634277,-6.8321533
2019-04-08 17:08:23,300701,-2.7338715,1.4553833,-7.7419586
2019-04-08 17:08:23,300721,-2.4262238,0.34448242,-8.83371
2019-04-08 17:08:23,300742,-2.0239868,0.3025818,-8.079529
2019-04-08 17:08:23,300761,-2.9158325,-0.9723358,-8.407547
2019-04-08 17:08:23,300781,-4.039917,-2.052124,-9.147354
2019-04-08 17:08:23,300802,-2.5686798,-1.5373688,-8.664917
2019-04-08 17:08:23,300821,-2.3891144,-0.40011597,-7.7970123
2019-04-08 17:08:23,300842,-1.9090729,-0.17985535,-7.470215
2019-04-08 17:08:23,300862,-1.4182587,-0.36779785,-8.244736
2019-04-08 17:08:23,300881,-1.115387,-2.028183,-7.7467346
2019-04-08 17:08:23,300902,-0.39474487,-4.186554,-7.321762
2019-04-08 17:08:23,300921,-1.6098022,-4.150635,-9.457397
2019-04-08 17:08:23,300942,-1.0507507,-3.645462,-10.642532
2019-04-08 17:08:24,300962,0.5114746,-5.364502,-7.902359
2019-04-08 17:08:24,300981,-1.1967926,-4.682144,-8.822937
2019-04-08 17:08:24,301002,-2.1688385,-4.069229,-9.875183
2019-04-08 17:08:24,301021,-0.30734253,-5.195709,-8.092697
2019-04-08 17:08:24,301042,-0.897522,-5.954666,-7.9837646
2019-04-08 17:08:24,301061,-0.39712524,-6.9075623,-10.351639
2019-04-08 17:08:24,301082,1.3410645,-8.245911,-9.13298
2019-04-08 17:08:24,301101,0.093673706,-8.32373,-10.184036
2019-04-08 17:08:24,301122,-1.5822601,-7.673706,-9.371201
2019-04-08 17:08:24,301141,-0.6772461,-7.5300446,-8.127411
2019-04-08 17:08:24,301162,-0.63775635,-6.3975983,-7.214035
2019-04-08 17:08:24,301181,0.036224365,-7.5659637,-7.624634
2019-04-08 17:08:24,301202,-0.45100403,-9.404709,-8.927078
2019-04-08 17:08:24,301221,-1.0543365,-8.469772,-9.038406
2019-04-08 17:08:24,301241,-1.0375824,-7.78743,-8.619431
2019-04-08 17:08:24,301262,-0.5359955,-9.107834,-8.715195
2019-04-08 17:08:24,301281,-0.4521942,-9.498093,-8.810959
2019-04-08 17:08:24,301301,-0.8795624,-8.870804,-9.110245
2019-04-08 17:08:24,301322,-1.0303955,-9.173676,-9.575912
2019-04-08 17:08:24,301341,-0.5862732,-9.697998,-8.742722
2019-04-08 17:08:24,301361,-1.2506714,-8.091492,-6.913559
2019-04-08 17:08:24,301382,-1.0806732,-6.075577,-6.2204437
2019-04-08 17:08:24,301401,-0.9226532,-7.316971,-6.707657
2019-04-08 17:08:24,301421,-1.3332672,-8.035233,-7.395996
2019-04-08 17:08:24,301441,-1.257843,-7.4390717,-7.550415
2019-04-08 17:08:24,301461,-0.976532,-7.340912,-8.533234
2019-04-08 17:08:24,301481,-0.75865173,-7.2499237,-8.127411
2019-04-08 17:08:24,301502,-0.35643005,-6.978195,-8.439865
2019-04-08 17:08:24,301521,-0.83766174,-7.4582214,-9.385574
2019-04-08 17:08:24,301541,-1.0148315,-7.929886,-9.500488
2019-04-08 17:08:24,301562,-0.61021423,-7.7826385,-9.277832
2019-04-08 17:08:24,301581,-0.9082947,-7.103882,-9.862015
2019-04-08 17:08:24,301601,-0.91308594,-6.5484314,-9.027634
2019-04-08 17:08:24,301622,-0.93821716,-5.899597,-8.462601
2019-04-08 17:08:24,301641,-0.98132324,-5.8062286,-9.086304
2019-04-08 17:08:24,301662,-1.0567322,-6.554413,-9.574707
2019-04-08 17:08:24,301682,-1.2985535,-6.5256805,-8.874405
2019-04-08 17:08:24,301701,-1.2123566,-4.8569183,-8.646957
2019-04-08 17:08:24,301722,-1.0579376,-3.5568695,-8.448242
2019-04-08 17:08:24,301741,-0.8101349,-3.744812,-8.55838
2019-04-08 17:08:24,301762,-0.8388672,-4.8066406,-8.928284
2019-04-08 17:08:24,301782,-1.3404541,-3.4491272,-9.397537
2019-04-08 17:08:24,301801,-1.9150543,-2.8769226,-10.015244
2019-04-08 17:08:24,301822,-2.214325,-2.2951355,-9.824905
2019-04-08 17:08:24,301841,-1.7402802,-1.8809357,-10.575485
2019-04-08 17:08:24,301862,-2.8284454,-3.8106537,-9.92067
2019-04-08 17:08:24,301881,-3.4234009,-2.7667847,-9.167694
2019-04-08 17:08:24,301902,-3.960907,-0.79156494,-8.081924
2019-04-08 17:08:24,301921,-3.8316193,0.98013306,-7.4175415
2019-04-08 17:08:24,301942,-2.7781677,0.7838135,-6.604706
2019-04-08 17:08:25,301961,-1.5595093,-0.8358612,-6.292267
2019-04-08 17:08:25,301982,-2.2322845,-0.21098328,-5.026932
2019-04-08 17:08:25,302001,-4.0770264,2.7841644,-5.076004
2019-04-08 17:08:25,302022,-1.6768341,2.1042175,-6.3533173
2019-04-08 17:08:25,302041,-1.6397247,-0.32470703,-6.977005
2019-04-08 17:08:25,302061,-1.7761993,-0.40490723,-8.071152
2019-04-08 17:08:25,302082,-2.6716309,0.014083862,-8.680481
2019-04-08 17:08:25,302101,-2.5315552,-0.48510742,-9.201218
2019-04-08 17:08:25,302121,-1.5475464,0.004501343,-9.200027
2019-04-08 17:08:25,302142,-0.3229065,-1.6941833,-7.5635834
2019-04-08 17:08:25,302161,-2.1832123,-2.7595978,-8.332123
2019-04-08 17:08:25,302182,-2.640503,-3.190567,-11.075882
2019-04-08 17:08:25,302201,-1.031601,-2.8948822,-9.13179
2019-04-08 17:08:25,302221,-0.48690796,-2.7991028,-6.323395
2019-04-08 17:08:25,302241,-2.1676483,-2.155075,-8.036438
2019-04-08 17:08:25,302262,-2.499237,-2.7763672,-9.028839
2019-04-08 17:08:25,302281,-1.2255249,-4.487015,-8.180084
2019-04-08 17:08:25,302301,-1.1920013,-5.360901,-8.000519
2019-04-08 17:08:25,302322,-1.2195435,-5.599121,-7.7287903
2019-04-08 17:08:25,302341,-0.82688904,-5.420761,-8.473373
2019-04-08 17:08:25,302361,-1.2063751,-6.139023,-10.25946
2019-04-08 17:08:25,302382,-0.32769775,-8.650543,-10.650909
2019-04-08 17:08:25,302401,-0.4893036,-9.92186,-10.477325
2019-04-08 17:08:25,302421,-0.5563507,-8.698425,-8.827728
2019-04-08 17:08:25,302442,-1.2997437,-6.7986298,-8.6349945
2019-04-08 17:08:25,302461,-0.45100403,-8.3476715,-9.701599
2019-04-08 17:08:25,302481,0.33070374,-10.8376465,-10.363602
2019-04-08 17:08:25,302502,-0.035614014,-9.209579,-9.275436
2019-04-08 17:08:25,302521,-1.3057251,-6.2874603,-7.2044525
2019-04-08 17:08:25,302542,-0.8831482,-6.2407684,-6.404785
2019-04-08 17:08:25,302562,-0.56951904,-7.7335663,-8.177704
2019-04-08 17:08:25,302581,-0.015258789,-9.639343,-10.622177
2019-04-08 17:08:25,302602,-0.0655365,-9.308945,-10.194809
2019-04-08 17:08:25,302621,-0.90231323,-6.842911,-8.369232
2019-04-08 17:08:25,302642,-1.3607941,-6.7148285,-6.170166
2019-04-08 17:08:25,302661,-0.59825134,-8.746307,-5.8840485
2019-04-08 17:08:25,302682,-1.0112457,-8.097473,-7.3624725
2019-04-08 17:08:25,302701,-1.2913666,-7.393585,-8.073547
2019-04-08 17:08:25,302722,-1.7390747,-6.804611,-7.143402
2019-04-08 17:08:25,302741,-1.036377,-7.5504,-6.5568237
2019-04-08 17:08:25,302762,-1.2961578,-8.545197,-7.878418
2019-04-08 17:08:25,302781,-1.8336487,-8.9761505,-9.629776
2019-04-08 17:08:25,302801,-0.9717407,-9.123398,-9.915894
2019-04-08 17:08:25,302822,-0.25946045,-8.18486,-9.075516
2019-04-08 17:08:25,302841,-1.2003937,-6.475403,-7.7108307
2019-04-08 17:08:25,302861,-1.2985535,-5.941498,-6.720825
2019-04-08 17:08:25,302882,-1.2207336,-6.5975037,-8.180084
2019-04-08 17:08:25,302901,-1.2159424,-6.830948,-10.197205
2019-04-08 17:08:25,302921,-0.6329651,-7.0823364,-10.430634
2019-04-08 17:08:25,302941,-0.6174011,-7.3085938,-10.229523
2019-04-08 17:08:26,302961,-0.6736603,-7.2762604,-9.482544
2019-04-08 17:08:26,302982,-1.0483551,-6.5053406,-9.194031
2019-04-08 17:08:26,303001,-1.4002991,-5.664963,-9.098267
2019-04-08 17:08:26,303021,-1.5762787,-5.0149384,-9.646545
2019-04-08 17:08:26,303042,-1.1010284,-4.974243,-9.765045
2019-04-08 17:08:26,303061,-1.242279,-5.207672,-9.112625
2019-04-08 17:08:26,303081,-1.9773102,-4.7300262,-8.229172
2019-04-08 17:08:26,303102,-1.9820862,-3.2312622,-8.259094
2019-04-08 17:08:26,303121,-2.3041077,-2.198166,-8.041229
2019-04-08 17:08:26,303141,-2.98526,-1.6403198,-9.597458
2019-04-08 17:08:26,303162,-2.1089935,-2.11557,-8.259094
2019-04-08 17:08:26,303181,-1.8839264,-3.5772247,-7.7706757
2019-04-08 17:08:26,303201,-3.0223694,-0.6670685,-8.136993
2019-04-08 17:08:26,303222,-3.7777405,0.60066223,-7.625839
2019-04-08 17:08:26,303241,-2.8799133,0.035629272,-7.719208
2019-04-08 17:08:26,303261,-2.2466583,-0.20140076,-7.0895386
2019-04-08 17:08:26,303282,-2.5040283,-0.24449158,-7.258316
2019-04-08 17:08:26,303301,-3.095398,0.50727844,-7.964615
2019-04-08 17:08:26,303322,-3.3970642,1.5403748,-7.74794
2019-04-08 17:08:26,303341,-2.5662842,0.4713745,-6.660965
2019-04-08 17:08:26,303361,-2.6105652,-0.2540741,-6.3940125
2019-04-08 17:08:26,303382,-2.2717896,0.09907532,-6.0983276
2019-04-08 17:08:26,303401,-2.9266052,0.61502075,-6.6035156
2019-04-08 17:08:26,303422,-3.1025848,1.868393,-8.154953
2019-04-08 17:08:26,303442,-1.6145782,0.48812866,-9.243118
2019-04-08 17:08:26,303461,-1.5056458,-2.9367828,-9.848846
2019-04-08 17:08:26,303482,-1.7881622,-4.005783,-10.331284
2019-04-08 17:08:26,303501,-1.9042816,-3.6861572,-10.154114
2019-04-08 17:08:26,303521,-2.25383,-2.9966278,-9.8524475
2019-04-08 17:08:26,303542,-2.1592712,-2.3047028,-8.961792
2019-04-08 17:08:26,303561,-1.2961578,-2.5453186,-8.650558
2019-04-08 17:08:26,303582,-0.74308777,-3.1307068,-7.301422
2019-04-08 17:08:26,303601,-1.5080414,-4.442734,-7.296631
2019-04-08 17:08:26,303622,-1.628952,-5.286682,-7.249939
2019-04-08 17:08:26,303641,-1.6636658,-5.0197296,-8.067566
2019-04-08 17:08:26,303661,-0.7933655,-4.926361,-7.902359
2019-04-08 17:08:26,303682,0.43486023,-5.9199524,-7.8161774
2019-04-08 17:08:26,303701,-0.55514526,-7.5360413,-10.088272
2019-04-08 17:08:26,303721,-1.4685364,-9.493301,-11.825256
2019-04-08 17:08:26,303741,0.36901855,-9.8237,-11.176437
2019-04-08 17:08:26,303762,0.53660583,-8.232742,-7.6557617
2019-04-08 17:08:26,303781,-0.75865173,-6.5891266,-7.4103546
2019-04-08 17:08:26,303801,-2.0383606,-8.49971,-8.728363
2019-04-08 17:08:26,303821,-1.0339966,-11.576248,-10.846039
2019-04-08 17:08:26,303841,-0.39952087,-10.444992,-10.423462
2019-04-08 17:08:26,303862,1.003479,-6.2060547,-7.4929504
2019-04-08 17:08:26,303881,0.17268372,-4.1255035,-7.2032623
2019-04-08 17:08:26,303901,-1.0076599,-6.100708,-7.598297
2019-04-08 17:08:26,303922,-2.2993317,-6.1617584,-6.7687073
2019-04-08 17:08:26,303941,-1.6552887,-6.056427,-5.211273
2019-04-08 17:08:27,303961,-2.0730743,-5.4458923,-5.933136
2019-04-08 17:08:27,303982,-0.58387756,-8.808548,-9.031235
2019-04-08 17:08:27,304001,2.6794128,-17.190659,-15.803223
2019-04-08 17:08:27,304021,-1.1608887,-16.371841,-14.669571
2019-04-08 17:08:27,304042,-1.9066772,-8.047195,-7.4450684
2019-04-08 17:08:27,304061,-1.7546387,-6.0863495,-3.177414
2019-04-08 17:08:27,304081,-2.0431519,-8.868408,-8.278259
2019-04-08 17:08:27,304102,-0.39952087,-10.275009,-12.380722
2019-04-08 17:08:27,304122,0.8370819,-9.76265,-11.613373
2019-04-08 17:08:27,304142,-0.33607483,-5.9331207,-5.7415924
2019-04-08 17:08:27,304161,-2.245453,-3.084015,-1.418869
2019-04-08 17:08:27,304182,-2.0479279,-3.234848,-1.968338
2019-04-08 17:08:27,304202,-1.1620789,-5.1861267,-9.532822
2019-04-08 17:08:27,304221,-0.29896545,-7.428299,-14.29248
2019-04-08 17:08:27,304242,1.3781738,-7.21402,-10.7778015
2019-04-08 17:08:27,304261,-0.38874817,-5.763138,-12.5997925
2019-04-08 17:08:27,304282,-0.37078857,-8.571533,-12.4729
2019-04-08 17:08:27,304301,-0.5491638,-9.756653,-10.164886
2019-04-08 17:08:27,304322,-1.3931274,-8.023254,-8.949829
2019-04-08 17:08:27,304341,-2.680008,-6.8967896,-7.5803375
2019-04-08 17:08:27,304362,-3.1313171,-3.966278,-8.660126
2019-04-08 17:08:27,304381,-2.4717102,-1.5648956,-8.447052
2019-04-08 17:08:27,304402,-1.0495453,-1.2177429,-6.530487
2019-04-08 17:08:27,304421,0.05656433,-2.412445,-6.331772
2019-04-08 17:08:27,304442,-0.8388672,-2.6506653,-7.072769
2019-04-08 17:08:27,304461,-3.5802307,-1.2716064,-9.190445
2019-04-08 17:08:27,304481,-3.1408844,-1.3266754,-8.998901
2019-04-08 17:08:27,304501,-2.004837,-3.6885529,-7.940674
2019-04-08 17:08:27,304522,-2.4633331,-1.2344971,-7.6042786
2019-04-08 17:08:27,304541,-3.1755981,0.7167816,-7.606674
2019-04-08 17:08:27,304561,-3.134903,0.89634705,-8.212418
2019-04-08 17:08:27,304581,-2.4094543,0.08470154,-7.5635834
2019-04-08 17:08:27,304602,-1.6361389,-0.48391724,-7.27388
2019-04-08 17:08:27,304621,-1.9138641,-0.7377014,-6.8046265
2019-04-08 17:08:27,304641,-2.506424,0.38398743,-7.0548096
2019-04-08 17:08:27,304661,-3.3455963,1.7630463,-7.5683746
2019-04-08 17:08:27,304682,-3.0762482,-0.07450867,-8.300995
2019-04-08 17:08:27,304701,-0.9621582,-1.9707184,-8.134598
2019-04-08 17:08:27,304721,-3.581421,-0.26724243,-8.527252
2019-04-08 17:08:27,304742,-2.9038544,-0.5222168,-7.1565704
2019-04-08 17:08:27,304761,-0.19482422,-0.35702515,-6.3461304
2019-04-08 17:08:27,304781,-1.9246368,-0.8047333,-7.048828
2019-04-08 17:08:27,304802,-3.249817,-0.8035431,-7.641388
2019-04-08 17:08:27,304821,-1.0782776,-1.0573273,-6.669342
2019-04-08 17:08:27,304841,-0.8675995,-0.36898804,-6.12706
2019-04-08 17:08:27,304862,-1.8348541,-0.63235474,-7.807785
2019-04-08 17:08:27,304881,-1.5595093,-2.3214722,-9.009689
2019-04-08 17:08:27,304901,-0.29656982,-4.143448,-7.4127502
2019-04-08 17:08:27,304922,-1.3224945,-4.1051483,-8.491333
2019-04-08 17:08:27,304941,-2.7566223,-3.1163483,-11.260239
2019-04-08 17:08:28,304961,-0.7742157,-3.4898376,-9.245514
2019-04-08 17:08:28,304982,-0.27981567,-5.190918,-7.281067
2019-04-08 17:08:28,305001,-2.0778656,-6.5998993,-10.415085
2019-04-08 17:08:28,305022,-1.9186401,-6.9686127,-10.848434
2019-04-08 17:08:28,305042,0.14994812,-6.3880157,-6.281494
2019-04-08 17:08:28,305061,-0.21636963,-4.3601227,-5.759552
2019-04-08 17:08:28,305082,-1.8360443,-5.4590607,-10.325302
2019-04-08 17:08:28,305102,0.18226624,-10.052338,-11.913849
2019-04-08 17:08:28,305121,0.4252777,-11.019608,-11.139328
2019-04-08 17:08:28,305142,-1.0387726,-7.8377075,-8.6349945
2019-04-08 17:08:28,305161,-2.0886383,-6.6801147,-9.48732
2019-04-08 17:08:28,305182,-0.6664734,-8.557159,-10.461761
2019-04-08 17:08:28,305201,-0.4881134,-9.235916,-9.605835
2019-04-08 17:08:28,305222,-1.3164978,-8.65892,-8.279449
2019-04-08 17:08:28,305241,-0.16609192,-9.215576,-7.4019775
2019-04-08 17:08:28,305261,-0.11581421,-7.646164,-7.9203186
2019-04-08 17:08:28,305281,-1.7905579,-6.0001526,-8.535629
2019-04-08 17:08:28,305302,0.69462585,-10.363586,-8.526047
2019-04-08 17:08:28,305321,0.5437927,-9.123398,-8.300995
2019-04-08 17:08:28,305341,-2.1281433,-5.374069,-8.496124
2019-04-08 17:08:28,305362,-0.4186859,-7.931076,-7.806595
2019-04-08 17:08:28,305381,1.3099365,-13.625687,-9.460983
2019-04-08 17:08:28,305401,-0.93104553,-11.79892,-12.768585
2019-04-08 17:08:28,305421,-1.4697418,-5.930725,-7.6042786
2019-04-08 17:08:28,305442,-2.6524658,-5.2124634,-2.7248993
2019-04-08 17:08:28,305461,-1.3236847,-8.543991,-4.9036255
2019-04-08 17:08:28,305481,-0.04399109,-8.628983,-8.549988
2019-04-08 17:08:28,305501,-0.12898254,-7.4630127,-11.414658
2019-04-08 17:08:28,305521,-0.11820984,-6.927902,-9.083908
2019-04-08 17:08:28,305542,-0.28460693,-6.2850647,-8.169312
2019-04-08 17:08:28,305561,-0.25587463,-6.04924,-7.7060394
2019-04-08 17:08:28,305581,0.335495,-6.911148,-6.8441315
2019-04-08 17:08:28,305602,-1.8983002,-5.9881897,-7.842514
2019-04-08 17:08:28,305621,-2.5243835,-5.5129395,-8.202835
2019-04-08 17:08:28,305641,-1.9186401,-5.6589813,-12.007217
2019-04-08 17:08:28,305662,0.61442566,-8.486542,-13.121719
2019-04-08 17:08:28,305681,1.121994,-10.06192,-11.747452
2019-04-08 17:08:28,305701,-0.4414215,-6.847702,-9.2239685
2019-04-08 17:08:28,305722,-1.5008545,-5.755951,-9.970947
2019-04-08 17:08:28,305741,-2.099411,-4.625885,-9.949402
2019-04-08 17:08:28,305761,-2.07547,-3.8896637,-7.3145905
2019-04-08 17:08:28,305782,-1.288971,-3.28154,-6.2994385
2019-04-08 17:08:28,305801,-1.5212097,-2.2256927,-7.68808
2019-04-08 17:08:28,305822,-2.4860687,-2.5752563,-8.116638
2019-04-08 17:08:28,305842,-2.4812775,-4.603134,-8.344101
2019-04-08 17:08:28,305861,-2.226303,-3.7699585,-9.031235
2019-04-08 17:08:28,305882,-3.230667,2.0048523,-7.961029
2019-04-08 17:08:28,305901,-3.5766296,1.3608093,-6.5161133
2019-04-08 17:08:28,305921,-1.6349335,-1.9132538,-8.338104
2019-04-08 17:08:28,305942,-2.695572,0.044006348,-8.939056
2019-04-08 17:08:29,305961,-3.3539734,0.78022766,-8.267487
2019-04-08 17:08:29,305981,-1.9880829,-1.0788727,-8.333313
2019-04-08 17:08:29,306002,-3.0810394,1.4398193,-7.8891907
2019-04-08 17:08:29,306021,-2.226303,0.023651123,-6.1725464
2019-04-08 17:08:29,306042,-1.407486,-1.4463806,-6.672943
2019-04-08 17:08:29,306061,-4.4577026,-0.037399292,-7.024887
2019-04-08 17:08:29,306081,-4.918579,2.651291,-8.521271
2019-04-08 17:08:29,306102,-1.9880829,2.062317,-9.122208
2019-04-08 17:08:29,306121,0.46357727,-0.90649414,-6.95665
2019-04-08 17:08:29,306142,-1.6469116,-1.7983398,-7.3349304
2019-04-08 17:08:29,306161,-3.5072021,-2.4782867,-7.653366
2019-04-08 17:08:29,306181,-2.4944458,-2.1011963,-6.3030396
2019-04-08 17:08:29,306202,-3.6544495,1.8947296,-9.324524
2019-04-08 17:08:29,306221,-1.8743591,1.5535431,-10.075104
2019-04-08 17:08:29,306241,2.0844574,-4.8461456,-9.699219
2019-04-08 17:08:29,306262,-1.6540833,-6.9410706,-10.798157
2019-04-08 17:08:29,306281,-2.5567017,-6.30542,-10.433029
2019-04-08 17:08:29,306302,-1.9030914,-3.799881,-8.054398
2019-04-08 17:08:29,306321,-2.5866241,-2.4447632,-8.3824005
2019-04-08 17:08:29,306341,-1.352417,-4.4068146,-8.662521
2019-04-08 17:08:29,306362,0.2552948,-6.629837,-8.327332
2019-04-08 17:08:29,306381,0.20381165,-7.783844,-8.654144
2019-04-08 17:08:29,306401,-0.57310486,-7.2451477,-8.51767
2019-04-08 17:08:29,306422,-1.2123566,-6.085144,-9.409515
2019-04-08 17:08:29,306441,-1.1034241,-5.978607,-8.490143
2019-04-08 17:08:29,306461,-0.4773407,-7.554001,-7.9909515
2019-04-08 17:08:29,306482,-1.3799591,-8.297394,-7.9514465
2019-04-08 17:08:29,306501,-1.3260803,-7.9179077,-8.038834
2019-04-08 17:08:29,306521,-0.72753906,-7.653351,-8.854065
2019-04-08 17:08:29,306542,-0.36720276,-8.364426,-9.343674
2019-04-08 17:08:29,306561,-0.5288086,-9.2682495,-9.732727
2019-04-08 17:08:29,306581,-0.7263336,-9.523224,-9.338882
2019-04-08 17:08:29,306602,-0.51924133,-9.595047,-9.555557
2019-04-08 17:08:29,306621,-0.5599365,-8.638565,-8.602661
2019-04-08 17:08:29,306641,-0.8340759,-7.19487,-7.063202
2019-04-08 17:08:29,306662,-0.69999695,-6.9602356,-6.3581085
2019-04-08 17:08:29,306681,-0.8053436,-7.184082,-6.767517
2019-04-08 17:08:29,306702,-0.9717407,-6.5412445,-7.5528107
2019-04-08 17:08:29,306722,-0.5419769,-7.187683,-7.692871
2019-04-08 17:08:29,306741,-1.0447693,-7.1230316,-8.114258
2019-04-08 17:08:29,306762,-1.1812286,-8.077133,-8.405151
2019-04-08 17:08:29,306781,-0.16967773,-10.421051,-8.430283
2019-04-08 17:08:29,306802,-0.9717407,-10.164871,-9.234741
2019-04-08 17:08:29,306821,-0.763443,-9.449005,-10.234314
2019-04-08 17:08:29,306842,-0.009277344,-9.0156555,-8.840897
2019-04-08 17:08:29,306861,-1.3188934,-7.4390717,-8.199249
2019-04-08 17:08:29,306881,-1.1369476,-6.8680573,-7.646179
2019-04-08 17:08:29,306901,-0.34207153,-6.9207306,-8.107071
2019-04-08 17:08:29,306921,-0.61021423,-6.332947,-8.447052
2019-04-08 17:08:29,306942,-0.9071045,-5.2256317,-7.6868896
2019-04-08 17:08:30,306961,-0.27622986,-4.895233,-8.080734
2019-04-08 17:08:30,306981,0.39414978,-6.46463,-8.802582
2019-04-08 17:08:30,307002,-0.5719147,-8.049591,-9.111435
2019-04-08 17:08:30,307021,-1.3596039,-6.927902,-8.540421
2019-04-08 17:08:30,307042,-2.9469604,-4.946701,-12.6788025
2019-04-08 17:08:30,307061,-2.1496887,-5.8780518,-12.632111
2019-04-08 17:08:30,307081,0.5030823,-6.6011047,-11.387131
2019-04-08 17:08:30,307102,-0.23551941,-5.605118,-9.834488
2019-04-08 17:08:30,307121,-1.118988,-5.0628204,-7.850891
2019-04-08 17:08:30,307141,-2.1209564,-4.317032,-7.142212
2019-04-08 17:08:30,307162,-3.7095032,-2.0473328,-8.208817
2019-04-08 17:08:30,307181,-3.1169434,-1.2763977,-7.3744354
2019-04-08 17:08:30,307201,-1.3428345,-2.989441,-6.6633606
2019-04-08 17:08:30,307222,-1.5451508,-2.3609772,-7.0811462
2019-04-08 17:08:30,307241,-3.3048859,0.7550812,-6.944687
2019-04-08 17:08:30,307262,-4.162018,0.69522095,-8.515274
2019-04-08 17:08:30,307281,-3.811264,1.663681,-9.616608
2019-04-08 17:08:30,307301,-1.4793091,0.47854614,-9.2108
2019-04-08 17:08:30,307322,-1.4230499,-2.4890594,-9.830887
2019-04-08 17:08:30,307341,-3.7059174,-0.86698914,-9.881165
2019-04-08 17:08:30,307361,-3.0056152,-0.8681793,-6.091156
2019-04-08 17:08:30,307382,-3.7047272,0.35165405,-6.1258698
2019-04-08 17:08:30,307401,-3.3300323,1.9653473,-4.9945984
2019-04-08 17:08:30,307421,-2.530365,2.6429138,-6.707657
2019-04-08 17:08:30,307442,-1.7857666,0.6533356,-8.037643
2019-04-08 17:08:30,307461,-1.000473,-2.2604065,-6.896805
2019-04-08 17:08:30,307482,-2.4369965,-0.9507904,-7.313385
2019-04-08 17:08:30,307501,-2.822464,-0.44082642,-7.45105
2019-04-08 17:08:30,307522,-2.861969,-1.6079865,-9.291
2019-04-08 17:08:30,307541,-2.8691406,-1.6893921,-9.518448
2019-04-08 17:08:30,307562,-1.3943176,-4.1661987,-10.907089
2019-04-08 17:08:30,307581,-0.70957947,-6.512512,-9.963776
2019-04-08 17:08:30,307602,-1.4912872,-5.8565063,-9.754272
2019-04-08 17:08:30,307621,-2.6788025,-3.5484924,-12.52916
2019-04-08 17:08:30,307642,-0.5359955,-5.15979,-9.103058
2019-04-08 17:08:30,307661,0.3642273,-5.3202057,-5.7655334
2019-04-08 17:08:30,307682,-1.9545593,-3.950714,-6.300644
2019-04-08 17:08:30,307701,-3.47966,-3.4287872,-9.124603
2019-04-08 17:08:30,307721,0.22416687,-6.179718,-9.377197
2019-04-08 17:08:30,307742,2.6171722,-10.638916,-9.250305
2019-04-08 17:08:30,307761,-1.071106,-9.563919,-9.539993
2019-04-08 17:08:30,307782,-3.3994598,-5.7547455,-6.8932037
2019-04-08 17:08:30,307801,-0.93582153,-5.7152405,-7.9993286
2019-04-08 17:08:30,307821,-1.786972,-8.432663,-15.327988
2019-04-08 17:08:30,307842,0.10923767,-14.485214,-11.438599
2019-04-08 17:08:30,307861,-1.0890503,-14.263748,-10.983704
2019-04-08 17:08:30,307881,-0.5168457,-9.583084,-9.312546
2019-04-08 17:08:30,307902,-1.0064545,-6.3509064,-5.597946
2019-04-08 17:08:30,307921,-2.3292542,-5.882843,-5.05925
2019-04-08 17:08:30,307941,-0.18284607,-8.395554,-6.3114166
2019-04-08 17:08:31,307962,-0.20678711,-9.293381,-8.621826
2019-04-08 17:08:31,307981,-1.862381,-7.3433075,-9.238327
2019-04-08 17:08:31,308002,-1.4793091,-6.12825,-8.73674
2019-04-08 17:08:31,308021,-0.7023926,-9.01445,-8.792999
2019-04-08 17:08:31,308041,-0.121795654,-9.929047,-7.1876984
2019-04-08 17:08:31,308062,-1.1141968,-7.321762,-6.2754974
2019-04-08 17:08:31,308081,-2.3819275,-8.4207,-8.038834
2019-04-08 17:08:31,308101,-0.7131653,-14.822784,-10.586258
2019-04-08 17:08:31,308122,-1.1967926,-11.215927,-8.405151
2019-04-08 17:08:31,308141,-1.9761047,-5.6865234,-3.8334198
2019-04-08 17:08:31,308161,-2.356781,-4.3278046,-5.800247
2019-04-08 17:08:31,308182,-1.767807,-6.749542,-9.676468
2019-04-08 17:08:31,308201,-0.07989502,-10.484497,-12.583023
2019-04-08 17:08:31,308221,-0.2941742,-9.8237,-7.3552856
2019-04-08 17:08:31,308242,-2.107788,-5.7990417,-6.4658356
2019-04-08 17:08:31,308262,-2.2981262,-5.1095123,-6.799835
2019-04-08 17:08:31,308282,-2.7661896,-6.420334,-9.240723
2019-04-08 17:08:31,308302,-2.4094543,-6.6992645,-11.250656
2019-04-08 17:08:31,308321,-0.25468445,-6.9877625,-8.883987
2019-04-08 17:08:31,308341,-0.40551758,-6.5376587,-8.850464
2019-04-08 17:08:31,308362,-1.7773895,-5.5572357,-9.628586
2019-04-08 17:08:31,308382,-2.0898285,-5.242386,-9.884766
2019-04-08 17:08:31,308401,-2.2227173,-5.0185394,-9.777023
2019-04-08 17:08:31,308422,-2.5567017,-5.084381,-7.995743
2019-04-08 17:08:31,308441,-2.88591,-4.0105743,-7.1888885
2019-04-08 17:08:31,308462,-3.5467072,-1.5493317,-8.128616
2019-04-08 17:08:31,308481,-2.466919,-0.5940552,-7.8808136
2019-04-08 17:08:31,308502,-1.3272858,-2.5932007,-7.716812
2019-04-08 17:08:31,308521,-1.534378,-4.66539,-8.511688
2019-04-08 17:08:31,308541,-3.3384094,-3.6286926,-10.699982
2019-04-08 17:08:31,308562,-4.075821,-0.31393433,-9.893143
2019-04-08 17:08:31,308581,-2.5279694,-0.5605316,-8.697235
2019-04-08 17:08:31,308601,-2.3256683,-1.1123962,-7.972992
2019-04-08 17:08:31,308622,-3.245041,-0.8610077,-7.822159
2019-04-08 17:08:31,308641,-3.3144684,-1.1004181,-7.646179
2019-04-08 17:08:31,308661,-3.4305878,-0.8322754,-9.001297
2019-04-08 17:08:31,308682,-3.5562744,0.21279907,-10.43782
2019-04-08 17:08:31,308701,-2.3232727,-0.49349976,-10.124176
2019-04-08 17:08:31,308722,-2.3304443,-2.6039886,-10.636536
2019-04-08 17:08:31,308741,-3.684372,-1.4272308,-11.152496
2019-04-08 17:08:31,308761,-3.6257172,-0.80952454,-11.472122
2019-04-08 17:08:31,308782,-3.167221,-2.8242493,-10.993271
2019-04-08 17:08:31,308801,-2.4477692,0.19004822,-9.435852
2019-04-08 17:08:31,308821,-3.1768036,0.46418762,-8.292618
2019-04-08 17:08:31,308842,-2.3903046,1.0124664,-7.2164307
2019-04-08 17:08:31,308861,-1.376358,1.5008698,-7.8975677
2019-04-08 17:08:31,308881,-1.9797058,-1.3254852,-9.927856
2019-04-08 17:08:31,308902,-3.0439148,-4.187744,-9.022842
2019-04-08 17:08:31,308921,-4.867111,0.3923645,-9.56633
2019-04-08 17:08:31,308941,-3.4940338,3.2905426,-9.042007
2019-04-08 17:08:32,308962,-1.5762787,0.89035034,-9.080307
2019-04-08 17:08:32,308981,-1.1537018,-0.776001,-9.031235
2019-04-08 17:08:32,309002,-4.1979218,-0.63116455,-10.130173
2019-04-08 17:08:32,309021,-3.945343,0.21638489,-9.824905
2019-04-08 17:08:32,309041,-2.846405,-0.5198364,-9.94342
2019-04-08 17:08:32,309062,-2.2598267,-1.2153473,-9.845261
2019-04-08 17:08:32,309081,-2.5028381,-0.22055054,-10.807724
2019-04-08 17:08:32,309101,-2.5746613,-0.6694641,-10.103836
2019-04-08 17:08:32,309122,-2.3507996,-3.040924,-7.5767517
2019-04-08 17:08:32,309142,-3.3276367,-3.0947876,-8.380005
2019-04-08 17:08:32,309161,-3.834015,0.892746,-9.833282
2019-04-08 17:08:32,309182,-1.704361,-1.1171875,-6.9865875
2019-04-08 17:08:32,309201,-1.7953491,-2.428009,-8.688858
2019-04-08 17:08:32,309222,-1.2087708,-0.74368286,-10.021225
2019-04-08 17:08:32,309241,-0.8807678,-1.5050354,-7.1577606
2019-04-08 17:08:32,309262,-1.6923981,-3.740036,-7.4570465
2019-04-08 17:08:32,309281,-1.886322,-3.3485718,-8.204041
2019-04-08 17:08:32,309302,-1.8336487,-2.5920105,-7.6785126
2019-04-08 17:08:32,309321,-2.4346008,-2.8960724,-9.859619
2019-04-08 17:08:32,309342,-1.376358,-4.2200623,-9.423874
2019-04-08 17:08:32,309361,-0.3695984,-6.435898,-9.580704
2019-04-08 17:08:32,309381,-0.53001404,-7.091919,-10.04039
2019-04-08 17:08:32,309402,-0.6760559,-6.7507324,-9.002502
2019-04-08 17:08:32,309421,-1.3117218,-5.657791,-9.198822
2019-04-08 17:08:32,309441,-2.4298096,-4.3517456,-9.3628235
2019-04-08 17:08:32,309462,-1.2171478,-5.242386,-7.7970123
2019-04-08 17:08:32,309481,-0.10383606,-6.79982,-8.424301
2019-04-08 17:08:32,309502,-0.117004395,-6.967407,-8.500916
2019-04-08 17:08:32,309521,-1.0531464,-6.139023,-7.4690094
2019-04-08 17:08:32,309541,-1.1596832,-6.2754974,-7.605484
2019-04-08 17:08:32,309562,-0.19003296,-9.116211,-9.128189
2019-04-08 17:08:32,309581,-1.016037,-9.715958,-9.92067
2019-04-08 17:08:32,309601,-1.9126587,-9.253876,-8.687668
2019-04-08 17:08:32,309622,-1.0866547,-9.883545,-8.306976
2019-04-08 17:08:32,309641,-0.5958557,-9.23233,-9.5208435
2019-04-08 17:08:32,309661,-0.69880676,-7.8568573,-8.937851
2019-04-08 17:08:32,309682,-1.2638397,-6.4813843,-7.25473
2019-04-08 17:08:32,309701,-2.0587006,-5.113098,-5.807434
2019-04-08 17:08:32,309721,-1.4194489,-5.3381653,-5.246002
2019-04-08 17:08:32,309742,-0.6257782,-7.562378,-7.143402
2019-04-08 17:08:32,309761,0.24571228,-9.915878,-9.630981
2019-04-08 17:08:32,309782,-0.8113251,-9.840454,-9.8129425
2019-04-08 17:08:32,309801,-1.3356628,-8.132187,-7.701248
2019-04-08 17:08:32,309821,-1.3955078,-6.844116,-5.2316284
2019-04-08 17:08:32,309842,-1.2087708,-7.4306946,-5.742798
2019-04-08 17:08:32,309861,-0.43544006,-8.566742,-7.3696594
2019-04-08 17:08:32,309881,-0.6114197,-8.746307,-9.28981
2019-04-08 17:08:32,309902,-0.25827026,-7.299011,-7.1242523
2019-04-08 17:08:32,309921,-1.016037,-4.953888,-5.091568
2019-04-08 17:08:32,309942,-2.2167206,-3.2575989,-4.1015625
2019-04-08 17:08:33,309962,0.414505,-6.614273,-5.517746
2019-04-08 17:08:33,309981,1.0094604,-9.92305,-10.103836
2019-04-08 17:08:33,310002,-0.093063354,-10.3983,-11.314102
2019-04-08 17:08:33,310021,-1.4996643,-8.6792755,-7.135025
2019-04-08 17:08:33,310042,-2.0144196,-9.168884,-6.5831604
2019-04-08 17:08:33,310062,-1.7103577,-9.573502,-6.6118927
2019-04-08 17:08:33,310081,-1.6469116,-8.42189,-7.5480194
2019-04-08 17:08:33,310101,-1.6828156,-7.7982025,-8.879196
2019-04-08 17:08:33,310122,-1.099823,-8.327316,-8.848068
2019-04-08 17:08:33,310141,-0.4019165,-6.811798,-8.860046
2019-04-08 17:08:33,310162,-0.7730255,-5.286682,-6.4718323
2019-04-08 17:08:33,310181,-1.6145782,-4.451111,-6.380844
2019-04-08 17:08:33,310201,-1.6133881,-5.716446,-7.4486694
2019-04-08 17:08:33,310222,-1.4338226,-6.329361,-8.305786
2019-04-08 17:08:33,310241,-0.7957611,-6.784256,-8.444656
2019-04-08 17:08:33,310261,-0.8568115,-7.3516846,-7.9155273
2019-04-08 17:08:33,310281,-1.6672516,-7.665329,-9.251495
2019-04-08 17:08:33,310301,-2.2466583,-7.0871277,-9.100662
2019-04-08 17:08:33,310322,-1.336853,-4.917984,-8.942642
2019-04-08 17:08:33,310341,-0.72753906,-4.6797485,-8.034042
2019-04-08 17:08:33,310361,-1.9294281,-4.211685,-7.941864
2019-04-08 17:08:33,310382,-1.8216858,-4.1338806,-7.961029
2019-04-08 17:08:33,310401,-1.0627136,-3.9986115,-8.862442
2019-04-08 17:08:33,310421,-0.41748047,-5.5727844,-10.088272
2019-04-08 17:08:33,310442,-1.1776428,-6.6118774,-11.072281
2019-04-08 17:08:33,310461,-1.9485779,-4.6833496,-11.901871
2019-04-08 17:08:33,310481,-1.0914459,-4.229645,-11.387131
2019-04-08 17:08:33,310502,-1.2159424,-6.38443,-10.482117
2019-04-08 17:08:33,310521,-3.3755188,-5.4830017,-10.0308075
2019-04-08 17:08:33,310542,-3.6795807,-3.1917572,-7.7299805
2019-04-08 17:08:33,310561,-3.1887665,-2.0748596,-6.870468
2019-04-08 17:08:33,310581,-2.8799133,-1.3733673,-6.6310425
2019-04-08 17:08:33,310602,-2.6285248,-1.1459198,-7.2283936
2019-04-08 17:08:33,310621,-3.4413605,-0.94718933,-9.84166
2019-04-08 17:08:33,310641,-3.2965088,-2.961914,-9.595062
2019-04-08 17:08:33,310661,-3.3503723,-5.3537292,-11.261429
2019-04-08 17:08:33,310682,-2.5255737,-2.4387817,-10.600632
2019-04-08 17:08:33,310702,-3.2905273,-0.14393616,-9.555557
2019-04-08 17:08:33,310721,-2.23349,-0.8238983,-10.193619
2019-04-08 17:08:33,310742,-1.4852905,-2.989441,-9.1892395
2019-04-08 17:08:33,310761,-2.6141663,-1.8593903,-10.418671
2019-04-08 17:08:33,310782,-2.969696,-2.9667053,-8.448242
2019-04-08 17:08:33,310801,-2.2669983,-1.6235504,-8.080734
2019-04-08 17:08:33,310822,-1.7223206,-0.27920532,-6.9506683
2019-04-08 17:08:33,310842,-3.0918121,2.2059631,-8.952225
2019-04-08 17:08:33,310861,0.41329956,1.9665527,-8.232758
2019-04-08 17:08:33,310882,-0.016448975,0.11224365,-9.671677
2019-04-08 17:08:33,310901,-0.24749756,1.0483704,-7.59111
2019-04-08 17:08:33,310922,-2.1006012,0.9921112,-6.70047
2019-04-08 17:08:33,310941,-3.3432007,0.12301636,-8.221985
2019-04-08 17:08:34,310962,-3.4641113,0.10984802,-10.263046
2019-04-08 17:08:34,310981,-3.1887665,-2.9415588,-15.401001
2019-04-08 17:08:34,311001,-3.7382355,-6.6190643,-16.38263
2019-04-08 17:08:34,311022,-4.8754883,-4.917984,-11.809708
2019-04-08 17:08:34,311042,-5.3184204,-2.254425,-9.68605
2019-04-08 17:08:34,311061,-4.649231,-0.34146118,-8.405151
2019-04-08 17:08:34,311081,-2.2406616,2.4645386,-4.782715
2019-04-08 17:08:34,311102,-1.5942383,2.1532898,-4.2955017
2019-04-08 17:08:34,311121,-1.752243,0.08230591,-6.5125275
2019-04-08 17:08:34,311141,-0.052368164,-4.5516663,-7.518097
2019-04-08 17:08:34,311161,-2.2191162,-0.49588013,-9.647736
2019-04-08 17:08:34,311181,0.20739746,4.7773438,-11.095032
2019-04-08 17:08:34,311201,3.1091766,-2.1742249,-9.671677
2019-04-08 17:08:34,311222,-1.9234314,-2.9200134,-14.176376
2019-04-08 17:08:34,311241,0.3857727,-4.376892,-9.580704
2019-04-08 17:08:34,311261,-1.5068512,-3.2851257,-12.088623
2019-04-08 17:08:34,311281,0.59407043,-6.361679,-7.9837646
2019-04-08 17:08:34,311302,-1.822876,-6.6908875,-9.86441
2019-04-08 17:08:34,311321,-1.7414703,-2.8625488,-10.625763
2019-04-08 17:08:34,311341,-0.38516235,-1.4846954,-12.417831
2019-04-08 17:08:34,311362,0.509079,-4.826996,-8.816956
2019-04-08 17:08:34,311381,-0.41389465,-5.0939484,-10.127777
2019-04-08 17:08:34,311401,0.39535522,-5.539276,-2.5716705
2019-04-08 17:08:34,311422,-2.2047577,-2.914032,-5.584778
2019-04-08 17:08:34,311441,-1.0196228,1.5882721,-9.353256
2019-04-08 17:08:34,311462,3.367752,-4.045288,-5.6434326
2019-04-08 17:08:34,311481,-0.9992676,-7.380417,-13.423386
2019-04-08 17:08:34,311501,1.4571838,-10.156494,-14.545074
2019-04-08 17:08:34,311522,-0.5539551,-7.2726746,-8.561966
2019-04-08 17:08:34,311541,0.6431427,-6.499344,-10.569504
2019-04-08 17:08:34,311562,-0.4701538,-8.803772,-5.4279633
2019-04-08 17:08:34,311581,-2.4729004,-6.4813843,-7.285858
2019-04-08 17:08:34,311602,-0.7047882,-5.1609955,-5.478241
2019-04-08 17:08:34,311621,-0.70358276,-6.289856,-7.6425934
2019-04-08 17:08:34,311642,-0.49290466,-7.617447,-8.444656
2019-04-08 17:08:34,311661,-0.99328613,-7.3085938,-9.475357
2019-04-08 17:08:34,311682,-0.723938,-6.9793854,-9.56514
2019-04-08 17:08:34,311701,0.027832031,-6.914749,-8.218399
2019-04-08 17:08:34,311722,-0.37797546,-7.1709137,-7.3109894
2019-04-08 17:08:34,311742,-0.52282715,-6.255142,-5.5596313
2019-04-08 17:08:34,311762,-0.6329651,-6.1665497,-5.542877
2019-04-08 17:08:34,311781,-0.74668884,-6.756729,-5.921158
2019-04-08 17:08:34,311802,-0.47853088,-7.895172,-6.8644714
2019-04-08 17:08:34,311821,-0.80055237,-8.591873,-7.7934265
2019-04-08 17:08:34,311841,-1.8049164,-9.125793,-8.565552
2019-04-08 17:08:34,311862,-2.5435333,-8.827713,-8.229172
2019-04-08 17:08:34,311881,-2.4693146,-9.008469,-8.080734
2019-04-08 17:08:34,311901,-2.5602875,-8.292603,-7.2607117
2019-04-08 17:08:34,311921,-2.1891937,-7.682083,-5.96904
2019-04-08 17:08:34,311942,-1.2351074,-7.0344543,-5.538086
2019-04-08 17:08:35,311961,-0.36720276,-5.6912994,-5.308243
2019-04-08 17:08:35,311981,0.16789246,-4.4738464,-4.913208
2019-04-08 17:08:35,312002,-0.71076965,-3.4455414,-4.5995636
2019-04-08 17:08:35,312021,-0.81851196,-3.3126678,-4.269165
2019-04-08 17:08:35,312041,-1.8144989,-5.7427826,-5.9953766
2019-04-08 17:08:35,312062,-2.214325,-9.627365,-9.109039
2019-04-08 17:08:35,312081,-1.8803406,-12.044312,-11.724701
2019-04-08 17:08:35,312101,-0.30256653,-10.764618,-11.014832
2019-04-08 17:08:35,312121,0.49591064,-10.089447,-8.740341
2019-04-08 17:08:35,312142,-0.84724426,-9.961365,-6.644211
2019-04-08 17:08:35,312161,-1.6504974,-8.396759,-5.364517
2019-04-08 17:08:35,312181,-1.6959839,-7.100296,-4.3457794
2019-04-08 17:08:35,312202,-1.9378052,-6.044449,-3.9938354
2019-04-08 17:08:35,312221,-2.0431519,-5.8098145,-3.3940887
2019-04-08 17:08:35,312242,-1.7785797,-6.704056,-3.759201
2019-04-08 17:08:35,312261,-2.0587006,-7.120636,-6.434723
2019-04-08 17:08:35,312281,-0.7706299,-8.649338,-7.898773
2019-04-08 17:08:35,312302,-2.4322052,-10.619766,-10.389938
2019-04-08 17:08:35,312321,-3.182785,-13.988403,-10.63295
2019-04-08 17:08:35,312341,-3.747818,-13.18515,-11.065109
2019-04-08 17:08:35,312362,-2.1760254,-8.310562,-8.500916
2019-04-08 17:08:35,312381,-0.45339966,-8.830109,-8.068756
2019-04-08 17:08:35,312402,-0.9142761,-7.950241,-7.9394684
2019-04-08 17:08:35,312422,-2.1209564,-5.8146057,-6.312607
2019-04-08 17:08:35,312441,-3.028366,-4.443924,-3.1630402
2019-04-08 17:08:35,312462,-1.7151337,-3.957901,-1.7600403
2019-04-08 17:08:35,312481,-0.94540405,-4.388855,-3.3054962
2019-04-08 17:08:35,312502,-1.6325378,-5.4578705,-5.8277893
2019-04-08 17:08:35,312522,-2.712326,-8.096283,-11.99765
2019-04-08 17:08:35,312541,-1.4685364,-10.210358,-13.556274
2019-04-08 17:08:35,312562,1.1172028,-9.40831,-10.289383
2019-04-08 17:08:35,312581,0.20141602,-5.447098,-8.487747
2019-04-08 17:08:35,312602,-2.5531158,-3.0062103,-8.722382
2019-04-08 17:08:35,312621,1.4691467,-5.2926636,-4.637863
2019-04-08 17:08:35,312641,-0.976532,-5.4099884,-6.2240295
2019-04-08 17:08:35,312662,-1.7187347,-3.3749084,-7.040451
2019-04-08 17:08:35,312681,-2.5962067,-4.622299,-5.660187
2019-04-08 17:08:35,312701,-2.0623016,-7.246338,-5.818207
2019-04-08 17:08:35,312721,-1.526001,-6.903961,-10.045181
2019-04-08 17:08:35,312742,-1.0184326,-2.0317688,-9.523239
2019-04-08 17:08:35,312761,-2.123352,-1.2919617,-11.883926
2019-04-08 17:08:35,312781,-0.95617676,-6.409561,-14.171585
2019-04-08 17:08:35,312801,1.2333221,-8.062759,-10.318115
2019-04-08 17:08:35,312822,-2.657257,-4.90361,-10.592255
2019-04-08 17:08:35,312841,-3.838791,-4.3553467,-13.164825
2019-04-08 17:08:35,312861,-2.2155304,-3.590393,-13.532333
2019-04-08 17:08:35,312882,0.6826477,-6.8740387,-12.615356
2019-04-08 17:08:35,312901,-0.3731842,-6.9877625,-7.9083557
2019-04-08 17:08:35,312921,-0.6161957,-7.9119263,-3.537735
2019-04-08 17:08:35,312942,-4.147644,-3.5760345,-3.774765
2019-04-08 17:08:36,312961,-5.993576,-0.20498657,-7.890396
2019-04-08 17:08:36,312981,-5.202301,-1.4966583,-9.736328
2019-04-08 17:08:36,313002,-4.003998,-3.0181732,-10.222351
2019-04-08 17:08:36,313021,-2.5423431,-4.059662,-10.993271
2019-04-08 17:08:36,313041,-1.8827362,-4.9670563,-10.285797
2019-04-08 17:08:36,313062,-2.3711548,-5.087967,-7.621048
2019-04-08 17:08:36,313081,-2.4968414,-3.9830475,-8.354874
2019-04-08 17:08:36,313101,-2.7685852,-0.77241516,-9.526825
2019-04-08 17:08:36,313122,-1.5379639,-1.2009735,-8.948624
2019-04-08 17:08:36,313141,-1.2410889,-2.6422882,-9.580704
2019-04-08 17:08:36,313161,-3.2546082,-2.155075,-10.998062
2019-04-08 17:08:36,313182,-3.2665863,-1.9874725,-10.271423
2019-04-08 17:08:36,313201,-3.5239563,-2.7105255,-8.445847
2019-04-08 17:08:36,313223,-2.7614136,-2.2484436,-6.241989
2019-04-08 17:08:36,313241,-1.8144989,-1.3613892,-5.936722
2019-04-08 17:08:36,313262,-2.0084229,-0.9615631,-6.0456543
2019-04-08 17:08:36,313281,-3.8040771,2.6213684,-7.7742767
2019-04-08 17:08:36,313302,-5.3854523,4.553482,-11.970108
2019-04-08 17:08:36,313322,-2.348404,5.548279,-10.35881
2019-04-08 17:08:36,313341,2.141922,-1.7648163,-10.610199
2019-04-08 17:08:36,313362,-1.1165924,-4.543289,-11.006439
2019-04-08 17:08:36,313381,-4.7473907,-0.56411743,-10.354019
2019-04-08 17:08:36,313401,-4.1656036,-0.87776184,-10.902298
2019-04-08 17:08:36,313422,-2.444168,-0.37738037,-8.742722
2019-04-08 17:08:36,313441,-0.5491638,-2.0221863,-9.080307
2019-04-08 17:08:36,313461,-3.802887,1.5966492,-10.125381
2019-04-08 17:08:36,313482,-0.8352661,-1.1650696,-8.784622
2019-04-08 17:08:36,313501,-6.060623,0.31933594,-9.123413
2019-04-08 17:08:36,313521,-4.4541016,0.6305847,-8.016083
2019-04-08 17:08:36,313542,-2.5267792,-1.0740814,-7.241562
2019-04-08 17:08:36,313561,-4.2637634,0.39115906,-8.360855
2019-04-08 17:08:36,313581,-1.5044556,1.0447845,-7.6629486
2019-04-08 17:08:36,313601,-2.2406616,0.99809265,-11.075882
2019-04-08 17:08:36,313622,-0.38276672,-0.37857056,-9.241913
2019-04-08 17:08:36,313641,-1.2482758,-1.3182983,-10.962158
2019-04-08 17:08:36,313661,-2.0299835,-1.1135864,-9.622604
2019-04-08 17:08:36,313682,-2.640503,-1.408081,-10.1194
2019-04-08 17:08:36,313701,-2.3041077,-1.7743835,-11.638519
2019-04-08 17:08:36,313722,0.6036377,-3.784317,-8.851669
2019-04-08 17:08:36,313741,-2.0742645,-2.6758118,-10.2043915
2019-04-08 17:08:36,313761,-1.7199249,-2.5644836,-9.475357
2019-04-08 17:08:36,313782,-1.4996643,-3.2851257,-9.098267
2019-04-08 17:08:36,313801,-1.4050903,-2.9631042,-8.609848
2019-04-08 17:08:36,313821,-0.9681549,-2.5908203,-8.624222
2019-04-08 17:08:36,313842,-0.708374,-2.661438,-7.4450684
2019-04-08 17:08:36,313861,-0.105041504,-3.0313416,-7.3480988
2019-04-08 17:08:36,313881,-0.04878235,-3.2731628,-7.691681
2019-04-08 17:08:36,313902,-0.1672821,-3.4251862,-8.529648
2019-04-08 17:08:36,313921,-1.2398834,-3.1163483,-10.270233
2019-04-08 17:08:36,313941,-1.1141968,-4.321823,-8.515274
2019-04-08 17:08:37,313962,-1.9868774,-4.706085,-9.46698
2019-04-08 17:08:37,313981,-0.47494507,-4.8126373,-16.091736
2019-04-08 17:08:37,314001,1.4619598,-9.265854,-9.596268
2019-04-08 17:08:37,314021,-0.20678711,-8.247116,-10.895111
2019-04-08 17:08:37,314042,0.23612976,-7.19606,-6.854904
2019-04-08 17:08:37,314061,0.2205658,-5.925934,-5.8014526
2019-04-08 17:08:37,314082,-0.7957611,-4.4738464,-8.239944
2019-04-08 17:08:37,314101,1.0956573,-7.0787506,-7.407959
2019-04-08 17:08:37,314121,-0.87597656,-6.9961395,-7.6390076
2019-04-08 17:08:37,314141,-1.8767548,-6.574768,-8.374023
2019-04-08 17:08:37,314161,-1.7893677,-5.7978516,-7.7024536
2019-04-08 17:08:37,314182,-1.2686157,-4.7036896,-6.953064
2019-04-08 17:08:37,314201,-0.84484863,-5.787079,-6.9722137
2019-04-08 17:08:37,314222,-0.1960144,-7.2499237,-6.8836365
2019-04-08 17:08:37,314241,0.04220581,-7.1733093,-6.562805
2019-04-08 17:08:37,314262,-0.064331055,-6.765106,-6.626251
2019-04-08 17:08:37,314281,-0.21517944,-7.1338043,-7.6030884
2019-04-08 17:08:37,314301,-0.6401367,-9.264648,-9.239532
2019-04-08 17:08:37,314322,-0.3504486,-11.0950165,-9.523239
2019-04-08 17:08:37,314341,-0.42108154,-11.038757,-9.015671
2019-04-08 17:08:37,314362,-0.76464844,-8.503296,-7.428314
2019-04-08 17:08:37,314381,-0.27622986,-7.7431335,-6.221634
2019-04-08 17:08:37,314401,-1.2829895,-7.574341,-6.340149
2019-04-08 17:08:37,314422,-1.0639191,-6.886017,-6.573578
2019-04-08 17:08:37,314441,-0.77182007,-6.0157166,-6.095932
2019-04-08 17:08:37,314462,-0.98490906,-5.1586,-6.063614
2019-04-08 17:08:37,314481,-1.3141174,-4.9718475,-6.640625
2019-04-08 17:08:37,314501,-0.15890503,-6.9326935,-7.518097
2019-04-08 17:08:37,314522,-0.11341858,-10.595825,-10.084671
2019-04-08 17:08:37,314541,-2.1173706,-10.568298,-11.153687
2019-04-08 17:08:37,314561,-1.549942,-8.200424,-8.492538
2019-04-08 17:08:37,314582,-0.121795654,-7.8532715,-5.5117493
2019-04-08 17:08:37,314601,-0.7514801,-8.866013,-5.1801605
2019-04-08 17:08:37,314621,-0.5252228,-9.182053,-6.826172
2019-04-08 17:08:37,314642,-1.4434052,-7.6437836,-8.767868
2019-04-08 17:08:37,314661,-0.6772461,-6.5951233,-8.117844
2019-04-08 17:08:37,314681,-0.6257782,-6.5963135,-6.7567444
2019-04-08 17:08:37,314702,-0.8352661,-6.9315033,-6.68013
2019-04-08 17:08:37,314721,-0.9106903,-8.180084,-7.5995026
2019-04-08 17:08:37,314742,-1.3296661,-7.6210327,-8.388382
2019-04-08 17:08:37,314761,-1.1022186,-6.4610443,-7.9370728
2019-04-08 17:08:37,314781,-0.708374,-6.569977,-7.215225
2019-04-08 17:08:37,314802,-0.20201111,-7.290634,-7.526474
2019-04-08 17:08:37,314821,-1.2243347,-7.199646,-8.602661
2019-04-08 17:08:37,314841,-1.0088501,-7.29303,-9.379593
2019-04-08 17:08:37,314862,-0.67126465,-7.37323,-9.100662
2019-04-08 17:08:37,314881,-1.1884155,-6.5376587,-8.424301
2019-04-08 17:08:37,314902,-1.1656647,-5.982193,-7.9119415
2019-04-08 17:08:37,314921,-1.154892,-5.9271393,-7.7060394
2019-04-08 17:08:37,314942,-1.2147522,-5.992981,-8.206421
2019-04-08 17:08:38,314962,-1.110611,-6.1653595,-8.824127
2019-04-08 17:08:38,314981,-0.8604126,-5.673355,-8.733154
2019-04-08 17:08:38,315002,-0.8604126,-5.0281067,-8.710403
2019-04-08 17:08:38,315021,-0.9908905,-5.1454315,-8.613434
2019-04-08 17:08:38,315041,-1.3236847,-5.1418304,-9.657318
2019-04-08 17:08:38,315062,-0.72154236,-5.6865234,-9.439438
2019-04-08 17:08:38,315081,-0.95259094,-4.9479065,-9.446625
2019-04-08 17:08:38,315102,-0.7730255,-4.451111,-8.824127
2019-04-08 17:08:38,315121,-0.8328705,-4.5839844,-10.172073
2019-04-08 17:08:38,315141,-1.0699005,-4.58757,-10.764633
2019-04-08 17:08:38,315162,-1.8109131,-3.5760345,-10.965744
2019-04-08 17:08:38,315181,-1.273407,-3.210907,-9.958984
2019-04-08 17:08:38,315201,-0.79815674,-3.590393,-9.969757
2019-04-08 17:08:38,315222,-1.4541779,-3.6646118,-9.699219
2019-04-08 17:08:38,315241,-1.8372498,-3.495819,-8.995316
2019-04-08 17:08:38,315261,-2.1137695,-3.2396393,-8.628998
2019-04-08 17:08:38,315282,-2.5507202,-2.6578522,-8.486542
2019-04-08 17:08:38,315301,-2.9361877,-1.4332123,-8.545212
2019-04-08 17:08:38,315321,-3.166031,-0.8226929,-9.197632
2019-04-08 17:08:38,315342,-3.182785,-1.4966583,-9.557953
2019-04-08 17:08:38,315361,-3.5179749,-1.7001648,-8.959396
2019-04-08 17:08:38,315381,-3.5119934,-1.7779846,-9.286209
2019-04-08 17:08:38,315402,-3.7286682,-1.7097473,-9.398743
2019-04-08 17:08:38,315421,-2.8930817,-0.91007996,-8.551193
2019-04-08 17:08:38,315442,-2.3687592,0.0033111572,-8.669708
2019-04-08 17:08:38,315461,-2.3891144,-0.0026855469,-8.387192
2019-04-08 17:08:38,315481,-2.1520844,-0.12120056,-8.998901
2019-04-08 17:08:38,315502,-2.6476746,0.64494324,-8.769058
2019-04-08 17:08:38,315521,-2.7111206,0.43666077,-7.4773865
2019-04-08 17:08:38,315541,-2.2083435,0.5611572,-8.250717
2019-04-08 17:08:38,315562,-3.7071228,-0.29237366,-8.711609
2019-04-08 17:08:38,315581,-2.2083435,-0.9088898,-10.649704
2019-04-08 17:08:38,315601,-1.470932,-0.58088684,-9.027634
2019-04-08 17:08:38,315622,-2.3232727,-0.16070557,-9.325714
2019-04-08 17:08:38,315641,-2.2466583,-0.25646973,-8.4614105
2019-04-08 17:08:38,315662,-2.5578918,-0.3905487,-8.690063
2019-04-08 17:08:38,315681,-2.5435333,-0.5689087,-8.488937
2019-04-08 17:08:38,315702,-2.1197662,-1.1914062,-9.316147
2019-04-08 17:08:38,315722,-2.1568756,-1.0477448,-9.232346
2019-04-08 17:08:38,315741,-1.8061218,-1.1483002,-8.87561
2019-04-08 17:08:38,315762,-2.767395,-1.1327515,-8.57753
2019-04-08 17:08:38,315781,-2.8954773,-0.9400177,-9.265854
2019-04-08 17:08:38,315802,-2.2993317,-1.399704,-8.63858
2019-04-08 17:08:38,315821,-1.6217651,-2.100006,-8.636185
2019-04-08 17:08:38,315842,-0.7155609,-3.6981354,-8.389587
2019-04-08 17:08:38,315862,-0.921463,-3.9531097,-9.340088
2019-04-08 17:08:38,315881,-0.8532257,-2.9631042,-9.641754
2019-04-08 17:08:38,315902,-0.25706482,-2.937973,-9.112625
2019-04-08 17:08:38,315921,-0.48571777,-3.4359741,-9.085098
2019-04-08 17:08:38,315941,-0.47973633,-3.7986908,-9.130585
2019-04-08 17:08:39,315962,-0.13256836,-4.4379425,-10.178055
2019-04-08 17:08:39,315981,1.0262146,-5.6039124,-9.744705
2019-04-08 17:08:39,316001,-0.02482605,-6.2168274,-9.480148
2019-04-08 17:08:39,316022,-0.44979858,-5.678131,-9.007294
2019-04-08 17:08:39,316041,-0.9286499,-5.6470184,-8.41951
2019-04-08 17:08:39,316061,-0.6185913,-5.783478,-8.806168
2019-04-08 17:08:39,316081,0.21818542,-6.650177,-8.9318695
2019-04-08 17:08:39,316101,0.10444641,-7.37204,-8.581116
2019-04-08 17:08:39,316122,-0.26664734,-7.8496704,-8.549988
2019-04-08 17:08:39,316141,-0.7311249,-7.459427,-8.393173
2019-04-08 17:08:39,316161,-0.35882568,-6.8680573,-8.140579
2019-04-08 17:08:39,316181,-0.21636963,-6.512512,-7.6102753
2019-04-08 17:08:39,316202,-0.017654419,-6.4933624,-6.8213806
2019-04-08 17:08:39,316221,-0.33607483,-6.811798,-6.751953
2019-04-08 17:08:39,316242,-0.5096588,-7.7467194,-7.4570465
2019-04-08 17:08:39,316261,-0.8017578,-8.561951,-8.770264
2019-04-08 17:08:39,316281,-0.6916199,-8.825317,-8.530838
2019-04-08 17:08:39,316302,-0.9226532,-8.436264,-8.460205
2019-04-08 17:08:39,316321,-0.62338257,-8.532028,-8.672104
2019-04-08 17:08:39,316341,-0.34684753,-8.716385,-8.472183
2019-04-08 17:08:39,316362,-0.32769775,-8.87439,-8.295013
2019-04-08 17:08:39,316381,-0.8388672,-9.158112,-8.265091
2019-04-08 17:08:39,316401,-0.8352661,-8.168106,-6.9913635
2019-04-08 17:08:39,316422,-0.65330505,-6.978195,-6.36528
2019-04-08 17:08:39,316441,-0.49169922,-7.5923004,-6.6980743
2019-04-08 17:08:39,316461,-1.3392487,-7.7670746,-6.5041504
2019-04-08 17:08:39,316482,-1.3464355,-7.0559998,-6.2407837
2019-04-08 17:08:39,316501,-0.59225464,-6.870453,-6.755539
2019-04-08 17:08:39,316522,-0.30973816,-7.492935,-6.9003906
2019-04-08 17:08:39,316542,-0.7119751,-8.547592,-7.534851
2019-04-08 17:08:39,316561,-0.43185425,-8.918686,-8.170517
2019-04-08 17:08:39,316582,-0.85562134,-8.071136,-8.010101
2019-04-08 17:08:39,316601,-1.1680603,-6.930298,-7.1853027
2019-04-08 17:08:39,316622,-1.150116,-6.921921,-7.316986
2019-04-08 17:08:39,316641,-0.664093,-7.716797,-8.897156
2019-04-08 17:08:39,316662,-0.7490845,-8.261475,-10.076294
2019-04-08 17:08:39,316681,-0.75865173,-8.042404,-10.187622
2019-04-08 17:08:39,316702,-0.6736603,-7.2523193,-8.842087
2019-04-08 17:08:39,316721,-0.624588,-7.187683,-7.902359
2019-04-08 17:08:39,316742,-0.6437378,-6.978195,-8.165726
2019-04-08 17:08:39,316762,-0.81611633,-6.6956787,-8.152557
2019-04-08 17:08:39,316781,-1.036377,-6.253937,-7.9753876
2019-04-08 17:08:39,316801,-0.8747711,-5.9355164,-8.253113
2019-04-08 17:08:39,316822,-0.5994415,-5.5955353,-8.624222
2019-04-08 17:08:39,316841,-0.37557983,-5.7224274,-9.280228
2019-04-08 17:08:39,316861,-0.6976013,-5.539276,-9.815338
2019-04-08 17:08:39,316881,-0.88435364,-5.851715,-9.122208
2019-04-08 17:08:39,316901,-1.297348,-5.6170807,-8.772659
2019-04-08 17:08:39,316921,-1.150116,-4.716858,-8.478165
2019-04-08 17:08:39,316941,-0.73831177,-4.858124,-9.118622
2019-04-08 17:08:40,316961,-0.8508301,-4.3625183,-9.409515
2019-04-08 17:08:40,316982,-1.4026947,-3.681366,-9.508865
2019-04-08 17:08:40,317001,-1.0746918,-3.5616608,-9.6393585
2019-04-08 17:08:40,317021,-1.6026154,-4.0871887,-10.024826
2019-04-08 17:08:40,317042,-1.6720428,-4.356537,-10.31572
2019-04-08 17:08:40,317061,-1.6169739,-4.4331512,-9.629776
2019-04-08 17:08:40,317081,-2.0646973,-2.8817139,-8.771454
2019-04-08 17:08:40,317101,-2.1951752,-1.9635315,-8.518875
2019-04-08 17:08:40,317122,-2.640503,-1.839035,-8.706818
2019-04-08 17:08:40,317141,-2.190384,-2.2651978,-9.062347
2019-04-08 17:08:40,317161,-2.150879,-1.344635,-8.539215
2019-04-08 17:08:40,317182,-2.523178,-0.84184265,-8.571548
2019-04-08 17:08:40,317201,-2.8559723,-1.1698608,-8.87561
2019-04-08 17:08:40,317221,-2.6321259,-1.0549316,-8.882782
2019-04-08 17:08:40,317241,-2.1484833,-0.894516,-8.180084
2019-04-08 17:08:40,317261,-2.7530212,0.39115906,-8.886383
2019-04-08 17:08:40,317282,-3.1265259,-0.6407318,-8.038834
2019-04-08 17:08:40,317301,-2.2957306,-0.80952454,-7.2834625
2019-04-08 17:08:40,317321,-4.361923,0.22117615,-7.7706757
2019-04-08 17:08:40,317342,-3.5455017,0.38638306,-7.107483
2019-04-08 17:08:40,317361,-1.5463562,2.379547,-9.265854
2019-04-08 17:08:40,317382,-4.984421,1.9461975,-8.51767
2019-04-08 17:08:40,317401,-1.0651093,0.7718353,-9.601044
2019-04-08 17:08:40,317422,-1.3572083,-3.087616,-9.261078
2019-04-08 17:08:40,317442,-2.0850372,-2.4854736,-9.894333
2019-04-08 17:08:40,317461,-3.270172,-1.3338623,-9.002502
2019-04-08 17:08:40,317482,-2.07547,-0.6275635,-9.592667
2019-04-08 17:08:40,317501,-1.1297607,0.036819458,-8.262695
2019-04-08 17:08:40,317522,-0.8675995,-0.7927704,-8.146576
2019-04-08 17:08:40,317541,-1.5188141,-1.6869965,-7.7491302
2019-04-08 17:08:40,317562,-1.7007751,-2.4782867,-8.098694
2019-04-08 17:08:40,317581,-1.7881622,-2.3705444,-9.342468
2019-04-08 17:08:40,317601,-0.23072815,-1.9946594,-9.495712
2019-04-08 17:08:40,317621,0.8239136,-3.6394806,-7.814972
2019-04-08 17:08:40,317641,-0.9262543,-4.057266,-10.020035
2019-04-08 17:08:40,317661,-0.51924133,-4.0512695,-10.240295
2019-04-08 17:08:40,317682,0.56773376,-5.499771,-9.848846
2019-04-08 17:08:40,317701,0.21818542,-5.886429,-8.619431
2019-04-08 17:08:40,317721,-0.9071045,-5.5680084,-7.861664
2019-04-08 17:08:40,317742,-0.53718567,-5.487793,-7.901169
2019-04-08 17:08:40,317761,0.08769226,-5.7774963,-8.0460205
2019-04-08 17:08:40,317781,1.2165527,-6.013321,-10.065521
2019-04-08 17:08:40,317801,0.52822876,-7.2918243,-10.25946
2019-04-08 17:08:40,317822,-0.44621277,-7.076355,-9.252701
2019-04-08 17:08:40,317841,-0.69281006,-6.0001526,-7.8808136
2019-04-08 17:08:40,317861,-0.13735962,-6.164154,-7.783844
2019-04-08 17:08:40,317882,0.2672577,-6.820175,-7.039261
2019-04-08 17:08:40,317901,0.31394958,-7.1888733,-7.633011
2019-04-08 17:08:40,317921,0.36183167,-7.5336456,-8.545212
2019-04-08 17:08:40,317942,-0.05834961,-8.607437,-9.3628235
2019-04-08 17:08:41,317961,-0.36720276,-9.068329,-8.536819
2019-04-08 17:08:41,317981,-0.5288086,-8.984528,-7.0224915
2019-04-08 17:08:41,318002,-0.72991943,-8.0112915,-6.458664
2019-04-08 17:08:41,318021,-0.4414215,-7.4630127,-7.2439575
2019-04-08 17:08:41,318041,-0.14694214,-7.7993927,-8.266281
2019-04-08 17:08:41,318062,-0.25827026,-8.868408,-9.385574
2019-04-08 17:08:41,318081,-0.24031067,-9.325699,-9.575912
2019-04-08 17:08:41,318102,-0.43544006,-9.229935,-8.59668
2019-04-08 17:08:41,318121,-0.71076965,-7.4067535,-7.506119
2019-04-08 17:08:41,318141,0.21697998,-7.278656,-6.0887604
2019-04-08 17:08:41,318162,0.21218872,-7.86644,-6.1210785
2019-04-08 17:08:41,318181,-0.39593506,-7.495331,-7.3780365
2019-04-08 17:08:41,318202,-0.35882568,-7.76947,-7.886795
2019-04-08 17:08:41,318221,-0.723938,-8.035233,-8.056793
2019-04-08 17:08:41,318242,-0.73591614,-8.140579,-7.5767517
2019-04-08 17:08:41,318262,-0.54797363,-7.993332,-7.466614
2019-04-08 17:08:41,318281,-0.5395813,-8.283035,-8.049606
2019-04-08 17:08:41,318302,-0.89512634,-7.919113,-8.132202
2019-04-08 17:08:41,318321,-0.7023926,-7.808975,-8.1645355
2019-04-08 17:08:41,318342,-0.51924133,-7.630615,-8.063965
2019-04-08 17:08:41,318361,-0.6628876,-7.2283783,-7.9442596
2019-04-08 17:08:41,318382,-1.3141174,-6.8584747,-7.858078
2019-04-08 17:08:41,318401,-1.3631897,-6.5998993,-7.818573
2019-04-08 17:08:41,318421,-1.2865753,-6.428726,-7.795822
2019-04-08 17:08:41,318442,-1.6169739,-6.1067047,-8.757095
2019-04-08 17:08:41,318461,-1.3009491,-6.1186676,-9.680054
2019-04-08 17:08:41,318481,-0.49649048,-6.5484314,-10.102631
2019-04-08 17:08:41,318502,-0.9729309,-5.618286,-9.668091
2019-04-08 17:08:41,318521,-0.9286499,-5.4782257,-9.340088
2019-04-08 17:08:41,318541,-0.60302734,-6.5089264,-8.889969
2019-04-08 17:08:41,318562,-1.4841003,-5.805023,-9.360428
2019-04-08 17:08:41,318581,-1.620575,-4.4151917,-9.051575
2019-04-08 17:08:41,318601,-1.2877808,-4.3984375,-9.3029785
2019-04-08 17:08:41,318622,-1.1082153,-5.350128,-9.453812
2019-04-08 17:08:41,318641,-1.5236053,-4.2607727,-8.71759
2019-04-08 17:08:41,318661,-1.6325378,-2.8757172,-8.6349945
2019-04-08 17:08:41,318681,-2.1029968,-2.4687042,-10.0703125
2019-04-08 17:08:41,318702,-2.3292542,-2.6339111,-9.981735
2019-04-08 17:08:41,318722,-1.6516876,-2.5596924,-9.154526
2019-04-08 17:08:41,318741,-1.6900024,-2.779953,-9.713577
2019-04-08 17:08:41,318761,-2.6392975,-2.3717499,-10.235519
2019-04-08 17:08:41,318782,-2.735077,-2.3418121,-8.89476
2019-04-08 17:08:41,318801,-2.478897,-1.6606598,-8.32254
2019-04-08 17:08:41,318821,-2.8763275,-0.38694763,-8.32254
2019-04-08 17:08:41,318842,-3.1408844,0.7251587,-7.902359
2019-04-08 17:08:41,318861,-2.4585419,0.20561218,-7.4606323
2019-04-08 17:08:41,318881,-2.1329346,-0.32110596,-7.2846527
2019-04-08 17:08:41,318902,-2.3651733,0.24632263,-6.93631
2019-04-08 17:08:41,318922,-3.4150238,1.2111816,-6.68013
2019-04-08 17:08:41,318941,-3.699936,1.5966492,-6.723221
2019-04-08 17:08:42,318962,-1.7570343,0.3025818,-8.970184
2019-04-08 17:08:42,318981,-2.8715363,-1.028595,-9.2634735
2019-04-08 17:08:42,319002,-3.9345703,-0.894516,-9.204803
2019-04-08 17:08:42,319021,-2.894287,-0.5102539,-8.3405
2019-04-08 17:08:42,319042,-2.209549,0.018859863,-7.562393
2019-04-08 17:08:42,319061,-2.1401062,0.12301636,-7.7335663
2019-04-08 17:08:42,319082,-2.2310944,-1.0549316,-8.168121
2019-04-08 17:08:42,319101,-1.6911926,-2.2197113,-8.759491
2019-04-08 17:08:42,319121,-1.4398041,-2.704544,-8.426697
2019-04-08 17:08:42,319142,-1.367981,-1.7839661,-9.48613
2019-04-08 17:08:42,319161,-0.74308777,-1.5900421,-8.905533
2019-04-08 17:08:42,319182,-0.5778961,-2.2987213,-8.433884
2019-04-08 17:08:42,319201,-1.2542572,-2.2448578,-9.040802
2019-04-08 17:08:42,319221,-1.0854645,-3.0540924,-9.736328
2019-04-08 17:08:42,319242,0.06854248,-5.597931,-8.292618
2019-04-08 17:08:42,319262,-0.76823425,-5.5332947,-8.512878
2019-04-08 17:08:42,319282,-1.0902557,-4.5923615,-9.495712
2019-04-08 17:08:42,319301,-0.65330505,-4.3242188,-9.613022
2019-04-08 17:08:42,319322,-0.45819092,-5.206482,-9.595062
2019-04-08 17:08:42,319341,-0.5958557,-6.0707855,-9.304169
2019-04-08 17:08:42,319361,-0.80773926,-7.5336456,-8.876801
2019-04-08 17:08:42,319382,-1.1524963,-7.3289337,-8.667313
2019-04-08 17:08:42,319401,-0.4593811,-7.330139,-8.378815
2019-04-08 17:08:42,319421,0.09248352,-7.539627,-8.599075
2019-04-08 17:08:42,319442,0.27444458,-7.9969177,-8.763077
2019-04-08 17:08:42,319461,-0.22235107,-8.397949,-9.025238
2019-04-08 17:08:42,319481,-0.60183716,-8.283035,-8.820541
2019-04-08 17:08:42,319501,-0.91548157,-7.8963623,-8.450638
2019-04-08 17:08:42,319522,-0.92025757,-7.749115,-8.067566
2019-04-08 17:08:42,319541,-0.6916199,-7.634201,-8.049606
2019-04-08 17:08:42,319561,-0.27622986,-8.0160675,-8.435074
2019-04-08 17:08:42,319582,0.02305603,-8.384781,-8.721176
2019-04-08 17:08:42,319601,-0.292984,-8.371613,-8.535629
2019-04-08 17:08:42,319621,-0.74308777,-8.306976,-8.334518
2019-04-08 17:08:42,319642,-0.2319336,-8.875595,-8.126221
2019-04-08 17:08:42,319661,-0.8233032,-8.796585,-8.180084
2019-04-08 17:08:42,319681,-1.4457855,-7.5121,-6.8237762
2019-04-08 17:08:42,319702,-0.28579712,-7.29422,-7.056015
2019-04-08 17:08:42,319721,-1.2506714,-7.8496704,-8.025665
2019-04-08 17:08:42,319741,-0.94898987,-7.9873505,-7.3876038
2019-04-08 17:08:42,319762,-0.62098694,-7.258316,-7.8101807
2019-04-08 17:08:42,319781,-0.51564026,-7.0559998,-8.271072
2019-04-08 17:08:42,319802,-0.76942444,-7.472595,-8.175308
2019-04-08 17:08:42,319821,-0.7885895,-7.551605,-8.402756
2019-04-08 17:08:42,319842,-0.68922424,-7.198456,-8.277054
2019-04-08 17:08:42,319861,-1.3536224,-6.705246,-8.047211
2019-04-08 17:08:42,319882,-1.4649506,-6.725601,-7.9634094
2019-04-08 17:08:42,319902,-1.336853,-7.0667725,-9.148544
2019-04-08 17:08:42,319921,-0.8687897,-7.4175262,-10.704773
2019-04-08 17:08:42,319942,-0.18045044,-7.5264587,-11.019608
2019-04-08 17:08:43,319961,-0.14454651,-7.218811,-9.7435
2019-04-08 17:08:43,319982,-0.6628876,-6.506531,-9.390366
2019-04-08 17:08:43,320001,-0.8711853,-6.253937,-9.123413
2019-04-08 17:08:43,320022,-1.1908112,-5.8816376,-8.803787
2019-04-08 17:08:43,320041,-1.5679016,-5.3836517,-8.790619
2019-04-08 17:08:43,320061,-1.4374084,-5.4830017,-8.24115
2019-04-08 17:08:43,320082,-1.6277466,-4.84375,-8.685272
2019-04-08 17:08:43,320101,-1.5283966,-4.1362762,-8.511688
2019-04-08 17:08:43,320121,-1.7211304,-4.1817627,-8.8923645
2019-04-08 17:08:43,320141,-2.3136902,-4.305069,-9.180862
2019-04-08 17:08:43,320162,-2.4549408,-3.0217743,-9.226364
2019-04-08 17:08:43,320181,-2.6656342,-2.6195374,-8.511688
2019-04-08 17:08:43,320201,-2.657257,-2.6997528,-9.038406
2019-04-08 17:08:43,320221,-2.6500702,-2.2927399,-8.953415
2019-04-08 17:08:43,320242,-3.0295563,-1.1087952,-8.284241
2019-04-08 17:08:43,320261,-3.1959534,-0.64312744,-8.305786
2019-04-08 17:08:43,320281,-2.7661896,-0.53060913,-7.837723
2019-04-08 17:08:43,320301,-2.7530212,-0.17625427,-7.498947
2019-04-08 17:08:43,320322,-3.110962,0.25709534,-7.435501
2019-04-08 17:08:43,320341,-2.9864655,0.59347534,-7.0979156
2019-04-08 17:08:43,320361,-3.6891632,1.521225,-6.882431
2019-04-08 17:08:43,320382,-2.8787231,0.7095947,-7.0775604
2019-04-08 17:08:43,320401,-2.5531158,-1.399704,-7.9873505
2019-04-08 17:08:43,320421,-3.7681732,-1.0537415,-7.5767517
2019-04-08 17:08:43,320442,-3.8483734,0.2942047,-8.581116
2019-04-08 17:08:43,320461,-2.0958252,0.5001068,-8.227982
2019-04-08 17:08:43,320481,-2.518402,0.60543823,-7.7682953
2019-04-08 17:08:43,320502,-3.3204498,0.2331543,-8.383591
2019-04-08 17:08:43,320521,-1.7606354,-1.6534882,-8.924683
2019-04-08 17:08:43,320542,-1.257843,-3.4994202,-9.128189
2019-04-08 17:08:43,320561,-1.510437,-3.3796997,-8.860046
2019-04-08 17:08:43,320581,-2.1161652,-2.3202667,-8.41832
2019-04-08 17:08:43,320602,-2.1029968,-1.6127777,-8.957016
2019-04-08 17:08:43,320621,-1.5583191,-2.9415588,-8.570343
2019-04-08 17:08:43,320642,-0.93463135,-4.1817627,-8.18129
2019-04-08 17:08:43,320661,-0.3983307,-4.785095,-8.364441
2019-04-08 17:08:43,320682,-0.53718567,-5.436325,-8.491333
2019-04-08 17:08:43,320701,-0.8328705,-6.322174,-8.798996
2019-04-08 17:08:43,320722,-0.48213196,-6.743561,-9.766251
2019-04-08 17:08:43,320742,-0.28460693,-6.653778,-8.844482
2019-04-08 17:08:43,320761,-0.39952087,-6.4658356,-8.504501
2019-04-08 17:08:43,320782,-0.75746155,-7.0787506,-9.049179
2019-04-08 17:08:43,320801,-0.7837982,-8.181274,-9.48732
2019-04-08 17:08:43,320822,0.15472412,-8.900726,-8.660126
2019-04-08 17:08:43,320841,-0.20080566,-8.903122,-8.661331
2019-04-08 17:08:43,320861,-0.8628082,-8.233948,-7.716812
2019-04-08 17:08:43,320882,-1.3177032,-8.381195,-8.201645
2019-04-08 17:08:43,320901,-1.3955078,-8.456604,-7.622238
2019-04-08 17:08:43,320922,-0.6724701,-8.542801,-7.644989
2019-04-08 17:08:43,320941,-0.13496399,-8.354858,-8.24115
2019-04-08 17:08:44,320961,0.15472412,-8.417099,-8.628998
2019-04-08 17:08:44,320982,-0.67845154,-7.879608,-8.1453705
2019-04-08 17:08:44,321001,-1.1381378,-7.4175262,-7.5204926
2019-04-08 17:08:44,321021,-0.07272339,-8.156128,-7.8496857
2019-04-08 17:08:44,321041,-0.22953796,-8.396759,-8.3033905
2019-04-08 17:08:44,321061,-0.64134216,-8.784607,-8.207626
2019-04-08 17:08:44,321082,-0.50367737,-8.820526,-8.377609
2019-04-08 17:08:44,321101,-0.4881134,-8.7235565,-8.572739
2019-04-08 17:08:44,321121,-1.0447693,-8.789398,-7.542038
2019-04-08 17:08:44,321142,-0.93821716,-7.899948,-6.28627
2019-04-08 17:08:44,321161,-0.2786255,-7.571945,-7.17572
2019-04-08 17:08:44,321181,-0.25946045,-8.237534,-9.07074
2019-04-08 17:08:44,321202,-1.0136414,-7.4977264,-9.264664
2019-04-08 17:08:44,321221,-1.0507507,-6.704056,-8.1250305
2019-04-08 17:08:44,321241,-0.9477997,-6.514908,-6.973419
2019-04-08 17:08:44,321262,-0.6772461,-6.864456,-6.77829
2019-04-08 17:08:44,321281,-0.80055237,-7.0811462,-8.627808
2019-04-08 17:08:44,321301,-0.30973816,-7.172119,-9.930252
2019-04-08 17:08:44,321322,-0.16369629,-7.187683,-10.389938
2019-04-08 17:08:44,321341,-0.3444519,-7.2415466,-10.088272
2019-04-08 17:08:44,321361,-0.35762024,-7.299011,-10.212769
2019-04-08 17:08:44,321382,-0.506073,-6.4263306,-9.154526
2019-04-08 17:08:44,321401,-1.0914459,-5.247177,-8.794205
2019-04-08 17:08:44,321422,-1.4481812,-4.8892517,-8.827728
2019-04-08 17:08:44,321441,-1.431427,-4.5756073,-8.369232
2019-04-08 17:08:44,321462,-1.3236847,-4.0788116,-8.565552
2019-04-08 17:08:44,321481,-1.541565,-3.265976,-8.966583
2019-04-08 17:08:44,321502,-1.178833,-3.2719574,-8.927078
2019-04-08 17:08:44,321521,-0.97413635,-4.58757,-9.148544
2019-04-08 17:08:44,321542,-1.6852112,-4.8892517,-9.0503845
2019-04-08 17:08:44,321561,-3.2127075,-2.8098755,-9.200027
2019-04-08 17:08:44,321582,-3.8962555,-1.8270569,-9.998489
2019-04-08 17:08:44,321601,-3.6005707,-1.7720032,-9.72316
2019-04-08 17:08:44,321622,-2.7087402,-0.46116638,-8.218399
2019-04-08 17:08:44,321641,-2.1006012,-0.755661,-7.557602
2019-04-08 17:08:44,321661,-2.478897,-0.59284973,-7.5875244
2019-04-08 17:08:44,321682,-2.8751373,0.204422,-6.9506683
2019-04-08 17:08:44,321701,-3.213913,0.6880493,-8.025665
2019-04-08 17:08:44,321721,-2.933792,0.92626953,-7.4103546
2019-04-08 17:08:44,321742,-1.9952545,0.22476196,-6.3820496
2019-04-08 17:08:44,321761,-2.5471191,-0.2720337,-6.665756
2019-04-08 17:08:44,321782,-3.2115173,0.6281891,-7.8173676
2019-04-08 17:08:44,321801,-3.8160553,0.3995514,-7.6234436
2019-04-08 17:08:44,321821,-2.9673004,-0.07569885,-7.6593475
2019-04-08 17:08:44,321842,-1.0028687,-1.1925964,-7.98497
2019-04-08 17:08:44,321861,-1.9294281,-1.1938019,-8.308182
2019-04-08 17:08:44,321882,-3.0175781,-1.3625946,-9.511261
2019-04-08 17:08:44,321901,-1.6947937,-2.2245026,-8.281845
2019-04-08 17:08:44,321921,-2.1520844,-1.6798248,-8.581116
2019-04-08 17:08:44,321942,-2.8835144,-1.8174896,-8.716385
2019-04-08 17:08:45,321961,-1.5176239,-2.6398926,-8.97377
2019-04-08 17:08:45,321981,-1.4517822,-3.151062,-9.587875
2019-04-08 17:08:45,322002,-1.1872253,-3.7508087,-8.775055
2019-04-08 17:08:45,322021,-0.73591614,-4.4056244,-8.232758
2019-04-08 17:08:45,322041,-1.7845764,-3.8441772,-8.266281
2019-04-08 17:08:45,322062,-2.3065033,-3.9531097,-8.601471
2019-04-08 17:08:45,322081,-0.7119751,-6.222824,-7.411545
2019-04-08 17:08:45,322101,-1.4445953,-7.7898254,-8.06517
2019-04-08 17:08:45,322122,-1.0268097,-7.35408,-9.911102
2019-04-08 17:08:45,322141,0.16072083,-6.459839,-10.593445
2019-04-08 17:08:45,322162,0.22296143,-6.3832245,-9.438248
2019-04-08 17:08:45,322181,-0.100250244,-7.720398,-9.839279
2019-04-08 17:08:45,322201,0.124801636,-9.223953,-9.543594
2019-04-08 17:08:45,322222,0.06854248,-8.813339,-8.425491
2019-04-08 17:08:45,322241,0.2373352,-8.079514,-8.544006
2019-04-08 17:08:45,322262,0.052978516,-7.8652344,-8.290222
2019-04-08 17:08:45,322281,-0.589859,-8.168106,-8.514084
2019-04-08 17:08:45,322302,-1.3344574,-7.53244,-8.466202
2019-04-08 17:08:45,322321,-1.4960632,-7.206833,-7.82695
2019-04-08 17:08:45,322342,-0.93582153,-8.277039,-7.494156
2019-04-08 17:08:45,322362,-0.8101349,-8.784607,-7.4977417
2019-04-08 17:08:45,322381,-0.32769775,-8.700821,-8.464996
2019-04-08 17:08:45,322402,-0.11820984,-8.973755,-9.01207
2019-04-08 17:08:45,322421,-0.3695984,-8.962982,-9.069534
2019-04-08 17:08:45,322442,-0.7550659,-8.385971,-8.904343
2019-04-08 17:08:45,322461,-0.7119751,-8.372818,-8.380005
2019-04-08 17:08:45,322481,-0.90948486,-7.653351,-7.1218567
2019-04-08 17:08:45,322502,-1.0172272,-6.85968,-7.265503
2019-04-08 17:08:45,322521,-0.41389465,-7.986145,-7.974182
2019-04-08 17:08:45,322542,-0.37678528,-8.558365,-8.666107
2019-04-08 17:08:45,322561,-0.70957947,-7.5887146,-8.544006
2019-04-08 17:08:45,322582,-0.63775635,-6.502945,-7.392395
2019-04-08 17:08:45,322601,-0.7167511,-6.823761,-7.6701202
2019-04-08 17:08:45,322621,-0.4773407,-7.8460846,-8.693649
2019-04-08 17:08:45,322642,-0.52282715,-7.369644,-9.158127
2019-04-08 17:08:45,322661,-0.7766113,-6.583145,-8.822937
2019-04-08 17:08:45,322681,-0.8316803,-6.119873,-9.295792
2019-04-08 17:08:45,322702,-0.6461334,-6.5448303,-10.750259
2019-04-08 17:08:45,322721,-0.6006317,-6.7459564,-11.022003
2019-04-08 17:08:45,322741,-0.33129883,-6.456253,-10.320511
2019-04-08 17:08:45,322762,-0.32051086,-5.9881897,-9.391556
2019-04-08 17:08:45,322781,-0.5766907,-5.668564,-9.3077545
2019-04-08 17:08:45,322801,-1.1010284,-4.977829,-9.208405
2019-04-08 17:08:45,322822,-1.3907318,-4.301468,-9.342468
2019-04-08 17:08:45,322841,-1.3703766,-4.442734,-8.575134
2019-04-08 17:08:45,322861,-1.3164978,-3.8058777,-8.464996
2019-04-08 17:08:45,322882,-1.8168945,-2.5955963,-8.450638
2019-04-08 17:08:45,322901,-2.763794,-1.7947388,-8.316559
2019-04-08 17:08:45,322922,-2.64888,-1.6163788,-7.917923
2019-04-08 17:08:45,322941,-2.2825623,-1.9419861,-7.9586334
2019-04-08 17:08:46,322961,-2.7554169,-1.2141418,-8.08432
2019-04-08 17:08:46,322982,-2.8679504,-0.19900513,-8.207626
2019-04-08 17:08:46,323001,-2.2957306,-0.463562,-8.372818
2019-04-08 17:08:46,323021,-2.2346802,-0.4132843,-8.488937
2019-04-08 17:08:46,323042,-2.226303,0.08111572,-8.459015
2019-04-08 17:08:46,323061,-2.6752167,0.94062805,-7.8281403
2019-04-08 17:08:46,323082,-2.1245422,1.0555573,-5.9487
2019-04-08 17:08:46,323102,-2.700348,0.58270264,-6.1881104
2019-04-08 17:08:46,323121,-2.664444,1.1644897,-7.01651
2019-04-08 17:08:46,323142,-3.1157532,1.0208435,-7.4055634
2019-04-08 17:08:46,323161,-1.8144989,-0.3438568,-7.3181763
2019-04-08 17:08:46,323182,-1.2829895,-1.8653717,-7.807785
2019-04-08 17:08:46,323201,-2.8571777,-0.96635437,-8.502106
2019-04-08 17:08:46,323222,-2.2442627,-0.77960205,-8.409927
2019-04-08 17:08:46,323241,-1.6409149,-0.45877075,-8.927078
2019-04-08 17:08:46,323262,-1.4062805,-0.49588013,-8.878006
2019-04-08 17:08:46,323281,-1.1237793,-1.5158234,-8.972565
2019-04-08 17:08:46,323302,-1.079483,-3.681366,-8.906738
2019-04-08 17:08:46,323321,-1.1596832,-4.210495,-9.119812
2019-04-08 17:08:46,323341,-1.6145782,-4.2679443,-8.208817
2019-04-08 17:08:46,323362,-1.3164978,-4.0069885,-9.252701
2019-04-08 17:08:46,323381,-1.1680603,-4.404419,-9.753082
2019-04-08 17:08:46,323402,-0.28460693,-6.194092,-8.323746
2019-04-08 17:08:46,323421,-0.117004395,-6.6430054,-8.266281
2019-04-08 17:08:46,323441,-1.1165924,-6.547226,-8.752304
2019-04-08 17:08:46,323462,-0.9897003,-6.377243,-9.300583
2019-04-08 17:08:46,323481,-0.6832428,-6.6214447,-9.469376
2019-04-08 17:08:46,323501,0.38935852,-7.285843,-8.324936
2019-04-08 17:08:46,323522,-0.033218384,-7.6725006,-8.327332
2019-04-08 17:08:46,323541,-0.5359955,-8.385971,-9.080307
2019-04-08 17:08:46,323562,-0.7203522,-8.917496,-9.695618
2019-04-08 17:08:46,323581,-1.0100403,-9.098251,-9.873993
2019-04-08 17:08:46,323601,-1.0172272,-8.217194,-8.8349
2019-04-08 17:08:46,323622,-0.7407074,-7.266693,-8.35965
2019-04-08 17:08:46,323641,-0.31692505,-8.128601,-8.6349945
2019-04-08 17:08:46,323661,-0.42108154,-8.735535,-8.660126
2019-04-08 17:08:46,323682,-1.3476257,-7.8293304,-8.1645355
2019-04-08 17:08:46,323701,-1.0974426,-7.5061035,-7.3744354
2019-04-08 17:08:46,323721,-0.42585754,-8.370422,-7.400772
2019-04-08 17:08:46,323742,-1.0818787,-7.11705,-7.7455444
2019-04-08 17:08:46,323761,-0.9980774,-7.103882,-7.9047546
2019-04-08 17:08:46,323781,-1.0196228,-7.7993927,-7.8796234
2019-04-08 17:08:46,323802,-0.77182007,-7.9358673,-7.9478607
2019-04-08 17:08:46,323821,-0.32650757,-9.493301,-9.068344
2019-04-08 17:08:46,323842,-1.3619995,-9.860809,-9.669281
2019-04-08 17:08:46,323861,-1.3392487,-8.959396,-8.2638855
2019-04-08 17:08:46,323881,-0.6652832,-7.744339,-7.550415
2019-04-08 17:08:46,323902,-0.99328613,-7.1385956,-8.060379
2019-04-08 17:08:46,323922,-0.91308594,-7.2283783,-8.364441
2019-04-08 17:08:46,323941,-0.52401733,-7.350479,-8.651749
2019-04-08 17:08:47,323962,-0.49290466,-7.067978,-8.787018
2019-04-08 17:08:47,323981,-0.49649048,-6.4107666,-8.344101
2019-04-08 17:08:47,324002,-0.61380005,-6.1964874,-7.8209534
2019-04-08 17:08:47,324021,-0.8508301,-6.281479,-8.297409
2019-04-08 17:08:47,324042,-1.1860199,-6.131836,-9.265854
2019-04-08 17:08:47,324061,-1.4374084,-6.479004,-9.783005
2019-04-08 17:08:47,324082,-1.9940643,-6.7004547,-10.865189
2019-04-08 17:08:47,324101,-1.4350128,-6.399994,-10.541977
2019-04-08 17:08:47,324122,-0.5790863,-5.6110992,-10.77182
2019-04-08 17:08:47,324141,-0.76942444,-4.8677063,-9.44902
2019-04-08 17:08:47,324161,-1.2805939,-3.949524,-8.601471
2019-04-08 17:08:47,324182,-1.684021,-3.6825714,-8.351273
2019-04-08 17:08:47,324201,-1.8180847,-3.1259155,-8.1645355
2019-04-08 17:08:47,324222,-2.3579865,-2.3944855,-8.632599
2019-04-08 17:08:47,324241,-2.2526398,-1.7336884,-8.312973
2019-04-08 17:08:47,324261,-1.4421997,-1.7779846,-7.621048
2019-04-08 17:08:47,324282,-1.6361389,-2.953537,-8.08313
2019-04-08 17:08:47,324301,-2.8679504,-1.6858063,-8.482956
2019-04-08 17:08:47,324321,-3.8615417,0.41630554,-8.089111
2019-04-08 17:08:47,324342,-2.897873,0.19963074,-8.535629
2019-04-08 17:08:47,324361,-2.1221619,1.0364075,-8.652939
2019-04-08 17:08:47,324382,-1.9916687,-0.17027283,-8.47937
2019-04-08 17:08:47,324401,-2.0335693,-0.4420166,-8.730759
2019-04-08 17:08:47,324421,-2.854782,-0.23252869,-7.3936005
2019-04-08 17:08:47,324442,-3.5886078,1.1309662,-7.0536194
2019-04-08 17:08:47,324461,-2.7099304,2.2694092,-7.419937
2019-04-08 17:08:47,324481,-1.6026154,0.8472595,-6.6382294
2019-04-08 17:08:47,324502,-1.2626343,-0.09007263,-7.119461
2019-04-08 17:08:47,324521,-2.1975708,-0.33906555,-7.3349304
2019-04-08 17:08:47,324541,-2.6237335,-1.3146973,-7.92511
2019-04-08 17:08:47,324562,-3.1372986,-0.96635437,-8.0460205
2019-04-08 17:08:47,324581,-1.7319031,-0.9436035,-8.591888
2019-04-08 17:08:47,324601,-0.9897003,-1.0261993,-7.7263947
2019-04-08 17:08:47,324622,-1.1680603,-2.028183,-8.232758
2019-04-08 17:08:47,324641,-1.5930328,-2.45195,-9.563934
2019-04-08 17:08:47,324661,-0.9322357,-3.779541,-9.301773
2019-04-08 17:08:47,324681,-1.1333466,-4.2715454,-10.763428
2019-04-08 17:08:47,324701,-0.9597626,-4.768341,-9.958984
2019-04-08 17:08:47,324722,-0.16490173,-5.1214905,-7.794632
2019-04-08 17:08:47,324742,-0.5778961,-4.5253296,-7.7180176
2019-04-08 17:08:47,324761,-1.6133881,-4.5121613,-8.709213
2019-04-08 17:08:47,324782,-0.802948,-5.8612976,-9.277832
2019-04-08 17:08:47,324801,0.32351685,-7.199646,-9.462189
2019-04-08 17:08:47,324821,0.5306244,-7.6952515,-9.397537
2019-04-08 17:08:47,324841,-0.18284607,-7.2966156,-7.877228
2019-04-08 17:08:47,324862,-1.4170685,-5.2986603,-7.198471
2019-04-08 17:08:47,324881,-1.4445953,-5.605118,-8.1010895
2019-04-08 17:08:47,324902,-0.40312195,-7.613846,-8.588303
2019-04-08 17:08:47,324921,-0.0942688,-9.148529,-9.349655
2019-04-08 17:08:47,324942,-0.24031067,-10.090652,-10.118195
2019-04-08 17:08:48,324961,-0.7562561,-9.475342,-10.549149
2019-04-08 17:08:48,324981,-0.55274963,-8.946228,-10.215164
2019-04-08 17:08:48,325002,-0.30854797,-8.438644,-8.320145
2019-04-08 17:08:48,325021,-0.6401367,-7.6389923,-7.50972
2019-04-08 17:08:48,325042,-0.41508484,-7.6282196,-7.1218567
2019-04-08 17:08:48,325061,-0.45698547,-7.47139,-7.9322968
2019-04-08 17:08:48,325081,-1.3164978,-7.488159,-8.388382
2019-04-08 17:08:48,325102,-1.281784,-8.08551,-7.7814636
2019-04-08 17:08:48,325121,-1.249466,-7.903549,-7.5755615
2019-04-08 17:08:48,325142,-0.73591614,-7.340912,-6.9638367
2019-04-08 17:08:48,325161,-0.8496399,-6.954239,-6.8249664
2019-04-08 17:08:48,325181,-0.8723755,-7.459427,-7.1206512
2019-04-08 17:08:48,325202,-0.94898987,-8.267471,-8.170517
2019-04-08 17:08:48,325221,-0.8220978,-8.970169,-9.737518
2019-04-08 17:08:48,325241,-0.62098694,-8.983337,-9.54718
2019-04-08 17:08:48,325262,-0.7311249,-7.886795,-8.651749
2019-04-08 17:08:48,325281,-0.49050903,-7.2762604,-7.818573
2019-04-08 17:08:48,325301,-0.8903351,-6.6525726,-7.804199
2019-04-08 17:08:48,325322,-0.8639984,-6.289856,-7.712021
2019-04-08 17:08:48,325341,-0.9992676,-6.396393,-8.918701
2019-04-08 17:08:48,325361,-1.1572876,-6.8058014,-9.425079
2019-04-08 17:08:48,325382,-1.5008545,-6.9961395,-9.162918
2019-04-08 17:08:48,325401,-1.4565735,-7.0895233,-8.295013
2019-04-08 17:08:48,325421,-2.1401062,-5.6912994,-7.8963776
2019-04-08 17:08:48,325442,-1.9162598,-5.1418304,-8.702026
2019-04-08 17:08:48,325461,-2.2227173,-4.6163025,-9.221573
2019-04-08 17:08:48,325481,-2.672821,-4.0105743,-10.664078
2019-04-08 17:08:48,325501,-2.0706787,-4.451111,-10.043976
2019-04-08 17:08:48,325521,-2.1844025,-5.190918,-10.656891
2019-04-08 17:08:48,325542,-2.0886383,-5.467453,-10.715546
2019-04-08 17:08:48,325561,-2.0970154,-4.2643585,-9.456207
2019-04-08 17:08:48,325582,-2.4944458,-2.400467,-9.238327
2019-04-08 17:08:48,325601,-2.7171173,-2.5094147,-9.183258
2019-04-08 17:08:48,325622,-1.6816254,-3.0217743,-7.6425934
2019-04-08 17:08:48,325642,-2.5878296,-1.5972137,-8.216003
2019-04-08 17:08:48,325661,-2.791336,-0.88494873,-6.771103
2019-04-08 17:08:48,325682,-2.2203217,-0.9627533,-6.9482727
2019-04-08 17:08:48,325702,-1.6660614,-1.3159027,-7.416336
2019-04-08 17:08:48,325721,-1.4781189,-0.30674744,-6.5041504
2019-04-08 17:08:48,325742,-1.9198456,-0.2828064,-7.1134796
2019-04-08 17:08:48,325761,-2.0383606,0.54319763,-7.82695
2019-04-08 17:08:48,325782,-1.5391693,1.4805298,-8.3979645
2019-04-08 17:08:48,325801,-2.071869,1.0615387,-9.715973
2019-04-08 17:08:48,325821,-1.3775635,0.38996887,-9.285019
2019-04-08 17:08:48,325842,-1.5978241,-0.8717804,-8.481766
2019-04-08 17:08:48,325861,-3.574234,-0.8430481,-8.588303
2019-04-08 17:08:48,325882,-2.7470398,-1.0381775,-7.384018
2019-04-08 17:08:48,325901,-1.6876068,-0.50427246,-8.025665
2019-04-08 17:08:48,325921,-2.0778656,-0.52342224,-8.254318
2019-04-08 17:08:48,325942,-1.6983795,-1.4667358,-8.910324
2019-04-08 17:08:49,325961,-1.0339966,-2.5022278,-7.4929504
2019-04-08 17:08:49,325981,-2.759018,-2.2029572,-7.4486694
2019-04-08 17:08:49,326002,-3.9620972,-0.7484741,-9.480148
2019-04-08 17:08:49,326021,-1.4733276,-2.052124,-10.254669
2019-04-08 17:08:49,326042,-1.4960632,-2.9164276,-10.835266
2019-04-08 17:08:49,326061,-1.2530518,-4.1302795,-9.335297
2019-04-08 17:08:49,326081,-1.6193695,-5.234009,-10.314514
2019-04-08 17:08:49,326102,-2.7925262,-5.6805267,-10.29776
2019-04-08 17:08:49,326121,-2.1018066,-5.784683,-8.955811
2019-04-08 17:08:49,326141,-1.7462616,-5.4973755,-8.384796
2019-04-08 17:08:49,326162,-1.1249695,-5.6087036,-8.570343
2019-04-08 17:08:49,326181,-0.014053345,-6.8489075,-8.06517
2019-04-08 17:08:49,326201,-0.3911438,-7.253525,-9.07193
2019-04-08 17:08:49,326222,-0.6401367,-6.5927277,-9.526825
2019-04-08 17:08:49,326241,-0.04159546,-6.633423,-8.139389
2019-04-08 17:08:49,326261,-1.7725983,-6.8285522,-7.870041
2019-04-08 17:08:49,326281,-1.6265564,-8.242325,-8.883987
2019-04-08 17:08:49,326301,-0.078704834,-8.047195,-8.602661
2019-04-08 17:08:49,326322,0.7329254,-6.751938,-8.377609
2019-04-08 17:08:49,326341,-0.35403442,-6.6358185,-8.3428955
2019-04-08 17:08:49,326361,-0.95617676,-8.570328,-8.844482
2019-04-08 17:08:49,326382,-0.9226532,-10.097839,-9.335297
2019-04-08 17:08:49,326401,-1.1369476,-9.318527,-8.930679
2019-04-08 17:08:49,326421,-1.3691711,-8.190857,-8.049606
2019-04-08 17:08:49,326441,-0.49169922,-8.930664,-8.729553
2019-04-08 17:08:49,326461,-0.44740295,-8.256699,-8.277054
2019-04-08 17:08:49,326482,-1.6193695,-7.0260773,-8.328537
2019-04-08 17:08:49,326501,-0.026031494,-9.3293,-8.351273
2019-04-08 17:08:49,326522,-0.36601257,-9.833267,-8.982147
2019-04-08 17:08:49,326541,-1.723526,-6.471817,-7.4127502
2019-04-08 17:08:49,326562,-3.0355377,-3.8441772,-4.3864746
2019-04-08 17:08:49,326581,-0.427063,-6.6848907,-4.2679596
2019-04-08 17:08:49,326602,0.8179321,-9.413086,-7.384018
2019-04-08 17:08:49,326621,-0.72753906,-9.057556,-12.477676
2019-04-08 17:08:49,326641,-1.9892731,-5.9690247,-9.726746
2019-04-08 17:08:49,326662,-1.2195435,-5.982193,-6.637024
2019-04-08 17:08:49,326681,0.43605042,-8.634979,-6.660965
2019-04-08 17:08:49,326702,-0.8220978,-8.846863,-10.118195
2019-04-08 17:08:49,326721,-1.7498627,-7.5599823,-12.211929
2019-04-08 17:08:49,326741,-0.081100464,-7.9837494,-10.319305
2019-04-08 17:08:49,326762,-0.026031494,-7.3073883,-9.56514
2019-04-08 17:08:49,326781,-0.33847046,-6.475403,-8.658936
2019-04-08 17:08:49,326801,-0.8891449,-6.056427,-7.5216827
2019-04-08 17:08:49,326822,-1.7055664,-5.57399,-7.337326
2019-04-08 17:08:49,326841,-1.7594299,-4.677353,-7.9275055
2019-04-08 17:08:49,326862,-1.1417236,-4.155426,-9.013275
2019-04-08 17:08:49,326881,-0.47853088,-4.0261383,-9.038406
2019-04-08 17:08:49,326901,-0.5132446,-3.9567108,-8.812164
2019-04-08 17:08:49,326922,-0.6832428,-4.7671356,-9.907501
2019-04-08 17:08:49,326941,-1.4434052,-4.759964,-10.714355
2019-04-08 17:08:50,326961,-2.0000458,-3.5987701,-10.137344
2019-04-08 17:08:50,326982,-2.1963806,-2.9403687,-11.019608
2019-04-08 17:08:50,327001,-1.9713135,-2.8577728,-10.716751
2019-04-08 17:08:50,327021,-1.4517822,-3.5305328,-8.202835
2019-04-08 17:08:50,327042,-2.1257477,-2.9272003,-7.6701202
2019-04-08 17:08:50,327061,-2.913437,-1.5086365,-7.1577606
2019-04-08 17:08:50,327081,-3.490448,-0.8035431,-6.6549835
2019-04-08 17:08:50,327102,-2.909851,-0.12957764,-6.692093
2019-04-08 17:08:50,327121,-2.2502441,-0.08409119,-7.17453
2019-04-08 17:08:50,327141,-2.5004425,0.23434448,-8.934265
2019-04-08 17:08:50,327163,-2.56987,0.73472595,-8.4219055
2019-04-08 17:08:50,327181,-2.2250977,-0.755661,-7.989746
2019-04-08 17:08:50,327202,-3.6197205,0.8987427,-7.503723
2019-04-08 17:08:50,327222,-3.4844513,2.5184174,-8.220795
2019-04-08 17:08:50,327241,-1.9030914,0.5611572,-9.287415
2019-04-08 17:08:50,327262,-2.0850372,-0.45637512,-8.324936
2019-04-08 17:08:50,327281,-2.7075348,0.05836487,-7.6665344
2019-04-08 17:08:50,327302,-2.4477692,-0.08169556,-8.1058655
2019-04-08 17:08:50,327321,-1.1800385,-1.5265961,-6.913559
2019-04-08 17:08:50,327342,-2.2526398,-0.59524536,-6.403595
2019-04-08 17:08:50,327361,-2.82724,0.41989136,-8.251923
2019-04-08 17:08:50,327382,-1.1070099,-0.6586914,-8.399155
2019-04-08 17:08:50,327401,-1.1920013,-2.182602,-9.05278
2019-04-08 17:08:50,327422,-1.4733276,-2.8876953,-10.231918
2019-04-08 17:08:50,327441,-0.71076965,-3.7938995,-10.431839
2019-04-08 17:08:50,327461,-0.7490845,-3.8968506,-10.024826
2019-04-08 17:08:50,327482,-1.2267303,-3.9950104,-9.46817
2019-04-08 17:08:50,327501,-1.1141968,-4.4630737,-8.941452
2019-04-08 17:08:50,327522,-0.94421387,-4.6677856,-8.1453705
2019-04-08 17:08:50,327541,-0.6341553,-4.68454,-8.946228
2019-04-08 17:08:50,327561,0.012283325,-5.49617,-8.522461
2019-04-08 17:08:50,327582,-0.5826874,-6.0827637,-8.292618
2019-04-08 17:08:50,327601,-1.0854645,-5.3441467,-8.539215
2019-04-08 17:08:50,327621,-0.8113251,-5.3477325,-7.5923157
2019-04-08 17:08:50,327642,-0.29896545,-5.937912,-7.4187317
2019-04-08 17:08:50,327661,0.12840271,-6.6370087,-8.316559
2019-04-08 17:08:50,327682,0.32232666,-8.091492,-9.390366
2019-04-08 17:08:50,327701,1.063324,-9.777008,-9.829697
2019-04-08 17:08:50,327721,-0.3396759,-9.322113,-10.027222
2019-04-08 17:08:50,327742,-1.2650299,-8.0065,-8.193253
2019-04-08 17:08:50,327761,-1.1285553,-7.435486,-8.099884
2019-04-08 17:08:50,327781,-0.51205444,-7.9095306,-8.296204
2019-04-08 17:08:50,327802,-0.53001404,-8.397949,-8.177704
2019-04-08 17:08:50,327821,-0.6976013,-9.129379,-8.856445
2019-04-08 17:08:50,327841,-0.7023926,-9.098251,-8.95462
2019-04-08 17:08:50,327862,-0.63175964,-7.984955,-8.217194
2019-04-08 17:08:50,327881,-0.31452942,-7.220001,-7.27269
2019-04-08 17:08:50,327901,-0.4809265,-7.7156067,-7.4031677
2019-04-08 17:08:50,327922,-0.36601257,-8.734329,-8.198044
2019-04-08 17:08:50,327941,-0.8616028,-8.194443,-8.236359
2019-04-08 17:08:51,327962,-0.93582153,-7.2966156,-7.154175
2019-04-08 17:08:51,327981,-0.85801697,-7.6090546,-6.562805
2019-04-08 17:08:51,328001,-1.000473,-8.075928,-6.62146
2019-04-08 17:08:51,328022,-0.89393616,-7.9717865,-7.435501
2019-04-08 17:08:51,328042,-0.43304443,-8.358444,-8.880402
2019-04-08 17:08:51,328061,-0.66767883,-8.169296,-8.879196
2019-04-08 17:08:51,328081,-1.3320618,-6.9410706,-8.031647
2019-04-08 17:08:51,328102,-0.4198761,-7.524063,-7.628235
2019-04-08 17:08:51,328122,-0.510849,-7.8377075,-8.567947
2019-04-08 17:08:51,328141,-0.91548157,-8.177689,-9.350861
2019-04-08 17:08:51,328162,-0.99328613,-7.6318054,-9.221573
2019-04-08 17:08:51,328181,-0.6616974,-6.7028503,-8.795395
2019-04-08 17:08:51,328202,-0.31692505,-6.456253,-8.310577
2019-04-08 17:08:51,328221,-0.56352234,-6.210846,-8.38121
2019-04-08 17:08:51,328242,-1.1058197,-6.3030243,-8.3428955
2019-04-08 17:08:51,328261,-1.4086761,-6.1893005,-8.553589
2019-04-08 17:08:51,328281,-1.1776428,-6.121063,-8.861237
2019-04-08 17:08:51,328302,-0.76942444,-5.83136,-8.873215
2019-04-08 17:08:51,328321,-1.0232086,-4.953888,-9.222763
2019-04-08 17:08:51,328342,-0.85801697,-4.524124,-8.878006
2019-04-08 17:08:51,328361,-0.83766174,-4.380478,-9.986511
2019-04-08 17:08:51,328381,-0.99568176,-4.275131,-10.27861
2019-04-08 17:08:51,328402,-1.6265564,-4.40921,-10.587463
2019-04-08 17:08:51,328421,-1.3452301,-4.1937256,-9.985321
2019-04-08 17:08:51,328441,-1.6457062,-3.4491272,-9.939835
2019-04-08 17:08:51,328461,-1.8935089,-3.4120178,-9.281418
2019-04-08 17:08:51,328481,-2.1879883,-2.985855,-8.818146
2019-04-08 17:08:51,328502,-2.7374573,-1.5134277,-8.385986
2019-04-08 17:08:51,328521,-3.0391388,-0.96635437,-7.8532867
2019-04-08 17:08:51,328541,-2.5674744,-0.58088684,-7.1457977
2019-04-08 17:08:51,328562,-2.241867,-0.3558197,-7.6006927
2019-04-08 17:08:51,328581,-2.3591766,-0.17027283,-7.6952667
2019-04-08 17:08:51,328601,-2.3316498,0.16371155,-7.648575
2019-04-08 17:08:51,328622,-2.3268585,0.2558899,-8.457825
2019-04-08 17:08:51,328641,-1.9581451,-0.1846466,-8.561966
2019-04-08 17:08:51,328661,-2.7614136,0.40074158,-7.5995026
2019-04-08 17:08:51,328682,-2.3867188,0.88916016,-7.5995026
2019-04-08 17:08:51,328701,-3.1803894,0.7467041,-8.783432
2019-04-08 17:08:51,328722,-3.435379,-0.013458252,-8.644562
2019-04-08 17:08:51,328741,-1.7163391,-0.5593262,-8.237549
2019-04-08 17:08:51,328761,-2.7159119,0.0068969727,-8.399155
2019-04-08 17:08:51,328782,-1.9449768,-0.1451416,-7.543228
2019-04-08 17:08:51,328801,-2.6141663,0.6269989,-7.751526
2019-04-08 17:08:51,328821,-1.8061218,-0.37857056,-7.965805
2019-04-08 17:08:51,328842,-1.5200195,-1.3901215,-8.632599
2019-04-08 17:08:51,328862,-1.5200195,-1.8522034,-8.551193
2019-04-08 17:08:51,328881,-1.5188141,-1.5122223,-9.72316
2019-04-08 17:08:51,328902,-0.8328705,-1.8330536,-9.178467
2019-04-08 17:08:51,328921,-0.9334259,-3.3437958,-7.8915863
2019-04-08 17:08:51,328942,-2.2705994,-3.3258362,-8.851669
2019-04-08 17:08:52,328961,-1.5032501,-2.9152222,-8.557175
2019-04-08 17:08:52,328982,-0.10862732,-3.6035614,-8.980957
2019-04-08 17:08:52,329001,0.08050537,-4.103943,-9.233536
2019-04-08 17:08:52,329022,0.34985352,-5.072403,-10.249878
2019-04-08 17:08:52,329041,0.17868042,-6.4969482,-10.551544
2019-04-08 17:08:52,329062,-0.6329651,-7.484558,-9.750687
2019-04-08 17:08:52,329081,-1.2710114,-6.409561,-8.51767
2019-04-08 17:08:52,329101,-0.8053436,-5.4458923,-7.7287903
2019-04-08 17:08:52,329122,0.24690247,-5.571594,-7.995743
2019-04-08 17:08:52,329141,1.0465698,-7.3002014,-8.484161
2019-04-08 17:08:52,329162,0.94721985,-8.423096,-8.772659
2019-04-08 17:08:52,329181,-0.13735962,-8.340485,-9.153336
2019-04-08 17:08:52,329201,-0.7622528,-7.3109894,-8.394379
2019-04-08 17:08:52,329222,-1.4493866,-6.413162,-6.960251
2019-04-08 17:08:52,329241,-0.58029175,-7.4378815,-7.2750854
2019-04-08 17:08:52,329261,0.3678131,-8.316544,-8.237549
2019-04-08 17:08:52,329281,0.671875,-8.512878,-9.074326
2019-04-08 17:08:52,329301,-0.62338257,-8.44104,-9.56514
2019-04-08 17:08:52,329322,-0.9537811,-8.745102,-9.147354
2019-04-08 17:08:52,329341,-0.72753906,-8.652939,-8.71759
2019-04-08 17:08:52,329361,-0.46536255,-8.673279,-8.67569
2019-04-08 17:08:52,329382,-0.2750244,-9.432251,-8.745117
2019-04-08 17:08:52,329401,-0.8220978,-8.511673,-7.66893
2019-04-08 17:08:52,329421,-0.7730255,-7.0715637,-6.482605
2019-04-08 17:08:52,329442,-0.8436432,-7.0188904,-6.015732
2019-04-08 17:08:52,329461,-1.3823395,-7.3708344,-5.2675476
2019-04-08 17:08:52,329481,-1.000473,-7.6282196,-6.4059906
2019-04-08 17:08:52,329502,-0.44023132,-8.314148,-8.910324
2019-04-08 17:08:52,329521,-0.545578,-8.464981,-9.427475
2019-04-08 17:08:52,329542,-1.0351868,-7.915512,-7.92511
2019-04-08 17:08:52,329561,-0.8316803,-7.8855896,-7.2403717
2019-04-08 17:08:52,329581,-0.5994415,-7.8221436,-7.716812
2019-04-08 17:08:52,329602,-0.68922424,-7.510895,-9.038406
2019-04-08 17:08:52,329621,-0.44381714,-7.5923004,-9.908707
2019-04-08 17:08:52,329641,-0.40072632,-7.2834473,-10.174454
2019-04-08 17:08:52,329662,-0.46775818,-7.45105,-9.3029785
2019-04-08 17:08:52,329681,-0.8711853,-6.7196198,-8.120239
2019-04-08 17:08:52,329702,-0.5204315,-6.5807495,-7.3983765
2019-04-08 17:08:52,329721,-0.6628876,-6.3437195,-8.444656
2019-04-08 17:08:52,329742,-0.70957947,-6.0240936,-9.3233185
2019-04-08 17:08:52,329761,-0.7670288,-5.621872,-10.51683
2019-04-08 17:08:52,329782,-0.061950684,-5.977417,-9.682449
2019-04-08 17:08:52,329802,-0.25946045,-5.5285034,-8.99292
2019-04-08 17:08:52,329821,-0.78738403,-4.785095,-8.099884
2019-04-08 17:08:52,329842,-1.7773895,-4.372101,-8.573944
2019-04-08 17:08:52,329861,-2.1269379,-4.5361023,-9.126999
2019-04-08 17:08:52,329882,-1.5128326,-4.3912506,-9.967361
2019-04-08 17:08:52,329901,-0.8209076,-3.740036,-9.6393585
2019-04-08 17:08:52,329921,-0.6724701,-3.6622162,-9.445419
2019-04-08 17:08:52,329942,-0.5958557,-3.589203,-9.143753
2019-04-08 17:08:53,329961,-0.67845154,-3.9531097,-9.460983
2019-04-08 17:08:53,329982,-2.123352,-2.577652,-9.522034
2019-04-08 17:08:53,330001,-2.6811981,-1.7193298,-9.563934
2019-04-08 17:08:53,330021,-3.0187836,-1.4056854,-9.529221
2019-04-08 17:08:53,330042,-2.4549408,-2.1706238,-8.607452
2019-04-08 17:08:53,330061,-2.4848785,-1.1914062,-8.40036
2019-04-08 17:08:53,330082,-3.0906067,-0.10084534,-8.154953
2019-04-08 17:08:53,330101,-2.7374573,-0.56651306,-7.8688507
2019-04-08 17:08:53,330121,-1.7989349,0.16610718,-7.427109
2019-04-08 17:08:53,330142,-1.9868774,0.37919617,-7.6234436
2019-04-08 17:08:53,330161,-3.0654755,0.7682495,-8.312973
2019-04-08 17:08:53,330181,-2.9625244,0.78022766,-7.577942
2019-04-08 17:08:53,330201,-1.9593506,-0.54496765,-7.916733
2019-04-08 17:08:53,330222,-3.3419952,0.81973267,-7.691681
2019-04-08 17:08:53,330242,-4.8096466,1.3177185,-8.521271
2019-04-08 17:08:53,330261,-1.5439606,0.3744049,-9.141357
2019-04-08 17:08:53,330281,-1.4434052,-0.38815308,-8.934265
2019-04-08 17:08:53,330302,-2.2550354,-1.7971344,-7.8520813
2019-04-08 17:08:53,330321,-2.3675537,-1.5122223,-8.73674
2019-04-08 17:08:53,330341,-2.2717896,-1.1542969,-9.246704
2019-04-08 17:08:53,330362,-1.6481018,-1.131546,-10.018845
2019-04-08 17:08:53,330381,-0.7012024,-0.9017029,-8.291428
2019-04-08 17:08:53,330401,-0.6940155,-1.4415894,-8.178894
2019-04-08 17:08:53,330422,-1.8360443,-1.9790955,-9.226364
2019-04-08 17:08:53,330441,-0.84843445,-3.7256622,-6.99736
2019-04-08 17:08:53,330461,-1.3260803,-3.7532043,-8.922287
2019-04-08 17:08:53,330482,-1.8121033,-3.28154,-11.253052
2019-04-08 17:08:53,330501,0.9675598,-3.8094635,-9.571121
2019-04-08 17:08:53,330522,0.13917542,-4.0740204,-7.020096
2019-04-08 17:08:53,330542,-1.5679016,-4.404419,-7.45105
2019-04-08 17:08:53,330561,-1.6720428,-5.171768,-8.781036
2019-04-08 17:08:53,330582,-0.15531921,-6.4382935,-8.605057
2019-04-08 17:08:53,330601,0.17149353,-6.3676605,-8.868423
2019-04-08 17:08:53,330622,0.4372406,-7.380417,-10.286987
2019-04-08 17:08:53,330641,-0.24868774,-7.6761017,-10.055954
2019-04-08 17:08:53,330662,-0.9693451,-7.005722,-10.307343
2019-04-08 17:08:53,330681,-0.008071899,-7.7263794,-8.822937
2019-04-08 17:08:53,330702,-0.7921753,-7.7275696,-6.865677
2019-04-08 17:08:53,330721,-0.937027,-6.6118774,-5.257965
2019-04-08 17:08:53,330741,-1.2051697,-5.128662,-6.02771
2019-04-08 17:08:53,330762,0.33309937,-6.6190643,-7.312195
2019-04-08 17:08:53,330781,0.20262146,-9.036011,-9.708786
2019-04-08 17:08:53,330801,-1.3117218,-9.071915,-10.185242
2019-04-08 17:08:53,330822,-1.0579376,-8.232742,-9.194031
2019-04-08 17:08:53,330841,-0.7514801,-8.563156,-8.983353
2019-04-08 17:08:53,330862,-1.0327911,-8.020859,-8.32135
2019-04-08 17:08:53,330881,-0.4953003,-8.637375,-7.446274
2019-04-08 17:08:53,330901,0.030227661,-9.162903,-7.708435
2019-04-08 17:08:53,330922,-0.6856384,-9.245499,-9.002502
2019-04-08 17:08:53,330941,-1.4841003,-8.0112915,-8.233963
2019-04-08 17:08:54,330961,-0.5719147,-7.0979004,-5.471054
2019-04-08 17:08:54,330982,-0.35882568,-6.267105,-5.384857
2019-04-08 17:08:54,331001,-0.34805298,-6.804611,-7.527664
2019-04-08 17:08:54,331021,0.13317871,-8.438644,-8.532043
2019-04-08 17:08:54,331042,-1.158493,-7.732361,-8.590698
2019-04-08 17:08:54,331061,-0.7047882,-8.053192,-7.2750854
2019-04-08 17:08:54,331081,-0.86639404,-8.637375,-6.9794006
2019-04-08 17:08:54,331102,-0.9334259,-8.314148,-7.756317
2019-04-08 17:08:54,331121,-0.53718567,-8.85524,-9.255081
2019-04-08 17:08:54,331141,-0.38276672,-8.801376,-9.791382
2019-04-08 17:08:54,331162,-0.7143707,-7.598282,-9.01207
2019-04-08 17:08:54,331181,-1.0818787,-6.2240143,-8.0855255
2019-04-08 17:08:54,331201,-0.23791504,-7.0344543,-8.183685
2019-04-08 17:08:54,331222,-0.4378357,-7.2104187,-8.937851
2019-04-08 17:08:54,331241,-1.0232086,-6.2323914,-9.174881
2019-04-08 17:08:54,331261,-0.0368042,-6.4586487,-8.968979
2019-04-08 17:08:54,331281,0.49230957,-6.9171295,-9.101852
2019-04-08 17:08:54,331301,-0.7622528,-5.705673,-8.048416
2019-04-08 17:08:54,331322,-1.7175293,-3.8022766,-7.040451
2019-04-08 17:08:54,331341,-1.5044556,-4.2440033,-8.147766
2019-04-08 17:08:54,331362,-2.099411,-5.2016907,-10.636536
2019-04-08 17:08:54,331382,-1.3883362,-5.216049,-11.834839
2019-04-08 17:08:54,331401,-0.078704834,-5.7535553,-9.511261
2019-04-08 17:08:54,331421,-0.7598572,-5.2292175,-10.312134
2019-04-08 17:08:54,331442,-0.96694946,-3.6957397,-9.336487
2019-04-08 17:08:54,331461,-1.4302368,-3.4144135,-9.375992
2019-04-08 17:08:54,331482,-1.7618256,-3.0947876,-9.469376
2019-04-08 17:08:54,331501,-1.8767548,-2.0401459,-8.285431
2019-04-08 17:08:54,331522,-2.1832123,-1.6726379,-8.621826
2019-04-08 17:08:54,331541,-2.3496094,-1.8103027,-9.219177
2019-04-08 17:08:54,331561,-3.0187836,-1.8581848,-8.777451
2019-04-08 17:08:54,331581,-3.3372192,-1.0944366,-8.284241
2019-04-08 17:08:54,331601,-3.134903,-0.26245117,-8.341705
2019-04-08 17:08:54,331622,-2.0407562,-0.40371704,-8.140579
2019-04-08 17:08:54,331641,-1.7749939,-0.16429138,-8.280655
2019-04-08 17:08:54,331661,-2.3663635,0.75987244,-8.074753
2019-04-08 17:08:54,331682,-2.3292542,0.86761475,-7.2786713
2019-04-08 17:08:54,331701,-2.5926208,0.45341492,-6.4095764
2019-04-08 17:08:54,331722,-1.7845764,0.5587616,-7.506119
2019-04-08 17:08:54,331741,-3.0582886,0.44862366,-8.388382
2019-04-08 17:08:54,331761,-2.2598267,-0.31033325,-7.7611084
2019-04-08 17:08:54,331782,-1.9641418,9.1552734E-4,-8.553589
2019-04-08 17:08:54,331801,-1.5295868,-0.3618164,-7.885605
2019-04-08 17:08:54,331821,-2.0551147,-0.43603516,-8.0855255
2019-04-08 17:08:54,331842,-2.3077087,0.041610718,-9.514862
2019-04-08 17:08:54,331861,-0.94181824,-1.3314667,-8.997711
2019-04-08 17:08:54,331881,-0.68803406,-2.6075745,-8.603867
2019-04-08 17:08:54,331902,-2.0156097,-1.7803802,-9.059967
2019-04-08 17:08:54,331921,-1.8300629,-1.7959442,-9.332901
2019-04-08 17:08:54,331941,-1.1489105,-2.3825226,-8.743927
2019-04-08 17:08:55,331962,-1.5271912,-2.4028625,-8.333313
2019-04-08 17:08:55,331981,-1.8599854,-2.9487457,-8.868423
2019-04-08 17:08:55,332002,-0.8400574,-4.25,-7.850891
2019-04-08 17:08:55,332021,-0.8831482,-5.0269165,-7.467819
2019-04-08 17:08:55,332041,-1.0100403,-4.9526978,-9.856033
2019-04-08 17:08:55,332062,-0.11581421,-5.8026276,-10.091858
2019-04-08 17:08:55,332081,0.13557434,-5.965439,-9.241913
2019-04-08 17:08:55,332101,-0.60902405,-5.4351196,-9.342468
2019-04-08 17:08:55,332122,-0.11102295,-6.7854614,-9.709991
2019-04-08 17:08:55,332142,0.35224915,-8.071136,-8.89595
2019-04-08 17:08:55,332161,0.3678131,-7.515686,-7.5707703
2019-04-08 17:08:55,332182,0.42767334,-7.237961,-7.92511
2019-04-08 17:08:55,332201,0.2205658,-8.230362,-8.496124
2019-04-08 17:08:55,332221,0.01826477,-8.523651,-8.617035
2019-04-08 17:08:55,332242,-0.25468445,-7.795807,-8.611053
2019-04-08 17:08:55,332262,-0.8352661,-7.776657,-8.8133545
2019-04-08 17:08:55,332281,-1.0411682,-7.9645996,-9.042007
2019-04-08 17:08:55,332302,-0.8568115,-7.143387,-8.509293
2019-04-08 17:08:55,332321,0.25767517,-8.017273,-8.306976
2019-04-08 17:08:55,332342,0.38458252,-8.787003,-7.945465
2019-04-08 17:08:55,332361,-0.62338257,-7.2642975,-7.562393
2019-04-08 17:08:55,332381,-0.88674927,-7.2415466,-7.1338196
2019-04-08 17:08:55,332402,-0.23432922,-9.038391,-7.27269
2019-04-08 17:08:55,332421,-0.7191467,-8.6050415,-8.211212
2019-04-08 17:08:55,332442,-0.6269684,-8.6792755,-7.5013275
2019-04-08 17:08:55,332461,-1.1118011,-6.9518585,-6.5017548
2019-04-08 17:08:55,332481,-0.9884949,-7.2642975,-7.6162567
2019-04-08 17:08:55,332502,-0.668869,-10.509628,-9.336487
2019-04-08 17:08:55,332521,-0.5934601,-11.141708,-10.036789
2019-04-08 17:08:55,332541,-1.565506,-7.3911896,-9.838074
2019-04-08 17:08:55,332562,-1.1333466,-6.693283,-7.8329315
2019-04-08 17:08:55,332581,-0.4378357,-8.736725,-6.7986298
2019-04-08 17:08:55,332601,-1.281784,-7.543213,-6.992569
2019-04-08 17:08:55,332622,-2.4058685,-4.92157,-5.4758453
2019-04-08 17:08:55,332641,-1.9916687,-4.174576,-4.595978
2019-04-08 17:08:55,332661,-0.79815674,-5.5093384,-5.778702
2019-04-08 17:08:55,332682,-1.0854645,-6.171341,-8.73555
2019-04-08 17:08:55,332701,-1.2686157,-6.5220947,-11.794144
2019-04-08 17:08:55,332722,-0.19961548,-7.9131165,-12.626129
2019-04-08 17:08:55,332741,-0.24510193,-8.61702,-13.175598
2019-04-08 17:08:55,332761,-1.1381378,-7.7180023,-11.604996
2019-04-08 17:08:55,332782,-1.5128326,-7.3995667,-10.428253
2019-04-08 17:08:55,332801,-1.6062012,-6.727997,-10.239105
2019-04-08 17:08:55,332821,-1.1165924,-5.374069,-8.24115
2019-04-08 17:08:55,332842,-1.1776428,-4.095566,-7.7072296
2019-04-08 17:08:55,332861,-0.72154236,-4.4894104,-5.9319305
2019-04-08 17:08:55,332881,-0.763443,-4.609131,-6.4766235
2019-04-08 17:08:55,332902,-1.8121033,-2.7141113,-7.744339
2019-04-08 17:08:55,332921,-2.993637,-1.7336884,-9.001297
2019-04-08 17:08:55,332942,-2.9313965,-2.6087646,-9.392761
2019-04-08 17:08:56,332961,-3.2390442,-3.9543152,-10.557526
2019-04-08 17:08:56,332982,-3.7657776,-3.2276764,-11.581055
2019-04-08 17:08:56,333001,-4.594162,-1.0704956,-12.4262085
2019-04-08 17:08:56,333022,-2.9397736,-3.2097168,-11.395508
2019-04-08 17:08:56,333041,-2.4860687,-2.7260895,-9.604645
2019-04-08 17:08:56,333062,-3.3551636,0.030838013,-8.136993
2019-04-08 17:08:56,333081,-2.3268585,0.8269043,-6.277893
2019-04-08 17:08:56,333102,-1.2518616,0.27026367,-3.5245667
2019-04-08 17:08:56,333121,-1.9449768,0.6246033,-3.371338
2019-04-08 17:08:56,333142,-3.5478973,3.430603,-4.771942
2019-04-08 17:08:56,333161,-1.4589539,-0.32948303,-6.565201
2019-04-08 17:08:56,333182,-2.7374573,-0.3953247,-9.872787
2019-04-08 17:08:56,333201,-3.0822296,-0.5796814,-11.200378
2019-04-08 17:08:56,333221,-1.8240814,-1.5050354,-10.373184
2019-04-08 17:08:56,333242,-2.7111206,-0.43243408,-10.55275
2019-04-08 17:08:56,333261,-2.6452942,-0.18583679,-8.873215
2019-04-08 17:08:56,333282,-2.217926,-2.5333557,-9.591476
2019-04-08 17:08:56,333301,-2.1053925,-3.0505066,-8.442261
2019-04-08 17:08:56,333321,-2.2442627,-1.95755,-9.798569
2019-04-08 17:08:56,333342,-1.3177032,-1.918045,-9.583099
2019-04-08 17:08:56,333361,-0.6341553,-3.0768433,-8.561966
2019-04-08 17:08:56,333382,-1.3440399,-3.7136993,-8.910324
2019-04-08 17:08:56,333401,-1.1094055,-4.8018646,-7.6832886
2019-04-08 17:08:56,333421,-1.4529724,-5.242386,-7.150589
2019-04-08 17:08:56,333442,-1.3655853,-4.6354675,-8.947433
2019-04-08 17:08:56,333461,0.50787354,-6.5220947,-9.21199
2019-04-08 17:08:56,333481,0.7197571,-7.7275696,-9.051575
2019-04-08 17:08:56,333502,-0.3516388,-7.084732,-10.122986
2019-04-08 17:08:56,333521,-1.1884155,-7.5049133,-9.532822
2019-04-08 17:08:56,333541,-1.2279205,-7.6078644,-8.828918
2019-04-08 17:08:56,333562,-0.5862732,-6.988968,-8.761887
2019-04-08 17:08:56,333581,0.5342102,-7.961014,-8.190872
2019-04-08 17:08:56,333601,0.01586914,-7.905945,-8.044815
2019-04-08 17:08:56,333622,-0.5958557,-7.468994,-8.444656
2019-04-08 17:08:56,333641,-0.28700256,-8.456604,-9.013275
2019-04-08 17:08:56,333661,-0.46896362,-8.529633,-9.197632
2019-04-08 17:08:56,333682,-0.74308777,-8.001709,-8.508102
2019-04-08 17:08:56,333701,-0.6652832,-7.9478455,-7.7539215
2019-04-08 17:08:56,333721,-0.93582153,-8.174088,-7.901169
2019-04-08 17:08:56,333742,-1.2291107,-7.9729767,-7.883209
2019-04-08 17:08:56,333762,-0.08947754,-8.065155,-7.8018036
2019-04-08 17:08:56,333781,0.20262146,-8.109451,-8.304596
2019-04-08 17:08:56,333802,-0.29777527,-8.273453,-9.246704
2019-04-08 17:08:56,333821,-0.28460693,-8.911499,-9.652527
2019-04-08 17:08:56,333842,-1.0818787,-9.186844,-8.849274
2019-04-08 17:08:56,333862,-1.1477203,-8.272247,-6.42395
2019-04-08 17:08:56,333881,-0.56352234,-6.7794647,-5.7727203
2019-04-08 17:08:56,333902,-0.052368164,-7.2738647,-7.1206512
2019-04-08 17:08:56,333921,-0.23072815,-8.43985,-8.797791
2019-04-08 17:08:56,333942,-0.48571777,-8.773834,-9.806946
2019-04-08 17:08:57,333961,-0.76823425,-8.219589,-9.338882
2019-04-08 17:08:57,333982,-0.7766113,-7.7227783,-7.4378815
2019-04-08 17:08:57,334001,-1.4984589,-6.787842,-6.9279175
2019-04-08 17:08:57,334022,-1.110611,-6.3712616,-7.33374
2019-04-08 17:08:57,334041,-0.7598572,-6.842911,-8.570343
2019-04-08 17:08:57,334061,-1.036377,-7.140991,-10.21756
2019-04-08 17:08:57,334082,-0.8460388,-7.2918243,-10.093063
2019-04-08 17:08:57,334101,-0.48690796,-7.041641,-9.562744
2019-04-08 17:08:57,334122,-0.550354,-5.8409424,-9.947006
2019-04-08 17:08:57,334141,-0.5180359,-5.487793,-9.848846
2019-04-08 17:08:57,334161,-0.8220978,-5.723633,-9.703995
2019-04-08 17:08:57,334182,-0.93582153,-5.0352936,-8.549988
2019-04-08 17:08:57,334201,-0.8520355,-4.6366577,-8.582321
2019-04-08 17:08:57,334221,-1.1692657,-4.34816,-8.65654
2019-04-08 17:08:57,334242,-1.5331879,-3.080429,-9.542389
2019-04-08 17:08:57,334261,-1.4062805,-3.3713226,-9.01207
2019-04-08 17:08:57,334281,-0.96336365,-4.147049,-9.087494
2019-04-08 17:08:57,334302,-1.3224945,-3.3270264,-7.9310913
2019-04-08 17:08:57,334321,-1.9198456,-2.8948822,-8.362045
2019-04-08 17:08:57,334342,-2.88591,-0.3558197,-8.980957
2019-04-08 17:08:57,334361,-3.2270813,1.852829,-9.78421
2019-04-08 17:08:57,334381,-1.1668701,-2.1610565,-9.197632
2019-04-08 17:08:57,334402,-0.8927307,-2.7356567,-9.146149
2019-04-08 17:08:57,334421,-2.459732,-0.3223114,-8.052002
2019-04-08 17:08:57,334441,-3.1564484,1.2782135,-8.196854
2019-04-08 17:08:57,334462,-2.7374573,1.5990448,-6.625061
2019-04-08 17:08:57,334481,-2.146103,0.9729614,-7.0272827
2019-04-08 17:08:57,334501,-1.7163391,0.30377197,-6.1641693
2019-04-08 17:08:57,334522,-2.2586212,-0.25646973,-5.997772
2019-04-08 17:08:57,334541,-3.8292236,0.9226837,-7.6198425
2019-04-08 17:08:57,334561,-3.8124542,0.7263489,-8.098694
2019-04-08 17:08:57,334582,-1.9497681,-0.9112854,-7.3971863
2019-04-08 17:08:57,334601,-2.3232727,-0.68144226,-8.348877
2019-04-08 17:08:57,334622,-2.415451,-0.7568512,-7.941864
2019-04-08 17:08:57,334641,-1.8563995,-1.2919617,-8.524857
2019-04-08 17:08:57,334662,-1.7594299,-2.198166,-8.806168
2019-04-08 17:08:57,334682,-1.3464355,-2.103592,-9.780609
2019-04-08 17:08:57,334701,-0.45100403,-2.2592163,-8.860046
2019-04-08 17:08:57,334722,-0.7945709,-3.2180939,-8.068756
2019-04-08 17:08:57,334741,-0.976532,-3.950714,-9.495712
2019-04-08 17:08:57,334762,-0.9717407,-4.9155884,-9.030029
2019-04-08 17:08:57,334781,-1.158493,-4.6234894,-8.40155
2019-04-08 17:08:57,334802,-0.20559692,-4.1853485,-8.709213
2019-04-08 17:08:57,334821,0.15472412,-4.6941223,-8.369232
2019-04-08 17:08:57,334841,-0.84724426,-6.203659,-8.199249
2019-04-08 17:08:57,334862,-1.1249695,-6.3580933,-8.686462
2019-04-08 17:08:57,334881,-1.031601,-6.5568085,-9.365219
2019-04-08 17:08:57,334902,-0.21636963,-6.87883,-9.031235
2019-04-08 17:08:57,334921,0.30436707,-7.922699,-9.70639
2019-04-08 17:08:57,334941,-0.016448975,-9.262253,-9.630981
2019-04-08 17:08:58,334962,-0.8639984,-9.125793,-8.849274
2019-04-08 17:08:58,334981,-0.68922424,-8.555969,-8.911514
2019-04-08 17:08:58,335002,-0.38635254,-7.2499237,-7.9155273
2019-04-08 17:08:58,335021,-0.7119751,-7.4306946,-8.2603
2019-04-08 17:08:58,335041,-0.38874817,-8.43985,-8.75589
2019-04-08 17:08:58,335062,-0.35643005,-8.649338,-9.088684
2019-04-08 17:08:58,335081,-1.0124359,-7.8616486,-9.043198
2019-04-08 17:08:58,335101,-1.055542,-6.9087524,-8.177704
2019-04-08 17:08:58,335122,-0.12658691,-7.6748962,-7.27269
2019-04-08 17:08:58,335141,-0.3408661,-8.833694,-7.4917603
2019-04-08 17:08:58,335161,-1.0208282,-8.292603,-8.324936
2019-04-08 17:08:58,335182,0.16670227,-8.214798,-8.334518
2019-04-08 17:08:58,335201,-0.1852417,-8.867218,-8.506897
2019-04-08 17:08:58,335221,-1.0639191,-9.020447,-8.4769745
2019-04-08 17:08:58,335242,-1.2650299,-8.041214,-7.732376
2019-04-08 17:08:58,335261,-0.03919983,-7.898758,-7.4187317
2019-04-08 17:08:58,335281,-0.9597626,-6.985367,-7.7850494
2019-04-08 17:08:58,335301,-1.9066772,-5.629059,-7.3660583
2019-04-08 17:08:58,335321,0.03262329,-7.5264587,-7.910736
2019-04-08 17:08:58,335342,-0.076309204,-8.350067,-9.111435
2019-04-08 17:08:58,335361,-1.0279999,-6.985367,-9.125793
2019-04-08 17:08:58,335381,-0.61380005,-6.688492,-6.9231415
2019-04-08 17:08:58,335402,-0.9837189,-7.084732,-8.069962
2019-04-08 17:08:58,335421,-1.0411682,-7.1661377,-9.847656
2019-04-08 17:08:58,335442,-0.97413635,-6.5484314,-10.914276
2019-04-08 17:08:58,335461,-0.9178772,-6.1462097,-11.539154
2019-04-08 17:08:58,335482,-0.32769775,-6.432312,-10.778992
2019-04-08 17:08:58,335501,-0.12060547,-6.6872864,-9.662109
2019-04-08 17:08:58,335522,-0.629364,-6.5400543,-9.259872
2019-04-08 17:08:58,335541,-1.4529724,-5.6984863,-8.705612
2019-04-08 17:08:58,335562,-1.9042816,-3.990219,-8.915115
2019-04-08 17:08:58,335581,-1.5702972,-3.4407501,-8.968979
2019-04-08 17:08:58,335602,-0.960968,-4.0620575,-9.352051
2019-04-08 17:08:58,335621,-0.63056946,-4.075226,-8.205231
2019-04-08 17:08:58,335642,-1.8683624,-3.0696564,-8.727173
2019-04-08 17:08:58,335661,-3.2785492,-1.380539,-8.073547
2019-04-08 17:08:58,335681,-2.7554169,-1.6331329,-7.5683746
2019-04-08 17:08:58,335702,-2.399887,-2.6913757,-9.246704
2019-04-08 17:08:58,335721,-2.320877,-1.7552338,-8.600281
2019-04-08 17:08:58,335742,-2.4226227,-1.5577087,-8.190872
2019-04-08 17:08:58,335761,-2.083847,-0.37019348,-7.7814636
2019-04-08 17:08:58,335781,-2.743454,1.6445312,-7.6114655
2019-04-08 17:08:58,335802,-2.372345,1.6864319,-7.2116394
2019-04-08 17:08:58,335821,-1.9773102,0.67607117,-6.68132
2019-04-08 17:08:58,335841,-2.5363464,9.1552734E-4,-6.5364685
2019-04-08 17:08:58,335862,-3.0128021,0.12420654,-6.356903
2019-04-08 17:08:58,335881,-3.732254,0.76226807,-8.3405
2019-04-08 17:08:58,335901,-2.5363464,0.09428406,-8.092697
2019-04-08 17:08:58,335922,-0.8173218,-1.9814911,-7.4738007
2019-04-08 17:08:58,335941,-2.6464844,-1.2297058,-7.842514
2019-04-08 17:08:59,335961,-3.2282715,0.13737488,-7.464218
2019-04-08 17:08:59,335982,-1.8109131,0.911911,-9.569931
2019-04-08 17:08:59,336001,-1.2482758,-0.20498657,-8.7738495
2019-04-08 17:08:59,336022,-0.30496216,-2.86734,-8.5164795
2019-04-08 17:08:59,336041,-1.0387726,-5.206482,-9.178467
2019-04-08 17:08:59,336061,-1.4505768,-4.2607727,-9.583099
2019-04-08 17:08:59,336082,-0.39234924,-3.1139526,-8.423096
2019-04-08 17:08:59,336101,-0.58387756,-3.8345947,-8.663727
2019-04-08 17:08:59,336121,-1.0112457,-4.376892,-9.933838
2019-04-08 17:08:59,336142,-0.16609192,-5.542862,-8.271072
2019-04-08 17:08:59,336161,-0.11341858,-6.519699,-8.470993
2019-04-08 17:08:59,336181,-1.2650299,-6.8572845,-9.202408
2019-04-08 17:08:59,336202,-1.079483,-6.749542,-9.259872
2019-04-08 17:08:59,336222,-0.3001709,-6.4454803,-8.605057
2019-04-08 17:08:59,336241,0.2947998,-6.7004547,-8.680481
2019-04-08 17:08:59,336262,0.6575165,-7.3157654,-7.922714
2019-04-08 17:08:59,336281,0.28401184,-8.277039,-7.7299805
2019-04-08 17:08:59,336302,-0.97532654,-7.8843994,-7.8760223
2019-04-08 17:08:59,336321,-1.3392487,-6.982971,-8.062775
2019-04-08 17:08:59,336342,0.50668335,-7.665329,-8.248322
2019-04-08 17:08:59,336361,0.65631104,-8.42189,-9.313751
2019-04-08 17:08:59,336382,-1.0926514,-8.256699,-10.088272
2019-04-08 17:08:59,336401,-1.202774,-8.844467,-9.511261
2019-04-08 17:08:59,336422,-0.19361877,-9.42865,-8.455429
2019-04-08 17:08:59,336441,-0.21517944,-9.494492,-8.048416
2019-04-08 17:08:59,336462,-0.76942444,-8.5655365,-7.977783
2019-04-08 17:08:59,336481,-1.1261597,-7.8736267,-7.2283936
2019-04-08 17:08:59,336501,-0.58148193,-6.919525,-5.708084
2019-04-08 17:08:59,336522,0.07093811,-6.736374,-6.3772583
2019-04-08 17:08:59,336541,-1.1046143,-7.4582214,-8.281845
2019-04-08 17:08:59,336562,-1.9066772,-7.8448944,-8.801392
2019-04-08 17:08:59,336581,-0.22834778,-9.919464,-8.219589
2019-04-08 17:08:59,336601,-0.77542114,-8.925873,-9.079117
2019-04-08 17:08:59,336622,-1.4350128,-7.302597,-8.012497
2019-04-08 17:08:59,336641,-1.257843,-6.614273,-7.5683746
2019-04-08 17:08:59,336662,-0.15292358,-7.8293304,-8.572739
2019-04-08 17:08:59,336681,-0.21636963,-7.7395477,-8.985733
2019-04-08 17:08:59,336701,-0.89512634,-6.439499,-7.5803375
2019-04-08 17:08:59,336722,-1.6337433,-5.4746246,-6.783081
2019-04-08 17:08:59,336741,-1.0268097,-6.962631,-7.9873505
2019-04-08 17:08:59,336761,-0.51924133,-8.340485,-10.076294
2019-04-08 17:08:59,336782,-0.59465027,-7.2367554,-10.843643
2019-04-08 17:08:59,336801,-1.0543365,-6.40477,-10.471344
2019-04-08 17:08:59,336821,-1.2686157,-6.5735626,-10.986099
2019-04-08 17:08:59,336842,-1.0196228,-6.3114014,-10.439026
2019-04-08 17:08:59,336861,-1.2841797,-5.49498,-10.626968
2019-04-08 17:08:59,336882,-1.4828949,-5.095154,-8.885178
2019-04-08 17:08:59,336901,-1.5523376,-4.7647552,-8.609848
2019-04-08 17:08:59,336922,-1.8049164,-4.0967712,-7.780258
2019-04-08 17:08:59,336941,-1.862381,-3.645462,-6.8764496
2019-04-08 17:09:00,336961,-1.5044556,-3.2408447,-6.755539
2019-04-08 17:09:00,336983,-3.0439148,-1.3494263,-8.621826
2019-04-08 17:09:00,337001,-3.5215607,0.9059143,-9.030029
2019-04-08 17:09:00,337022,-1.5475464,-2.4615326,-7.8604584
2019-04-08 17:09:00,337041,-1.6900024,-3.127121,-9.731537
2019-04-08 17:09:00,337062,-3.4413605,0.288208,-8.850464
2019-04-08 17:09:00,337081,-3.5287476,0.99090576,-8.387192
2019-04-08 17:09:00,337102,-2.1365204,0.36842346,-8.352478
2019-04-08 17:09:00,337122,-1.6002197,-0.5509491,-8.620621
2019-04-08 17:09:00,337141,-2.1137695,-0.57728577,-8.925888
2019-04-08 17:09:00,337162,-2.5052338,-0.24569702,-7.9442596
2019-04-08 17:09:00,337181,-2.2274933,1.4781342,-6.944687
2019-04-08 17:09:00,337201,-2.0946198,2.7805786,-6.1522064
2019-04-08 17:09:00,337222,-2.0491333,0.7443085,-5.964264
2019-04-08 17:09:00,337241,-2.6225433,-0.1678772,-6.4418945
2019-04-08 17:09:00,337262,-1.8528137,-0.2253418,-6.3197937
2019-04-08 17:09:00,337281,-2.3507996,-0.5198364,-7.1326294
2019-04-08 17:09:00,337302,-1.7139435,-1.3984985,-7.9789734
2019-04-08 17:09:00,337321,-1.6169739,-1.4164581,-8.524857
2019-04-08 17:09:00,337341,-1.8444214,-1.9671173,-8.803787
2019-04-08 17:09:00,337362,-0.79815674,-3.1247253,-8.593094
2019-04-08 17:09:00,337381,-0.9501953,-3.3473816,-8.409927
2019-04-08 17:09:00,337401,-2.1197662,-2.7548218,-10.450989
2019-04-08 17:09:00,337422,-1.3177032,-3.1917572,-11.373962
2019-04-08 17:09:00,337441,0.5713196,-5.8181915,-8.625412
2019-04-08 17:09:00,337462,-0.94898987,-7.59111,-8.096298
2019-04-08 17:09:00,337481,-2.1927795,-6.80101,-8.295013
2019-04-08 17:09:00,337501,-1.8671722,-4.5911713,-7.916733
2019-04-08 17:09:00,337522,-0.75027466,-4.795868,-8.220795
2019-04-08 17:09:00,337541,0.28640747,-6.6597595,-7.4917603
2019-04-08 17:09:00,337561,0.088897705,-8.176483,-7.9346924
2019-04-08 17:09:00,337582,-0.4091034,-7.6473694,-8.7140045
2019-04-08 17:09:00,337601,-0.7442932,-6.997345,-9.444229
2019-04-08 17:09:00,337621,-0.96694946,-7.2331696,-9.765045
2019-04-08 17:09:00,337642,-1.2315063,-8.820526,-9.765045
2019-04-08 17:09:00,337661,-0.86639404,-10.699982,-9.690826
2019-04-08 17:09:00,337681,-0.026031494,-10.632935,-9.390366
2019-04-08 17:09:00,337702,0.47555542,-9.590256,-9.513657
2019-04-08 17:09:00,337721,-0.24510193,-8.358444,-9.3077545
2019-04-08 17:09:00,337741,0.0014953613,-8.376404,-8.049606
2019-04-08 17:09:00,337762,-0.73591614,-7.2451477,-7.230789
2019-04-08 17:09:00,337781,-1.2793884,-6.349716,-6.954254
2019-04-08 17:09:00,337801,-0.8436432,-7.2954254,-7.0979156
2019-04-08 17:09:00,337822,-0.8628082,-7.8053894,-8.057983
2019-04-08 17:09:00,337841,-0.7059784,-8.186066,-8.2243805
2019-04-08 17:09:00,337861,-0.7167511,-8.634979,-8.8923645
2019-04-08 17:09:00,337882,-0.9394226,-9.027618,-8.8528595
2019-04-08 17:09:00,337901,-0.7562561,-9.283798,-7.577942
2019-04-08 17:09:00,337922,-0.66049194,-8.533218,-8.470993
2019-04-08 17:09:00,337942,-0.8220978,-8.291412,-8.860046
2019-04-08 17:09:01,337961,-1.2111664,-7.953827,-9.1892395
2019-04-08 17:09:01,337982,-1.1620789,-7.9681854,-8.594284
2019-04-08 17:09:01,338002,-0.9801178,-7.0320587,-7.4055634
2019-04-08 17:09:01,338021,-1.249466,-5.930725,-7.7922363
2019-04-08 17:09:01,338042,-0.9837189,-6.629837,-8.882782
2019-04-08 17:09:01,338061,-0.32530212,-7.579132,-9.421478
2019-04-08 17:09:01,338082,-0.5252228,-7.2714844,-9.483734
2019-04-08 17:09:01,338101,-0.960968,-6.3628845,-9.425079
2019-04-08 17:09:01,338122,-1.2434845,-5.901993,-10.156509
2019-04-08 17:09:01,338141,-1.3033447,-5.7391815,-11.7582245
2019-04-08 17:09:01,338161,-1.4266357,-6.0001526,-10.744278
2019-04-08 17:09:01,338182,-1.1010284,-6.0300903,-10.361206
2019-04-08 17:09:01,338202,-1.4900818,-5.15979,-9.1054535
2019-04-08 17:09:01,338221,-1.8803406,-3.9674835,-9.021652
2019-04-08 17:09:01,338241,-2.442978,-2.0557098,-8.318954
2019-04-08 17:09:01,338262,-2.5351562,-2.3813171,-8.072357
2019-04-08 17:09:01,338281,-2.0383606,-2.4806824,-7.764694
2019-04-08 17:09:01,338301,-1.7965393,-1.6690521,-7.1206512
2019-04-08 17:09:01,338321,-2.9792786,0.004501343,-6.8249664
2019-04-08 17:09:01,338341,-2.640503,0.21398926,-6.0648193
2019-04-08 17:09:01,338362,-2.341217,0.42947388,-6.1929016
2019-04-08 17:09:01,338381,-1.8815308,0.98731995,-6.4969635
2019-04-08 17:09:01,338401,-1.7378845,0.5874939,-6.668152
2019-04-08 17:09:01,338422,-1.5583191,0.86042786,-7.8652496
2019-04-08 17:09:01,338441,-1.4841003,1.0531616,-7.471405
2019-04-08 17:09:01,338461,-1.7773895,0.46777344,-7.546829
2019-04-08 17:09:01,338482,-1.9449768,0.6210022,-8.093903
2019-04-08 17:09:01,338501,-1.6624603,0.27026367,-7.506119
2019-04-08 17:09:01,338521,-1.7342987,-0.34983826,-7.7096252
2019-04-08 17:09:01,338542,-1.8587952,-0.33187866,-8.217194
2019-04-08 17:09:01,338561,-1.7019653,-0.5569458,-7.8484955
2019-04-08 17:09:01,338581,-1.3871307,-2.103592,-7.4582367
2019-04-08 17:09:01,338602,-1.791748,-2.3813171,-9.311356
2019-04-08 17:09:01,338621,-2.1520844,-1.9168396,-8.776245
2019-04-08 17:09:01,338641,-1.5930328,-1.2488708,-8.779831
2019-04-08 17:09:01,338662,-0.63175964,-1.7217255,-8.606262
2019-04-08 17:09:01,338681,-0.6006317,-3.4670868,-9.298187
2019-04-08 17:09:01,338701,-1.2398834,-5.941498,-9.635773
2019-04-08 17:09:01,338722,-1.585846,-7.3229523,-9.01207
2019-04-08 17:09:01,338742,-1.3799591,-7.187683,-8.880402
2019-04-08 17:09:01,338761,-1.4721222,-5.9079742,-9.695618
2019-04-08 17:09:01,338782,-1.4505768,-6.6872864,-8.832504
2019-04-08 17:09:01,338801,-1.3320618,-7.490555,-9.523239
2019-04-08 17:09:01,338822,-0.6509247,-6.681305,-8.257904
2019-04-08 17:09:01,338841,-0.60902405,-6.526886,-8.566757
2019-04-08 17:09:01,338862,-1.4517822,-7.3624573,-8.968979
2019-04-08 17:09:01,338881,-0.8604126,-9.126984,-8.909119
2019-04-08 17:09:01,338902,-0.6473236,-9.545975,-8.965393
2019-04-08 17:09:01,338921,-1.3787537,-8.226761,-8.485352
2019-04-08 17:09:01,338942,-1.1668701,-7.21402,-7.7611084
2019-04-08 17:09:02,338961,-0.8639984,-6.725601,-8.385986
2019-04-08 17:09:02,338982,0.6599121,-9.542374,-10.310928
2019-04-08 17:09:02,339001,0.5892792,-10.600616,-10.746674
2019-04-08 17:09:02,339021,-0.802948,-8.846863,-10.052353
2019-04-08 17:09:02,339042,-1.5511322,-7.333725,-7.1254425
2019-04-08 17:09:02,339061,-0.77900696,-7.53244,-5.320221
2019-04-08 17:09:02,339081,-0.42945862,-7.69046,-5.2866974
2019-04-08 17:09:02,339101,-2.1185608,-6.479004,-6.218048
2019-04-08 17:09:02,339122,-2.1377106,-6.5891266,-7.360077
2019-04-08 17:09:02,339141,-0.6772461,-9.213181,-8.548798
2019-04-08 17:09:02,339161,-1.2614441,-9.204788,-11.843216
2019-04-08 17:09:02,339181,-1.3703766,-8.475754,-11.83963
2019-04-08 17:09:02,339202,0.509079,-10.453369,-9.014465
2019-04-08 17:09:02,339221,-0.9430084,-8.457809,-8.603867
2019-04-08 17:09:02,339241,-2.0084229,-6.856079,-6.389221
2019-04-08 17:09:02,339262,-1.3452301,-6.7184143,-6.4778137
2019-04-08 17:09:02,339281,-1.3069305,-6.8333435,-8.57753
2019-04-08 17:09:02,339301,-1.0974426,-6.061203,-9.695618
2019-04-08 17:09:02,339322,-0.09187317,-6.7004547,-8.996521
2019-04-08 17:09:02,339341,-0.55874634,-7.1505737,-8.775055
2019-04-08 17:09:02,339361,-1.6014099,-5.405197,-8.900742
2019-04-08 17:09:02,339382,-1.6349335,-4.6043396,-9.879974
2019-04-08 17:09:02,339401,-1.242279,-5.3166046,-11.18721
2019-04-08 17:09:02,339421,-1.1285553,-6.4945526,-10.531204
2019-04-08 17:09:02,339442,-1.8288574,-7.158951,-9.753082
2019-04-08 17:09:02,339461,-2.5016327,-5.0628204,-10.134964
2019-04-08 17:09:02,339481,-2.901474,-2.0257874,-9.31015
2019-04-08 17:09:02,339502,-1.807312,-1.7875519,-8.684067
2019-04-08 17:09:02,339521,-1.1537018,-2.7524261,-7.573166
2019-04-08 17:09:02,339542,-1.3907318,-3.4383545,-6.1007233
2019-04-08 17:09:02,339561,-2.6201477,-0.88134766,-6.7375793
2019-04-08 17:09:02,339582,-4.1763763,1.6373444,-8.372818
2019-04-08 17:09:02,339602,-2.719513,-0.56651306,-6.7962494
2019-04-08 17:09:02,339621,-1.3512268,-3.0912018,-7.9155273
2019-04-08 17:09:02,339642,-2.265808,0.5695343,-7.361267
2019-04-08 17:09:02,339661,-2.803299,1.5511627,-6.5269012
2019-04-08 17:09:02,339681,-3.4856567,2.7051544,-7.933487
2019-04-08 17:09:02,339702,-1.5128326,2.4884796,-7.545624
2019-04-08 17:09:02,339721,-1.9521637,-1.30513,-7.230789
2019-04-08 17:09:02,339742,-2.1269379,-1.6498871,-7.2822723
2019-04-08 17:09:02,339761,-2.4082642,0.7287445,-7.2906494
2019-04-08 17:09:02,339781,-2.6057892,0.9897156,-8.08432
2019-04-08 17:09:02,339802,-2.5818481,0.012878418,-8.845673
2019-04-08 17:09:02,339821,-1.0351868,-0.7424927,-8.265091
2019-04-08 17:09:02,339842,-1.2434845,-1.997055,-8.00531
2019-04-08 17:09:02,339862,-2.2011566,-2.9152222,-9.227554
2019-04-08 17:09:02,339881,-2.499237,-3.2564087,-8.247131
2019-04-08 17:09:02,339901,-1.8168945,-3.293518,-7.957428
2019-04-08 17:09:02,339921,-1.747467,-3.1678162,-7.5719604
2019-04-08 17:09:02,339942,-1.3200989,-4.524124,-8.591888
2019-04-08 17:09:03,339961,-1.3955078,-6.219223,-10.2379
2019-04-08 17:09:03,339982,-0.7119751,-7.0787506,-9.97934
2019-04-08 17:09:03,340001,-0.67007446,-7.7898254,-9.2239685
2019-04-08 17:09:03,340021,-1.3200989,-7.1852875,-9.475357
2019-04-08 17:09:03,340041,-2.051529,-5.862488,-8.225586
2019-04-08 17:09:03,340062,-1.4852905,-6.370056,-8.275864
2019-04-08 17:09:03,340081,-0.9837189,-7.158951,-8.711609
2019-04-08 17:09:03,340101,-0.40312195,-8.540405,-8.781036
2019-04-08 17:09:03,340122,0.09967041,-10.394714,-8.966583
2019-04-08 17:09:03,340141,0.093673706,-9.034805,-8.607452
2019-04-08 17:09:03,340161,-0.67126465,-5.767914,-8.448242
2019-04-08 17:09:03,340182,-1.791748,-5.839752,-9.52803
2019-04-08 17:09:03,340201,-0.7155609,-9.962555,-10.648514
2019-04-08 17:09:03,340221,0.2672577,-12.385498,-10.836456
2019-04-08 17:09:03,340242,0.44921875,-10.448578,-10.252274
2019-04-08 17:09:03,340261,-0.6856384,-7.5061035,-8.687668
2019-04-08 17:09:03,340281,-1.242279,-7.124237,-6.1641693
2019-04-08 17:09:03,340302,-0.5563507,-7.8388977,-5.3896484
2019-04-08 17:09:03,340321,-0.6341553,-6.449066,-6.368881
2019-04-08 17:09:03,340342,-1.3057251,-5.779892,-7.127838
2019-04-08 17:09:03,340361,-0.98609924,-7.206833,-8.072357
2019-04-08 17:09:03,340382,-0.6580963,-8.388367,-8.491333
2019-04-08 17:09:03,340402,-0.5743103,-8.117828,-7.980179
2019-04-08 17:09:03,340422,-0.50367737,-7.914322,-8.063965
2019-04-08 17:09:03,340441,-0.9394226,-8.071136,-8.541611
2019-04-08 17:09:03,340462,-0.8280945,-8.715179,-9.109039
2019-04-08 17:09:03,340481,0.45759583,-10.351624,-10.410294
2019-04-08 17:09:03,340502,-0.6724701,-8.265076,-9.832092
2019-04-08 17:09:03,340521,-1.0591278,-6.417938,-8.016083
2019-04-08 17:09:03,340542,-0.5647278,-6.693283,-7.5168915
2019-04-08 17:09:03,340561,-0.37199402,-6.743561,-8.150162
2019-04-08 17:09:03,340582,-0.76464844,-6.139023,-8.502106
2019-04-08 17:09:03,340601,-0.70718384,-5.6506042,-8.3405
2019-04-08 17:09:03,340621,-0.5599365,-5.712845,-8.536819
2019-04-08 17:09:03,340642,-0.6772461,-6.5005493,-9.5208435
2019-04-08 17:09:03,340661,-1.2626343,-6.605896,-10.344452
2019-04-08 17:09:03,340682,-1.3416443,-5.39682,-10.500076
2019-04-08 17:09:03,340701,-1.6421204,-4.000992,-11.250656
2019-04-08 17:09:03,340721,-1.0806732,-4.6869354,-10.836456
2019-04-08 17:09:03,340742,-1.2829895,-5.1406403,-9.954193
2019-04-08 17:09:03,340761,-1.8599854,-3.6861572,-8.268677
2019-04-08 17:09:03,340782,-2.8871002,-2.2268982,-7.703644
2019-04-08 17:09:03,340801,-3.0187836,-0.087677,-6.6825104
2019-04-08 17:09:03,340821,-3.2977142,0.60783386,-6.9267273
2019-04-08 17:09:03,340842,-1.6744385,-1.0082397,-5.8565216
2019-04-08 17:09:03,340861,-1.8180847,-1.3015289,-5.913986
2019-04-08 17:09:03,340881,-2.7530212,1.114212,-5.964264
2019-04-08 17:09:03,340902,-3.031952,1.8252869,-5.964264
2019-04-08 17:09:03,340921,-2.451355,0.83888245,-7.2200165
2019-04-08 17:09:03,340941,-2.3843231,0.30137634,-7.938278
2019-04-08 17:09:04,340962,-2.1496887,-0.11999512,-8.086716
2019-04-08 17:09:04,340981,-3.040329,0.46658325,-9.474152
2019-04-08 17:09:04,341001,-1.8085175,0.9992981,-8.24115
2019-04-08 17:09:04,341022,-1.1237793,-0.72572327,-7.0117188
2019-04-08 17:09:04,341041,-1.9449768,-1.46315,-7.98497
2019-04-08 17:09:04,341062,-1.4876862,-0.27082825,-7.241562
2019-04-08 17:09:04,341081,-2.2131348,-0.834671,-6.6466064
2019-04-08 17:09:04,341101,-2.3735504,-0.59524536,-7.5528107
2019-04-08 17:09:04,341122,-1.534378,-0.83825684,-8.207626
2019-04-08 17:09:04,341141,-1.1644745,-3.7412262,-8.510498
2019-04-08 17:09:04,341161,-1.4134674,-5.5608215,-8.481766
2019-04-08 17:09:04,341182,-1.3081207,-4.2368317,-10.670059
2019-04-08 17:09:04,341201,-1.0986328,-2.4567413,-9.217972
2019-04-08 17:09:04,341221,-0.937027,-3.6897583,-9.306564
2019-04-08 17:09:04,341242,-0.59225464,-5.783478,-9.759064
2019-04-08 17:09:04,341262,-1.1417236,-7.7383423,-9.858429
2019-04-08 17:09:04,341281,-1.1932068,-8.283035,-9.463379
2019-04-08 17:09:04,341302,-1.1848297,-7.3229523,-8.334518
2019-04-08 17:09:04,341321,-1.3177032,-6.265915,-8.426697
2019-04-08 17:09:04,341342,-0.92385864,-6.5161133,-8.63739
2019-04-08 17:09:04,341361,0.050582886,-8.257889,-8.248322
2019-04-08 17:09:04,341382,-0.6652832,-8.572723,-9.305359
2019-04-08 17:09:04,341401,-0.7335205,-8.548782,-9.227554
2019-04-08 17:09:04,341422,-0.1672821,-9.118607,-8.821732
2019-04-08 17:09:04,341441,-0.43663025,-8.702011,-9.745895
2019-04-08 17:09:04,341461,-1.4086761,-8.020859,-9.342468
2019-04-08 17:09:04,341481,-0.97532654,-8.35965,-8.044815
2019-04-08 17:09:04,341501,-0.36001587,-8.340485,-8.565552
2019-04-08 17:09:04,341522,0.66470337,-8.870804,-9.391556
2019-04-08 17:09:04,341541,0.8490448,-9.09227,-9.015671
2019-04-08 17:09:04,341561,-1.016037,-6.547226,-7.33255
2019-04-08 17:09:04,341582,-1.5942383,-5.310623,-4.609146
2019-04-08 17:09:04,341601,-1.684021,-4.7779236,-3.5939941
2019-04-08 17:09:04,341621,-0.13975525,-7.642578,-5.589569
2019-04-08 17:09:04,341642,-0.39353943,-10.79454,-11.038773
2019-04-08 17:09:04,341661,-0.47853088,-12.724274,-12.104187
2019-04-08 17:09:04,341681,-1.6361389,-8.670883,-8.845673
2019-04-08 17:09:04,341702,-0.7490845,-6.360489,-7.622238
2019-04-08 17:09:04,341721,-0.29656982,-8.83609,-9.7782135
2019-04-08 17:09:04,341742,-0.6736603,-9.259857,-9.956589
2019-04-08 17:09:04,341761,-0.36361694,-7.409149,-8.068756
2019-04-08 17:09:04,341781,-0.73591614,-5.765518,-5.5081635
2019-04-08 17:09:04,341802,-1.0591278,-5.255554,-5.7068787
2019-04-08 17:09:04,341821,-1.1896057,-5.621872,-7.550415
2019-04-08 17:09:04,341841,-1.3583984,-5.626663,-11.834839
2019-04-08 17:09:04,341863,0.29000854,-7.131424,-10.944199
2019-04-08 17:09:04,341882,1.5457611,-8.279434,-11.196793
2019-04-08 17:09:04,341901,-1.1908112,-8.460205,-12.341217
2019-04-08 17:09:04,341921,-2.4872742,-8.24472,-10.745483
2019-04-08 17:09:04,341942,-2.506424,-6.2132416,-10.301361
2019-04-08 17:09:05,341961,-2.5411377,-4.3302,-8.199249
2019-04-08 17:09:05,341981,-1.9641418,-3.7831268,-6.0181274
2019-04-08 17:09:05,342002,-2.083847,-2.2436523,-6.5233
2019-04-08 17:09:05,342021,-2.9242096,0.9047241,-7.225998
2019-04-08 17:09:05,342042,-2.3232727,0.52882385,-6.99736
2019-04-08 17:09:05,342062,-0.62338257,-3.5556793,-6.5640106
2019-04-08 17:09:05,342081,-2.138916,-2.8098755,-7.7227936
2019-04-08 17:09:05,342102,-4.4385376,0.714386,-7.779068
2019-04-08 17:09:05,342121,-4.138077,0.51327515,-8.233963
2019-04-08 17:09:05,342142,-1.9773102,0.008087158,-7.8676453
2019-04-08 17:09:05,342161,-2.0922241,-0.19302368,-8.387192
2019-04-08 17:09:05,342182,-1.9318085,0.13139343,-8.4769745
2019-04-08 17:09:05,342201,-2.6381073,-0.384552,-7.7658997
2019-04-08 17:09:05,342222,-3.4413605,0.5898895,-7.372055
2019-04-08 17:09:05,342241,-2.6129608,2.4358063,-7.406769
2019-04-08 17:09:05,342262,-1.7187347,0.78860474,-6.992569
2019-04-08 17:09:05,342281,-1.8025208,-0.9507904,-7.862854
2019-04-08 17:09:05,342301,-2.1664429,-1.1997833,-7.9837646
2019-04-08 17:09:05,342322,-1.925827,-0.6467285,-7.464218
2019-04-08 17:09:05,342341,-1.8444214,-0.41209412,-7.344513
2019-04-08 17:09:05,342362,-1.6540833,-0.7269287,-8.077133
2019-04-08 17:09:05,342381,-1.2279205,-1.9360046,-7.0739746
2019-04-08 17:09:05,342401,-1.7414703,-3.791504,-7.8317413
2019-04-08 17:09:05,342422,-1.8647766,-2.8410034,-9.257477
2019-04-08 17:09:05,342441,-1.2123566,-2.507019,-8.344101
2019-04-08 17:09:05,342461,-1.3548126,-4.203308,-9.994888
2019-04-08 17:09:05,342482,-0.9226532,-6.219223,-9.025238
2019-04-08 17:09:05,342501,-0.9501953,-6.7543335,-10.255859
2019-04-08 17:09:05,342521,-0.45458984,-6.4418793,-9.990112
2019-04-08 17:09:05,342541,-0.29537964,-6.5568085,-8.925888
2019-04-08 17:09:05,342562,-0.44023132,-7.0188904,-9.117416
2019-04-08 17:09:05,342581,-0.82569885,-6.9949493,-8.73674
2019-04-08 17:09:05,342601,-1.1668701,-6.7950287,-8.431488
2019-04-08 17:09:05,342622,-0.8927307,-6.4658356,-8.097488
2019-04-08 17:09:05,342641,-0.1852417,-7.5288544,-8.038834
2019-04-08 17:09:05,342661,-0.061950684,-9.754272,-9.155731
2019-04-08 17:09:05,342682,-0.46536255,-9.793762,-9.569931
2019-04-08 17:09:05,342701,-0.91548157,-7.338516,-9.177277
2019-04-08 17:09:05,342721,-1.3416443,-6.9003754,-8.174103
2019-04-08 17:09:05,342742,-1.1920013,-9.209579,-9.001297
2019-04-08 17:09:05,342761,-0.10983276,-10.81131,-9.998489
2019-04-08 17:09:05,342781,0.57611084,-10.089447,-9.476547
2019-04-08 17:09:05,342802,-0.071517944,-8.154938,-8.830124
2019-04-08 17:09:05,342822,-1.5427551,-6.4550476,-6.8369446
2019-04-08 17:09:05,342842,-1.9365997,-5.743973,-4.9874268
2019-04-08 17:09:05,342861,0.14994812,-7.5659637,-4.8964386
2019-04-08 17:09:05,342882,-0.26185608,-7.6940613,-7.0584106
2019-04-08 17:09:05,342901,-1.2003937,-7.03804,-8.573944
2019-04-08 17:09:05,342921,-1.1429291,-7.522873,-9.214386
2019-04-08 17:09:05,342942,-0.31333923,-8.967773,-8.977356
2019-04-08 17:09:06,342962,0.029037476,-9.299362,-9.903915
2019-04-08 17:09:06,342981,-0.38516235,-9.265854,-10.938217
2019-04-08 17:09:06,343002,-0.91548157,-9.632156,-9.850052
2019-04-08 17:09:06,343021,-1.1022186,-8.535614,-7.696457
2019-04-08 17:09:06,343042,-0.9621582,-6.526886,-6.668152
2019-04-08 17:09:06,343061,-1.6325378,-6.2886505,-7.2846527
2019-04-08 17:09:06,343082,-2.071869,-6.7471466,-9.146149
2019-04-08 17:09:06,343101,-1.5307922,-7.3863983,-9.2634735
2019-04-08 17:09:06,343121,0.25050354,-7.421112,-9.381973
2019-04-08 17:09:06,343142,-0.14933777,-5.4626617,-9.762665
2019-04-08 17:09:06,343161,-0.668869,-5.1705627,-8.488937
2019-04-08 17:09:06,343181,-0.74308777,-5.2998505,-7.3852234
2019-04-08 17:09:06,343202,-2.0060425,-4.3445587,-7.3504944
2019-04-08 17:09:06,343221,-2.8883057,-3.1773987,-7.803009
2019-04-08 17:09:06,343241,-2.9685059,-2.5800323,-9.415497
2019-04-08 17:09:06,343262,-0.72514343,-3.7651672,-7.9753876
2019-04-08 17:09:06,343281,-0.87358093,-4.2547913,-9.022842
2019-04-08 17:09:06,343301,-1.9773102,-1.3542023,-8.315369
2019-04-08 17:09:06,343321,-2.269394,0.11582947,-8.273468
2019-04-08 17:09:06,343342,-1.5020599,-1.0824738,-6.70047
2019-04-08 17:09:06,343361,-1.7462616,-2.3621674,-6.3066254
2019-04-08 17:09:06,343381,-2.514801,-1.6917877,-7.158966
2019-04-08 17:09:06,343402,-2.372345,-2.740448,-6.518509
2019-04-08 17:09:06,343421,-2.2083435,-2.8541718,-6.6621704
2019-04-08 17:09:06,343441,-1.7462616,-1.7971344,-6.5245056
2019-04-08 17:09:06,343462,-2.1927795,-0.91607666,-7.759903
2019-04-08 17:09:06,343481,-1.5427551,-0.68981934,-9.235931
2019-04-08 17:09:06,343501,-0.41149902,-3.12352,-9.666885
2019-04-08 17:09:06,343522,-1.0782776,-4.4223785,-11.710342
2019-04-08 17:09:06,343541,-1.1141968,-5.9367065,-10.230728
2019-04-08 17:09:06,343561,-2.1496887,-6.5568085,-10.620987
2019-04-08 17:09:06,343582,-2.1652527,-5.4578705,-9.471756
2019-04-08 17:09:06,343602,-1.9102631,-4.029724,-7.859268
2019-04-08 17:09:06,343621,-1.6002197,-2.7895355,-8.32254
2019-04-08 17:09:06,343641,-1.194397,-3.1546478,-9.371201
2019-04-08 17:09:06,343662,-0.28100586,-5.702072,-9.725555
2019-04-08 17:09:06,343682,-0.7993622,-7.4187164,-11.953354
2019-04-08 17:09:06,343701,-0.99328613,-6.5556183,-10.874771
2019-04-08 17:09:06,343721,-1.4374084,-5.91037,-11.068695
2019-04-08 17:09:06,343741,-1.2901764,-6.2754974,-11.200378
2019-04-08 17:09:06,343762,-0.87716675,-6.4813843,-11.44458
2019-04-08 17:09:06,343781,-0.66049194,-6.3161926,-10.342056
2019-04-08 17:09:06,343802,-0.5252228,-5.7308044,-9.237137
2019-04-08 17:09:06,343821,-1.2255249,-4.2787323,-8.997711
2019-04-08 17:09:06,343842,-0.75746155,-3.9674835,-7.8915863
2019-04-08 17:09:06,343861,-0.68084717,-4.895233,-7.9789734
2019-04-08 17:09:06,343882,-1.3811493,-4.82341,-8.198044
2019-04-08 17:09:06,343901,-1.1956024,-5.33696,-8.879196
2019-04-08 17:09:06,343921,-1.1010284,-5.8134155,-9.632172
2019-04-08 17:09:06,343942,-0.38157654,-5.9367065,-9.858429
2019-04-08 17:09:07,343961,-0.32769775,-6.373657,-10.191223
2019-04-08 17:09:07,343981,-1.4266357,-5.946289,-10.112213
2019-04-08 17:09:07,344002,-2.1209564,-4.864105,-10.716751
2019-04-08 17:09:07,344021,-0.9011078,-4.5732117,-9.601044
2019-04-08 17:09:07,344042,-0.3899536,-5.558426,-9.118622
2019-04-08 17:09:07,344061,-1.2554474,-4.491806,-8.690063
2019-04-08 17:09:07,344081,-1.3272858,-4.0069885,-6.2359924
2019-04-08 17:09:07,344102,-1.7797852,-3.9986115,-6.6741333
2019-04-08 17:09:07,344121,-2.9194183,-2.5549011,-8.593094
2019-04-08 17:09:07,344142,-1.1656647,-3.7136993,-8.396759
2019-04-08 17:09:07,344161,0.082901,-5.3561096,-8.980957
2019-04-08 17:09:07,344181,-0.72991943,-4.759964,-9.340088
2019-04-08 17:09:07,344202,-2.068283,-3.5879974,-9.055176
2019-04-08 17:09:07,344221,-2.0587006,-3.9124146,-9.976944
2019-04-08 17:09:07,344241,-0.8508301,-4.333786,-9.944611
2019-04-08 17:09:07,344262,-0.5539551,-5.1214905,-9.550766
2019-04-08 17:09:07,344281,-1.139328,-4.66658,-8.633789
2019-04-08 17:09:07,344301,-1.431427,-4.057266,-7.9550323
2019-04-08 17:09:07,344322,-1.1082153,-3.8058777,-8.029251
2019-04-08 17:09:07,344341,-1.1022186,-4.1542206,-8.310577
2019-04-08 17:09:07,344361,-1.1441193,-3.9878235,-8.597885
2019-04-08 17:09:07,344382,-0.5431824,-5.1418304,-9.353256
2019-04-08 17:09:07,344401,-0.624588,-5.6075134,-9.824905
2019-04-08 17:09:07,344421,-1.415863,-4.961075,-9.571121
2019-04-08 17:09:07,344442,-0.94540405,-4.8341827,-9.180862
2019-04-08 17:09:07,344462,-1.2554474,-4.9012146,-9.557953
2019-04-08 17:09:07,344481,-1.5906372,-5.3082275,-9.967361
2019-04-08 17:09:07,344502,-1.5391693,-5.3716736,-10.465363
2019-04-08 17:09:07,344521,-0.92025757,-5.2759094,-9.451416
2019-04-08 17:09:07,344542,-0.66049194,-4.953888,-8.523666
2019-04-08 17:09:07,344561,-1.6349335,-3.990219,-8.2638855
2019-04-08 17:09:07,344582,-1.4781189,-3.8022766,-7.7503357
2019-04-08 17:09:07,344602,-1.3021393,-4.8677063,-8.560776
2019-04-08 17:09:07,344621,-1.4302368,-5.255554,-9.851242
2019-04-08 17:09:07,344642,-1.0675049,-6.013321,-10.468948
2019-04-08 17:09:07,344661,0.05656433,-7.483368,-10.161285
2019-04-08 17:09:07,344682,-1.2267303,-5.152603,-9.658508
2019-04-08 17:09:07,344701,-1.9365997,-3.7891083,-8.034042
2019-04-08 17:09:07,344721,-1.5918427,-3.558075,-8.247131
2019-04-08 17:09:07,344742,-1.0196228,-3.8585358,-10.089462
2019-04-08 17:09:07,344761,0.34268188,-5.472229,-9.544785
2019-04-08 17:09:07,344782,-0.33009338,-6.8764343,-9.551971
2019-04-08 17:09:07,344801,-1.8839264,-4.9514923,-9.083908
2019-04-08 17:09:07,344821,-2.0084229,-4.005783,-7.9478607
2019-04-08 17:09:07,344842,-1.0722961,-4.6043396,-8.360855
2019-04-08 17:09:07,344861,-1.2937622,-3.9806519,-8.49733
2019-04-08 17:09:07,344881,-0.9980774,-4.4942017,-8.486542
2019-04-08 17:09:07,344902,-0.8233032,-4.878479,-9.126999
2019-04-08 17:09:07,344921,-0.76104736,-5.4411163,-8.937851
2019-04-08 17:09:07,344942,-1.2195435,-5.214859,-8.845673
2019-04-08 17:09:08,344961,-1.9593506,-4.7467957,-9.121017
2019-04-08 17:09:08,344981,-1.7007751,-4.3780823,-9.609436
2019-04-08 17:09:08,345002,-0.8927307,-4.579193,-9.635773
2019-04-08 17:09:08,345021,-0.7335205,-4.510956,-8.998901
2019-04-08 17:09:08,345041,-0.8244934,-4.5911713,-8.271072
2019-04-08 17:09:08,345062,-1.3847351,-4.5923615,-8.052002
2019-04-08 17:09:08,345081,-1.684021,-4.6989136,-7.7024536
2019-04-08 17:09:08,345101,-1.791748,-4.5289154,-8.4769745
2019-04-08 17:09:08,345122,-1.1764374,-4.6282806,-8.672104
2019-04-08 17:09:08,345141,-0.50367737,-5.365692,-8.968979
2019-04-08 17:09:08,345161,-0.6545105,-5.6122894,-9.668091
2019-04-08 17:09:08,345182,-1.1572876,-5.2280273,-9.851242
2019-04-08 17:09:08,345201,-1.2231293,-5.183731,-9.50528
2019-04-08 17:09:08,345221,-1.9270325,-4.7156677,-9.960175
2019-04-08 17:09:08,345242,-1.3464355,-4.442734,-10.196014
2019-04-08 17:09:08,345261,0.1403656,-5.870865,-8.91391
2019-04-08 17:09:08,345282,-1.312912,-5.5404663,-8.886383
2019-04-08 17:09:08,345301,-1.8755493,-4.431961,-8.300995
2019-04-08 17:09:08,345322,-1.5702972,-4.3661194,-7.479782
2019-04-08 17:09:08,345341,-1.6516876,-5.175354,-9.58429
2019-04-08 17:09:08,345362,-0.98132324,-5.120285,-10.321701
2019-04-08 17:09:08,345382,0.011077881,-6.143814,-9.404724
2019-04-08 17:09:08,345401,-0.93821716,-4.787491,-8.491333
2019-04-08 17:09:08,345422,-1.7989349,-3.7280579,-7.471405
2019-04-08 17:09:08,345441,-1.2722168,-4.132675,-8.158539
2019-04-08 17:09:08,345462,-0.86639404,-4.9993744,-9.969757
2019-04-08 17:09:08,345481,-0.7538605,-6.38562,-10.276215
2019-04-08 17:09:08,345502,-0.8628082,-6.3269653,-9.9517975
2019-04-08 17:09:08,345521,-1.0675049,-4.840164,-9.489716
2019-04-08 17:09:08,345541,-1.2518616,-4.352951,-8.996521
2019-04-08 17:09:08,345562,-0.75865173,-4.680954,-8.439865
2019-04-08 17:09:08,345581,-1.2985535,-4.724045,-8.394379
2019-04-08 17:09:08,345602,-2.1257477,-3.1259155,-8.667313
2019-04-08 17:09:08,345621,0.021850586,-5.2890778,-8.494934
2019-04-08 17:09:08,345641,0.20381165,-7.3397064,-10.392334
2019-04-08 17:09:08,345662,-1.4721222,-6.0743713,-8.087921
2019-04-08 17:09:08,345681,-3.0439148,-4.27034,-7.8245544
2019-04-08 17:09:08,345702,-2.5351562,-2.9906464,-9.393951
2019-04-08 17:09:08,345721,-0.8915405,-3.7172852,-9.123413
2019-04-08 17:09:08,345741,-0.21038818,-4.1494446,-10.3671875
2019-04-08 17:09:08,345762,-0.24151611,-5.1023254,-10.379166
2019-04-08 17:09:08,345781,-0.6509247,-6.5244904,-9.595062
2019-04-08 17:09:08,345801,-1.9114685,-6.3916016,-9.117416
2019-04-08 17:09:08,345822,-2.763794,-4.075226,-8.391983
2019-04-08 17:09:08,345841,-1.8180847,-3.925583,-8.700836
2019-04-08 17:09:08,345861,-0.006881714,-4.5492706,-8.666107
2019-04-08 17:09:08,345881,0.4049225,-5.182541,-8.946228
2019-04-08 17:09:08,345902,-0.8113251,-4.6163025,-8.532043
2019-04-08 17:09:08,345921,-1.4685364,-4.26915,-8.388382
2019-04-08 17:09:08,345941,-1.3272858,-4.084793,-8.97377
2019-04-08 17:09:09,345962,-0.2941742,-4.550461,-8.605057
2019-04-08 17:09:09,345981,-1.0303955,-5.199295,-9.213196
2019-04-08 17:09:09,346001,-1.3859406,-5.3118286,-9.610626
2019-04-08 17:09:09,346022,-1.4601593,-5.6482086,-10.506058
2019-04-08 17:09:09,346041,-0.67845154,-5.7355957,-10.439026
2019-04-08 17:09:09,346062,-0.7442932,-5.255554,-9.823715
2019-04-08 17:09:09,346081,-1.4613495,-4.242813,-8.995316
2019-04-08 17:09:09,346101,-1.1357422,-4.0417023,-7.577942
2019-04-08 17:09:09,346122,-1.4170685,-4.3744965,-7.842514
2019-04-08 17:09:09,346141,-1.9617462,-3.9567108,-7.8161774
2019-04-08 17:09:09,346162,-1.1165924,-4.9718475,-8.281845
2019-04-08 17:09:09,346181,-0.53718567,-6.0827637,-9.013275
2019-04-08 17:09:09,346202,-0.960968,-5.453079,-8.821732
2019-04-08 17:09:09,346222,-1.5403595,-4.491806,-8.057983
2019-04-08 17:09:09,346241,-2.2286987,-3.9124146,-9.2108
2019-04-08 17:09:09,346262,-1.2315063,-3.9698792,-10.673645
2019-04-08 17:09:09,346281,0.45880127,-5.7511597,-10.290573
2019-04-08 17:09:09,346302,-0.66767883,-6.013321,-10.565918
2019-04-08 17:09:09,346321,-1.0567322,-5.929535,-9.48732
2019-04-08 17:09:09,346342,-1.4996643,-5.676941,-8.475769
2019-04-08 17:09:09,346361,-2.1173706,-4.4570923,-8.135803
2019-04-08 17:09:09,346381,-1.7702026,-3.637085,-7.344513
2019-04-08 17:09:09,346402,-0.6748657,-4.2128906,-8.008911
2019-04-08 17:09:09,346422,-0.46536255,-4.538498,-8.35965
2019-04-08 17:09:09,346442,-1.2638397,-4.2990723,-7.9526367
2019-04-08 17:09:09,346461,-1.1620789,-4.610321,-8.18248
2019-04-08 17:09:09,346481,-1.0866547,-5.207672,-9.519653
2019-04-08 17:09:09,346501,-1.5200195,-5.460266,-10.509644
2019-04-08 17:09:09,346521,-1.3823395,-5.805023,-10.443802
2019-04-08 17:09:09,346541,-0.44262695,-6.0827637,-10.309738
2019-04-08 17:09:09,346561,-1.0675049,-5.055649,-9.334091
2019-04-08 17:09:09,346581,-1.4170685,-4.5492706,-7.775467
2019-04-08 17:09:09,346602,-1.7055664,-3.8968506,-7.779068
2019-04-08 17:09:09,346621,-1.0339966,-4.0512695,-8.042419
2019-04-08 17:09:09,346641,-0.84484863,-4.668976,-8.176498
2019-04-08 17:09:09,346662,-0.98609924,-4.803055,-8.798996
2019-04-08 17:09:09,346681,-0.5359955,-5.3465424,-9.208405
2019-04-08 17:09:09,346701,-0.49050903,-5.805023,-8.766678
2019-04-08 17:09:09,346721,-1.7773895,-4.6510315,-8.374023
2019-04-08 17:09:09,346742,-2.044342,-4.040497,-8.391983
2019-04-08 17:09:09,346761,-1.237503,-4.3314056,-9.885956
2019-04-08 17:09:09,346781,-0.5934601,-4.727646,-10.947784
2019-04-08 17:09:09,346802,-0.3229065,-5.712845,-10.334869
2019-04-08 17:09:09,346821,-0.44381714,-5.5691986,-9.526825
2019-04-08 17:09:09,346841,-1.0926514,-5.171768,-8.277054
2019-04-08 17:09:09,346862,-2.5567017,-3.4216003,-7.565979
2019-04-08 17:09:09,346881,-2.190384,-3.242035,-7.1805115
2019-04-08 17:09:09,346901,-0.67007446,-5.4973755,-8.782227
2019-04-08 17:09:09,346922,-0.79815674,-5.7296143,-10.301361
2019-04-08 17:09:09,346942,-0.7658386,-5.9427032,-9.452606
2019-04-08 17:09:10,346962,-0.80415344,-5.4231567,-8.611053
2019-04-08 17:09:10,346981,-1.3500214,-4.862915,-8.387192
2019-04-08 17:09:10,347002,-2.5902252,-3.377304,-9.8129425
2019-04-08 17:09:10,347021,-1.3859406,-4.807846,-10.925049
2019-04-08 17:09:10,347042,0.31513977,-6.662155,-10.795761
2019-04-08 17:09:10,347061,-0.644928,-5.5883484,-9.836884
2019-04-08 17:09:10,347082,-1.3787537,-4.538498,-8.093903
2019-04-08 17:09:10,347101,-1.3488312,-3.997406,-6.3616943
2019-04-08 17:09:10,347122,-1.7450714,-3.672989,-6.388031
2019-04-08 17:09:10,347141,-2.7075348,-2.6231384,-5.86969
2019-04-08 17:09:10,347162,-2.272995,-3.1390839,-8.585907
2019-04-08 17:09:10,347181,-0.014053345,-5.0580444,-10.945389
2019-04-08 17:09:10,347202,1.8522186,-8.211197,-11.74147
2019-04-08 17:09:10,347221,-0.2834015,-7.9993134,-10.592255
2019-04-08 17:09:10,347241,-2.7817535,-5.547653,-10.392334
2019-04-08 17:09:10,347262,-2.7817535,-3.870514,-9.282623
2019-04-08 17:09:10,347281,-1.6229706,-4.84375,-9.8129425
2019-04-08 17:09:10,347301,-1.2207336,-4.364914,-10.000885
2019-04-08 17:09:10,347321,0.3821869,-4.6007385,-8.024475
2019-04-08 17:09:10,347342,-0.43663025,-4.800659,-7.27269
2019-04-08 17:09:10,347361,-1.3739624,-4.6151123,-6.7615204
2019-04-08 17:09:10,347381,-2.7853546,-3.1163483,-6.771103
2019-04-08 17:09:10,347401,-2.3855133,-3.4527283,-8.626602
2019-04-08 17:09:10,347421,-0.6616974,-4.0812073,-9.277832
2019-04-08 17:09:10,347442,1.1806488,-6.344925,-9.465775
2019-04-08 17:09:10,347461,-0.6976013,-5.668564,-9.713577
2019-04-08 17:09:10,347482,-1.980896,-5.127472,-9.128189
2019-04-08 17:09:10,347501,-2.111374,-5.510544,-9.699219
2019-04-08 17:09:10,347521,-1.7031708,-5.194504,-10.468948
2019-04-08 17:09:10,347542,-1.075882,-5.218445,-10.235519
2019-04-08 17:09:10,347561,-0.4234619,-5.4806213,-9.74231
2019-04-08 17:09:10,347581,-0.66767883,-4.795868,-8.654144
2019-04-08 17:09:10,347601,-1.2518616,-4.230835,-7.258316
2019-04-08 17:09:10,347621,-2.3974915,-3.2121124,-6.6513977
2019-04-08 17:09:10,347641,-2.317276,-3.3150635,-7.719208
2019-04-08 17:09:10,347661,-1.0531464,-4.123108,-8.995316
2019-04-08 17:09:10,347681,0.15472412,-6.5161133,-9.429871
2019-04-08 17:09:10,347701,-1.1261597,-6.0707855,-9.568726
2019-04-08 17:09:10,347722,-1.9677277,-4.7336273,-9.6549225
2019-04-08 17:09:10,347741,-1.2231293,-4.943115,-10.016449
2019-04-08 17:09:10,347762,-1.0914459,-4.8282013,-9.731537
2019-04-08 17:09:10,347781,-1.3416443,-4.308655,-8.943848
2019-04-08 17:09:10,347802,-1.5283966,-4.1889496,-9.264664
2019-04-08 17:09:10,347822,-1.0782776,-4.3984375,-9.917084
2019-04-08 17:09:10,347842,-0.55514526,-5.424347,-9.05397
2019-04-08 17:09:10,347861,-1.4266357,-5.5368805,-8.563156
2019-04-08 17:09:10,347882,-1.4721222,-4.9395294,-8.254318
2019-04-08 17:09:10,347901,-2.2897491,-3.7041168,-9.630981
2019-04-08 17:09:10,347922,-0.7909851,-4.4858246,-9.255081
2019-04-08 17:09:10,347941,-0.11222839,-5.621872,-9.56633
2019-04-08 17:09:11,347962,-1.1357422,-4.3625183,-9.502884
2019-04-08 17:09:11,347981,-1.6911926,-4.7886963,-8.751114
2019-04-08 17:09:11,348002,-1.8970947,-4.5420837,-8.142975
2019-04-08 17:09:11,348021,-1.4984589,-4.424774,-8.067566
2019-04-08 17:09:11,348041,-1.5223999,-4.253586,-9.17009
2019-04-08 17:09:11,348062,-1.218338,-4.68454,-10.411484
2019-04-08 17:09:11,348081,-0.6365509,-5.828964,-10.623367
2019-04-08 17:09:11,348101,-1.0303955,-5.5057526,-10.213959
2019-04-08 17:09:11,348122,-2.4968414,-4.3302,-9.493317
2019-04-08 17:09:11,348141,-2.1413116,-3.8896637,-9.098267
2019-04-08 17:09:11,348161,-1.4900818,-4.761154,-9.577103
2019-04-08 17:09:11,348181,-1.174057,-4.6641846,-8.552383
2019-04-08 17:09:11,348202,-1.7785797,-4.3038635,-8.411133
2019-04-08 17:09:11,348221,-1.2674255,-4.0189514,-8.614639
2019-04-08 17:09:11,348241,-1.2327118,-4.578003,-9.544785
2019-04-08 17:09:11,348261,-1.3607941,-4.7695312,-9.450211
2019-04-08 17:09:11,348282,-1.4338226,-3.6909485,-8.086716
2019-04-08 17:09:11,348301,-2.0407562,-3.5760345,-8.854065
2019-04-08 17:09:11,348321,-2.1329346,-2.4699097,-11.24707
2019-04-08 17:09:11,348342,-0.589859,-3.573639,-10.458176
2019-04-08 17:09:11,348361,0.019454956,-6.0635986,-9.14975
2019-04-08 17:09:11,348381,-2.1844025,-4.792282,-9.762665
2019-04-08 17:09:11,348402,-2.3472137,-3.4072418,-9.40712
2019-04-08 17:09:11,348421,-2.4549408,-3.7950897,-9.446625
2019-04-08 17:09:11,348441,-1.139328,-3.3437958,-8.341705
2019-04-08 17:09:11,348462,-1.0878601,-3.6263123,-8.536819
2019-04-08 17:09:11,348481,-1.2566528,-3.3976593,-8.600281
2019-04-08 17:09:11,348502,-2.4417877,-3.6909485,-8.872009
2019-04-08 17:09:11,348521,-2.0814514,-3.7196808,-9.662109
2019-04-08 17:09:11,348541,-1.0040588,-4.8138275,-9.121017
2019-04-08 17:09:11,348562,-2.0096283,-2.8960724,-9.287415
2019-04-08 17:09:11,348581,-1.8911133,-2.8709412,-9.492111
2019-04-08 17:09:11,348602,-0.8999176,-4.6510315,-9.453812
2019-04-08 17:09:11,348622,-2.027588,-5.0388794,-10.345642
2019-04-08 17:09:11,348642,-2.3735504,-3.3593597,-9.735123
2019-04-08 17:09:11,348661,-1.7749939,-3.4754639,-9.016861
2019-04-08 17:09:11,348682,-1.0375824,-3.084015,-7.8568726
2019-04-08 17:09:11,348702,-2.178421,-1.48349,-7.759903
2019-04-08 17:09:11,348721,-1.0411682,-2.518982,-7.3265533
2019-04-08 17:09:11,348742,-1.4697418,-3.2516174,-9.301773
2019-04-08 17:09:11,348762,-0.8831482,-5.07959,-8.698441
2019-04-08 17:09:11,348781,-2.2155304,-4.6989136,-10.45459
2019-04-08 17:09:11,348802,-1.2147522,-4.3397827,-10.43663
2019-04-08 17:09:11,348821,-1.4984589,-5.3465424,-10.190018
2019-04-08 17:09:11,348841,-2.5052338,-2.9523315,-10.471344
2019-04-08 17:09:11,348862,-1.6469116,-1.9527588,-9.887161
2019-04-08 17:09:11,348881,-0.90231323,-2.8613586,-9.937439
2019-04-08 17:09:11,348901,-0.19961548,-4.490616,-9.299377
2019-04-08 17:09:11,348922,-1.5846558,-6.1270447,-9.634567
2019-04-08 17:09:11,348941,-1.9090729,-5.5811768,-9.563934
2019-04-08 17:09:12,348961,-2.5016327,-3.2121124,-8.093903
2019-04-08 17:09:12,348982,-1.6481018,-1.6630554,-7.2008667
2019-04-08 17:09:12,349001,-0.8053436,-3.1522522,-7.09671
2019-04-08 17:09:12,349021,-0.550354,-3.7675629,-9.563934
2019-04-08 17:09:12,349042,-1.9880829,-4.235626,-10.8328705
2019-04-08 17:09:12,349061,-0.93582153,-4.8808746,-11.200378
2019-04-08 17:09:12,349081,-1.58107,-5.570404,-11.400299
2019-04-08 17:09:12,349102,-1.3428345,-4.792282,-9.235931
2019-04-08 17:09:12,349121,-2.6141663,-4.305069,-8.18129
2019-04-08 17:09:12,349141,-2.0970154,-2.7859344,-7.92511
2019-04-08 17:09:12,349162,-2.2191162,-3.6251068,-9.258682
2019-04-08 17:09:12,349181,-2.1042023,-2.905655,-10.491699
2019-04-08 17:09:12,349201,-0.73831177,-4.4499054,-10.623367
2019-04-08 17:09:12,349222,0.13557434,-6.7734833,-10.122986
2019-04-08 17:09:12,349241,-1.846817,-5.436325,-8.6744995
2019-04-08 17:09:12,349261,-4.7031097,-2.0652924,-9.842865
2019-04-08 17:09:12,349282,-1.2267303,-3.6382751,-7.811386
2019-04-08 17:09:12,349301,-1.9581451,-4.2212677,-10.2379
2019-04-08 17:09:12,349322,-1.4601593,-2.3705444,-9.058762
2019-04-08 17:09:12,349341,-0.18045044,-3.8441772,-8.351273
2019-04-08 17:09:12,349362,-1.2638397,-3.7783356,-9.416702
2019-04-08 17:09:12,349381,-2.0323792,-2.9786682,-9.186859
2019-04-08 17:09:12,349402,-1.8085175,-3.0421143,-8.880402
2019-04-08 17:09:12,349421,-0.67007446,-4.7024994,-10.648514
2019-04-08 17:09:12,349442,-0.7119751,-6.14859,-11.688797
2019-04-08 17:09:12,349461,-1.4290314,-4.9323425,-10.921448
2019-04-08 17:09:12,349482,-0.37078857,-4.3505554,-9.23114
2019-04-08 17:09:12,349501,-1.5152283,-4.3912506,-8.576324
2019-04-08 17:09:12,349522,-2.0922241,-3.2611847,-8.204041
2019-04-08 17:09:12,349541,-1.8480225,-3.4970245,-7.5923157
2019-04-08 17:09:12,349562,-1.3009491,-3.4096375,-9.356842
2019-04-08 17:09:12,349581,-0.4988861,-4.4343414,-9.194031
2019-04-08 17:09:12,349602,-1.6971893,-4.2152863,-9.058762
2019-04-08 17:09:12,349621,-1.980896,-4.775528,-9.713577
2019-04-08 17:09:12,349642,-2.114975,-4.6989136,-10.337265
2019-04-08 17:09:12,349661,-1.9006958,-4.9012146,-9.72316
2019-04-08 17:09:12,349681,-2.600998,-3.3198547,-10.143341
2019-04-08 17:09:12,349702,-0.7885895,-4.3661194,-9.256287
2019-04-08 17:09:12,349721,-0.9717407,-6.265915,-10.75386
2019-04-08 17:09:12,349741,-1.6085968,-3.921997,-9.433456
2019-04-08 17:09:12,349762,-1.5535278,-2.6578522,-7.2786713
2019-04-08 17:09:12,349781,-0.960968,-3.1821747,-6.2647247
2019-04-08 17:09:12,349802,-2.8691406,-3.254013,-9.239532
2019-04-08 17:09:12,349821,-1.2243347,-3.9088287,-9.48613
2019-04-08 17:09:12,349841,-0.6940155,-5.1801453,-10.586258
2019-04-08 17:09:12,349862,-1.5942383,-3.3030853,-10.061935
2019-04-08 17:09:12,349881,-1.5882416,-3.5700378,-10.557526
2019-04-08 17:09:12,349901,-0.8999176,-5.33696,-11.265015
2019-04-08 17:09:12,349922,-1.8300629,-5.365692,-11.053131
2019-04-08 17:09:12,349941,-1.5990143,-3.7986908,-8.792999
2019-04-08 17:09:13,349961,-1.7546387,-3.0624695,-8.279449
2019-04-08 17:09:13,349982,-1.2051697,-3.652649,-8.06636
2019-04-08 17:09:13,350001,-0.9789276,-5.329773,-8.570343
2019-04-08 17:09:13,350021,-1.5032501,-5.0783844,-7.8676453
2019-04-08 17:09:13,350042,-3.3934784,-2.3047028,-8.740341
2019-04-08 17:09:13,350061,-1.9749146,-1.8509979,-10.563522
2019-04-08 17:09:13,350082,0.6407471,-4.7886963,-10.263046
2019-04-08 17:09:13,350101,-0.7131653,-6.1330414,-10.667664
2019-04-08 17:09:13,350121,-2.427414,-4.42717,-9.573517
2019-04-08 17:09:13,350142,-2.9170227,-3.0744476,-9.025238
2019-04-08 17:09:13,350161,-1.486496,-4.064438,-9.44902
2019-04-08 17:09:13,350181,-1.1932068,-4.3314056,-8.6349945
2019-04-08 17:09:13,350202,-0.708374,-3.9878235,-7.6030884
2019-04-08 17:09:13,350222,-1.5116272,-3.2947083,-7.720398
2019-04-08 17:09:13,350241,-2.5902252,-2.542923,-9.08989
2019-04-08 17:09:13,350261,-1.099823,-4.3038635,-9.48613
2019-04-08 17:09:13,350281,-0.5886688,-7.0440216,-10.460571
2019-04-08 17:09:13,350301,-2.0646973,-6.4813843,-11.190796
2019-04-08 17:09:13,350322,-2.3160858,-4.2009125,-10.927444
2019-04-08 17:09:13,350341,-1.7127533,-2.993042,-9.350861
2019-04-08 17:09:13,350362,-0.69880676,-2.348999,-6.7746887
2019-04-08 17:09:13,350381,-1.9629364,-3.1857758,-7.5959015
2019-04-08 17:09:13,350402,-1.4781189,-2.5321503,-9.50528
2019-04-08 17:09:13,350421,-0.54437256,-5.3561096,-8.966583
2019-04-08 17:09:13,350442,-1.941391,-5.518921,-9.292191
2019-04-08 17:09:13,350461,-1.312912,-4.4965973,-9.425079
2019-04-08 17:09:13,350481,-1.036377,-5.8421326,-8.612244
2019-04-08 17:09:13,350502,-2.530365,-5.2256317,-9.3077545
2019-04-08 17:09:13,350521,-2.170044,-5.2842865,-8.930679
2019-04-08 17:09:13,350542,-2.5160065,-4.203308,-10.411484
2019-04-08 17:09:13,350561,-1.5798645,-3.0552826,-10.947784
2019-04-08 17:09:13,350581,1.2045898,-6.092331,-8.888779
2019-04-08 17:09:13,350602,-0.93582153,-7.0260773,-7.8712463
2019-04-08 17:09:13,350621,-3.1552582,-4.387665,-7.478592
2019-04-08 17:09:13,350641,-5.9361115,1.6959991,-9.976944
2019-04-08 17:09:13,350662,1.3889465,-4.124298,-5.162201
2019-04-08 17:09:13,350681,0.65153503,-7.7419434,-9.3628235
2019-04-08 17:09:13,350701,-2.3651733,-3.653839,-8.703217
2019-04-08 17:09:13,350722,-1.6361389,-5.4782257,-9.574707
2019-04-08 17:09:13,350741,-2.6668396,-6.4227295,-11.589432
2019-04-08 17:09:13,350761,-2.214325,-4.373291,-10.118195
2019-04-08 17:09:13,350781,-1.2099609,-5.3142242,-9.781815
2019-04-08 17:09:13,350802,-0.9729309,-5.783478,-9.178467
2019-04-08 17:09:13,350821,-1.763031,-5.4351196,-7.1206512
2019-04-08 17:09:13,350841,-3.7980957,-2.7236938,-7.9981384
2019-04-08 17:09:13,350861,-2.439392,-2.78714,-9.366425
2019-04-08 17:09:13,350882,0.108047485,-4.898819,-9.381973
2019-04-08 17:09:13,350901,-0.7143707,-5.994171,-9.791382
2019-04-08 17:09:13,350921,-1.1896057,-4.2236633,-8.287827
2019-04-08 17:09:13,350942,-2.249054,-3.9722748,-7.9083557
2019-04-08 17:09:14,350961,-2.6776123,-3.878891,-9.475357
2019-04-08 17:09:14,350981,-1.4134674,-5.271118,-9.762665
2019-04-08 17:09:14,351002,-0.3899536,-7.028473,-9.751877
2019-04-08 17:09:14,351021,-1.2638397,-6.0947266,-8.935455
2019-04-08 17:09:14,351041,-2.1987762,-5.111908,-7.7491302
2019-04-08 17:09:14,351062,-2.775772,-4.0823975,-8.661331
2019-04-08 17:09:14,351082,-1.1058197,-5.6398315,-9.267059
2019-04-08 17:09:14,351102,-1.9318085,-5.630249,-9.815338
2019-04-08 17:09:14,351121,-1.1812286,-5.341751,-9.09108
2019-04-08 17:09:14,351142,-2.1891937,-4.483429,-9.355637
2019-04-08 17:09:14,351162,-1.9761047,-4.7431946,-8.943848
2019-04-08 17:09:14,351181,-1.7773895,-5.708069,-7.9909515
2019-04-08 17:09:14,351202,-2.317276,-5.1657715,-7.4319
2019-04-08 17:09:14,351222,-3.0858154,-3.9004364,-7.0763702
2019-04-08 17:09:14,351241,-2.6919708,-4.4546967,-8.466202
2019-04-08 17:09:14,351262,-2.1173706,-5.4183655,-9.985321
2019-04-08 17:09:14,351281,-1.2841797,-6.274292,-10.4414215
2019-04-08 17:09:14,351301,-1.0962372,-7.132614,-9.954193
2019-04-08 17:09:14,351322,-1.7582397,-6.4945526,-9.787796
2019-04-08 17:09:14,351341,-2.147293,-5.8062286,-8.523666
2019-04-08 17:09:14,351361,-1.9880829,-4.6115265,-8.128616
2019-04-08 17:09:14,351381,-1.2099609,-4.7312317,-7.6114655
2019-04-08 17:09:14,351402,-0.97772217,-4.3780823,-7.780258
2019-04-08 17:09:14,351421,-1.5176239,-4.4068146,-8.601471
2019-04-08 17:09:14,351441,-0.83047485,-5.2807007,-9.008484
2019-04-08 17:09:14,351461,-1.218338,-6.617859,-9.359238
2019-04-08 17:09:14,351482,-1.8899231,-5.7511597,-9.07074
2019-04-08 17:09:14,351501,-2.2083435,-4.934738,-9.024048
2019-04-08 17:09:14,351521,-1.297348,-5.084381,-9.079117
2019-04-08 17:09:14,351541,-1.0926514,-5.930725,-9.44902
2019-04-08 17:09:14,351562,-1.3512268,-6.20726,-9.057571
2019-04-08 17:09:14,351581,-2.1221619,-5.8170013,-8.81575
2019-04-08 17:09:14,351601,-2.8368225,-4.4774475,-8.329727
2019-04-08 17:09:14,351622,-3.2833405,-3.7148895,-9.158127
2019-04-08 17:09:14,351641,-2.1592712,-4.2631683,-10.023621
2019-04-08 17:09:14,351661,-0.7885895,-5.6158905,-10.778992
2019-04-08 17:09:14,351682,-1.0974426,-5.1849365,-10.196014
2019-04-08 17:09:14,351701,-2.0694885,-3.9746552,-9.580704
2019-04-08 17:09:14,351721,-1.980896,-3.2240753,-8.623016
2019-04-08 17:09:14,351742,-2.1820068,-3.3833008,-8.378815
2019-04-08 17:09:14,351761,-2.0982056,-3.289917,-8.226776
2019-04-08 17:09:14,351781,-1.6301422,-3.9794464,-8.59668
2019-04-08 17:09:14,351802,-1.5750732,-4.5684204,-9.478943
2019-04-08 17:09:14,351822,-1.5176239,-5.234009,-9.693222
2019-04-08 17:09:14,351841,-1.6481018,-4.9095917,-9.674072
2019-04-08 17:09:14,351862,-1.5116272,-4.5732117,-9.299377
2019-04-08 17:09:14,351882,-2.170044,-3.949524,-9.732727
2019-04-08 17:09:14,351901,-1.7546387,-3.6310883,-9.826111
2019-04-08 17:09:14,351922,-0.80892944,-4.9048157,-9.100662
2019-04-08 17:09:14,351941,-1.5379639,-6.0384674,-8.922287
2019-04-08 17:09:15,351962,-1.9485779,-5.9438934,-8.180084
2019-04-08 17:09:15,351982,-2.245453,-5.963043,-8.429092
2019-04-08 17:09:15,352001,-2.4405823,-5.025711,-8.230362
2019-04-08 17:09:15,352022,-1.9629364,-4.235626,-8.186081
2019-04-08 17:09:15,352041,-1.3991089,-5.0520477,-8.942642
2019-04-08 17:09:15,352062,-0.8244934,-5.858902,-9.164108
2019-04-08 17:09:15,352081,-1.6576843,-5.235214,-9.069534
2019-04-08 17:09:15,352102,-1.7809753,-4.90242,-9.043198
2019-04-08 17:09:15,352121,-2.3304443,-4.4032288,-9.440643
2019-04-08 17:09:15,352142,-1.6780243,-5.261551,-8.719986
2019-04-08 17:09:15,352161,-2.0227966,-5.676941,-8.922287
2019-04-08 17:09:15,352181,-1.9952545,-5.787079,-8.844482
2019-04-08 17:09:15,352201,-2.6141663,-5.9211426,-9.355637
2019-04-08 17:09:15,352222,-2.3711548,-5.5332947,-9.291
2019-04-08 17:09:15,352241,-2.2466583,-5.277115,-9.3233185
2019-04-08 17:09:15,352261,-1.9856873,-4.768341,-9.336487
2019-04-08 17:09:15,352281,-2.2131348,-4.5169525,-9.760269
2019-04-08 17:09:15,352302,-1.7223206,-4.40802,-9.510071
2019-04-08 17:09:15,352321,-1.7055664,-4.3744965,-9.198822
2019-04-08 17:09:15,352341,-2.229889,-3.582016,-9.4813385
2019-04-08 17:09:15,352361,-1.7905579,-3.6466522,-9.2634735
2019-04-08 17:09:15,352381,-1.9270325,-3.7711487,-9.614212
2019-04-08 17:09:15,352402,-1.6732483,-3.7065125,-9.417892
2019-04-08 17:09:15,352421,-2.0144196,-4.550461,-9.796173
2019-04-08 17:09:15,352441,-2.4681091,-4.50737,-9.760269
2019-04-08 17:09:15,352461,-2.308899,-3.8729095,-9.622604
2019-04-08 17:09:15,352481,-2.281372,-3.8657227,-9.075516
2019-04-08 17:09:15,352501,-2.0395508,-4.1135254,-9.859619
2019-04-08 17:09:15,352521,-1.9449768,-4.946701,-10.527603
2019-04-08 17:09:15,352541,-1.5391693,-4.550461,-9.666885
2019-04-08 17:09:15,352561,-1.8408356,-3.4922333,-7.9634094
2019-04-08 17:09:15,352581,-2.2873535,-3.2324524,-7.5611877
2019-04-08 17:09:15,352601,-2.4106598,-3.8130493,-10.173264
2019-04-08 17:09:15,352622,-2.4142456,-4.5121613,-11.804916
2019-04-08 17:09:15,352641,-2.162857,-4.9119873,-12.380722
2019-04-08 17:09:15,352661,-0.54078674,-4.546875,-11.163269
2019-04-08 17:09:15,352682,-1.1704559,-3.590393,-9.50528
2019-04-08 17:09:15,352701,-1.9234314,-2.6422882,-7.8018036
2019-04-08 17:09:15,352722,-2.052719,-2.190979,-6.230011
2019-04-08 17:09:15,352741,-2.7685852,-2.8852997,-6.7351837
2019-04-08 17:09:15,352762,-2.8392181,-2.3633575,-8.59668
2019-04-08 17:09:15,352782,-1.5379639,-2.1323242,-8.218399
2019-04-08 17:09:15,352802,-0.7119751,-3.0828247,-7.633011
2019-04-08 17:09:15,352821,-1.8887177,-4.1841583,-8.436264
2019-04-08 17:09:15,352842,-3.5048065,-3.0313416,-12.952927
2019-04-08 17:09:15,352861,-0.8807678,-4.1805573,-9.587875
2019-04-08 17:09:15,352882,-0.6652832,-7.7359467,-10.096649
2019-04-08 17:09:15,352901,-2.7661896,-7.9358673,-14.513947
2019-04-08 17:09:15,352922,-5.1520233,-4.8246,-14.991592
2019-04-08 17:09:15,352941,-2.98526,-1.4128723,-14.590561
2019-04-08 17:09:16,352961,-0.45698547,-3.9770508,-12.240662
2019-04-08 17:09:16,352982,0.04460144,-5.285492,-9.875183
2019-04-08 17:09:16,353001,-1.7103577,-4.075226,-8.205231
2019-04-08 17:09:16,353021,-3.1133575,-3.0062103,-6.288666
2019-04-08 17:09:16,353042,-4.2901,-1.0441589,-4.7097015
2019-04-08 17:09:16,353061,-3.936966,-0.6981964,-6.8573
2019-04-08 17:09:16,353082,-1.2925568,-2.3932953,-8.148972
2019-04-08 17:09:16,353101,-0.48213196,-4.083603,-8.22319
2019-04-08 17:09:16,353121,-1.3583984,-4.451111,-6.506546
2019-04-08 17:09:16,353142,-1.747467,-4.617508,-6.6980743
2019-04-08 17:09:16,353161,-5.2669373,-0.9483948,-11.763016
2019-04-08 17:09:16,353181,-3.1803894,-2.5800323,-9.380783
2019-04-08 17:09:16,353202,-5.5746,-4.578003,-12.415436
2019-04-08 17:09:16,353221,-6.763321,13.00502,-25.911545
2019-04-08 17:09:16,353241,5.008972,-4.27034,-12.128128
2019-04-08 17:09:16,353262,-1.0974426,-17.564148,-17.0961
2019-04-08 17:09:16,353281,-1.7306976,-6.6717377,-10.350433
2019-04-08 17:09:16,353301,-8.642761,1.9055023,-6.684906
2019-04-08 17:09:16,353322,-6.796829,1.5858765,-3.6143494
2019-04-08 17:09:16,353341,-3.004425,-0.21217346,-4.2512054
2019-04-08 17:09:16,353361,0.03981018,0.31933594,-6.7459717
2019-04-08 17:09:16,353382,-0.07511902,-0.06613159,-7.1529846
2019-04-08 17:09:16,353401,-2.72789,-1.5301819,-10.172073
2019-04-08 17:09:16,353421,-1.1429291,-4.421173,-10.778992
2019-04-08 17:09:16,353442,-3.7226715,-3.1007843,-11.806107
2019-04-08 17:09:16,353461,-3.1396942,-2.072464,-12.112564
2019-04-08 17:09:16,353481,-1.5666962,-5.1418304,-12.320862
2019-04-08 17:09:16,353502,-0.8831482,-3.1307068,-10.076294
2019-04-08 17:09:16,353522,-1.6528931,-0.11161804,-9.167694
2019-04-08 17:09:16,353542,-3.2318726,-2.1849976,-9.628586
2019-04-08 17:09:16,353561,-1.9102631,-1.9384003,-6.562805
2019-04-08 17:09:16,353581,-6.302429,4.778534,-15.570999
2019-04-08 17:09:16,353602,0.8801727,1.3296967,-7.25473
2019-04-08 17:09:16,353622,0.9208832,-7.356476,-9.738724
2019-04-08 17:09:16,353641,-1.6852112,-7.1817017,-9.579498
2019-04-08 17:09:16,353662,-6.024704,0.57551575,-8.493729
2019-04-08 17:09:16,353681,-4.455307,0.5120697,-9.711182
2019-04-08 17:09:16,353702,-1.7223206,-4.009384,-10.174454
2019-04-08 17:09:16,353721,-0.49409485,-3.456314,-10.784988
2019-04-08 17:09:16,353742,-2.8164673,-2.1059875,-10.899902
2019-04-08 17:09:16,353761,-3.5514984,-1.2644196,-11.130951
2019-04-08 17:09:16,353781,-2.3555908,-2.080841,-10.176849
2019-04-08 17:09:16,353802,-1.7378845,-3.6155243,-8.225586
2019-04-08 17:09:16,353821,-2.4884644,-3.277954,-8.488937
2019-04-08 17:09:16,353842,-2.6512756,-0.20021057,-8.221985
2019-04-08 17:09:16,353861,-1.58107,-2.158661,-7.9442596
2019-04-08 17:09:16,353881,-3.1420898,-0.74128723,-9.380783
2019-04-08 17:09:16,353902,-1.8144989,0.2259674,-11.050735
2019-04-08 17:09:16,353921,-0.50486755,-3.384491,-11.306915
2019-04-08 17:09:16,353941,-1.7702026,-5.822983,-11.093842
2019-04-08 17:09:17,353962,-3.6556396,-2.5716553,-9.669281
2019-04-08 17:09:17,353981,-3.1456757,-0.874176,-10.067917
2019-04-08 17:09:17,354002,-2.106598,-2.246048,-10.027222
2019-04-08 17:09:17,354021,-1.2099609,-1.0908508,-9.313751
2019-04-08 17:09:17,354041,-1.5607147,-0.21575928,-9.68605
2019-04-08 17:09:17,354062,-1.1321564,-2.5369415,-8.360855
2019-04-08 17:09:17,354081,-2.858368,-3.4108276,-9.5603485
2019-04-08 17:09:17,354101,-3.3419952,-2.826645,-9.721954
2019-04-08 17:09:17,354122,-3.2246857,-2.9283905,-10.05954
2019-04-08 17:09:17,354141,-1.9904785,-2.1323242,-9.325714
2019-04-08 17:09:17,354161,-1.9198456,-2.1658478,-8.320145
2019-04-08 17:09:17,354182,-2.3699493,-1.2704163,-7.7371674
2019-04-08 17:09:17,354201,-3.347992,-1.9108582,-10.1098175
2019-04-08 17:09:17,354221,-2.1293335,-3.0971832,-11.379944
2019-04-08 17:09:17,354242,-2.296936,-3.5460968,-12.0155945
2019-04-08 17:09:17,354261,-2.1556702,-2.677002,-9.264664
2019-04-08 17:09:17,354281,-2.7554169,-0.48510742,-10.084671
2019-04-08 17:09:17,354302,-2.530365,-0.9615631,-10.452194
2019-04-08 17:09:17,354321,-2.4681091,-3.641861,-10.582672
2019-04-08 17:09:17,354342,-2.1173706,-2.850586,-9.52803
2019-04-08 17:09:17,354361,-2.257431,-1.036972,-8.854065
2019-04-08 17:09:17,354382,-1.7654114,-2.340622,-8.107071
2019-04-08 17:09:17,354401,-2.293335,-3.250412,-8.729553
2019-04-08 17:09:17,354422,-2.2562256,-3.4048462,-9.045593
2019-04-08 17:09:17,354441,-2.3280487,-1.9635315,-9.437042
2019-04-08 17:09:17,354462,-2.7207031,-1.1375275,-10.899902
2019-04-08 17:09:17,354482,-0.97413635,-1.7073517,-9.636963
2019-04-08 17:09:17,354501,-1.2434845,-3.5137787,-9.549576
2019-04-08 17:09:17,354522,-2.185608,-3.5089874,-8.121429
2019-04-08 17:09:17,354541,-3.9273834,-3.4383545,-9.13298
2019-04-08 17:09:17,354562,-4.6827545,-1.5900421,-11.178833
2019-04-08 17:09:17,354581,-2.9505463,-0.8538208,-11.773788
2019-04-08 17:09:17,354602,1.9192657,-4.677353,-8.856445
2019-04-08 17:09:17,354621,-1.1860199,-5.795456,-9.171295
2019-04-08 17:09:17,354641,-4.1416626,-1.8761444,-9.986511
2019-04-08 17:09:17,354662,-4.727051,0.22836304,-10.423462
2019-04-08 17:09:17,354681,-1.1572876,-5.523712,-9.726746
2019-04-08 17:09:17,354702,-0.589859,-3.392868,-8.309372
2019-04-08 17:09:17,354721,-1.139328,-2.922409,-8.231567
2019-04-08 17:09:17,354742,-3.3024902,-2.5165863,-8.257904
2019-04-08 17:09:17,354761,-4.1727905,-1.2153473,-9.642944
2019-04-08 17:09:17,354781,-1.6852112,-2.024582,-10.741882
2019-04-08 17:09:17,354801,-1.1920013,-3.9411469,-12.887085
2019-04-08 17:09:17,354821,-0.6114197,-5.010147,-10.909485
2019-04-08 17:09:17,354841,-2.0790558,-4.657013,-9.986511
2019-04-08 17:09:17,354862,-3.622116,-3.4383545,-9.367615
2019-04-08 17:09:17,354881,-4.0458984,-2.2113342,-8.698441
2019-04-08 17:09:17,354901,-2.949356,-2.032959,-10.453384
2019-04-08 17:09:17,354921,-2.2502441,-2.072464,-13.043915
2019-04-08 17:09:17,354942,0.34268188,-3.1498566,-11.44339
2019-04-08 17:09:18,354961,-1.3069305,-5.328583,-8.358459
2019-04-08 17:09:18,354982,-3.0630798,-2.2029572,-6.771103
2019-04-08 17:09:18,355001,-5.3315887,-0.60601807,-7.613861
2019-04-08 17:09:18,355021,-3.8651276,-0.59524536,-8.0855255
2019-04-08 17:09:18,355042,-1.826477,-2.3286438,-9.243118
2019-04-08 17:09:18,355061,-0.10144043,-3.0121918,-8.782227
2019-04-08 17:09:18,355081,-2.301712,-2.7344666,-10.312134
2019-04-08 17:09:18,355102,-2.866745,-0.9364166,-10.87117
2019-04-08 17:09:18,355121,-3.0139923,-2.5213776,-10.734711
2019-04-08 17:09:18,355141,-1.4206543,-4.411606,-9.082703
2019-04-08 17:09:18,355162,-2.320877,-1.8091125,-10.905884
2019-04-08 17:09:18,355182,-2.1532745,-2.4818726,-10.47374
2019-04-08 17:09:18,355201,-1.9581451,-3.0277557,-11.144119
2019-04-08 17:09:18,355222,-2.0168152,-3.0660553,-9.506485
2019-04-08 17:09:18,355241,-2.6225433,-2.5489197,-9.314941
2019-04-08 17:09:18,355262,-2.7207031,-1.8198853,-9.417892
2019-04-08 17:09:18,355282,-1.9198456,-1.4655457,-9.687241
2019-04-08 17:09:18,355301,-3.1049805,-1.6594696,-11.719925
2019-04-08 17:09:18,355322,-0.81851196,-6.3114014,-9.200027
2019-04-08 17:09:18,355341,-2.3065033,-3.039734,-11.056717
2019-04-08 17:09:18,355362,-2.317276,-6.8680573,-7.811386
2019-04-08 17:09:18,355381,-4.0315247,-1.1327515,-8.38121
2019-04-08 17:09:18,355402,-3.3264313,-0.4527893,-8.26149
2019-04-08 17:09:18,355421,-2.6668396,-0.87776184,-9.499298
2019-04-08 17:09:18,355441,-1.6085968,-2.4962463,-9.159317
2019-04-08 17:09:18,355462,-2.2119293,-1.3170929,-9.458588
2019-04-08 17:09:18,355481,-3.4605103,-1.0417633,-8.899551
2019-04-08 17:09:18,355501,-2.4765015,-1.5194092,-8.24115
2019-04-08 17:09:18,355522,-2.930191,-2.8326263,-9.397537
2019-04-08 17:09:18,355541,-1.9593506,-1.9946594,-11.323685
2019-04-08 17:09:18,355561,-3.210312,-2.9283905,-13.245026
2019-04-08 17:09:18,355581,-2.9912567,-0.8442383,-11.333252
2019-04-08 17:09:18,355602,-1.2985535,-0.17266846,-9.104248
2019-04-08 17:09:18,355621,-3.1061707,-1.6642609,-9.292191
2019-04-08 17:09:18,355641,-3.1612396,-1.839035,-9.535202
2019-04-08 17:09:18,355662,-3.3611603,-1.2871704,-10.717941
2019-04-08 17:09:18,355681,-2.5112152,-2.3274536,-9.571121
2019-04-08 17:09:18,355701,-1.3272858,-2.3142853,-9.317337
2019-04-08 17:09:18,355722,-2.1808167,-3.8405914,-7.665344
2019-04-08 17:09:18,355741,-4.020752,-0.42645264,-8.206421
2019-04-08 17:09:18,355761,-3.4413605,0.84606934,-9.833282
2019-04-08 17:09:18,355782,-2.5411377,0.7155762,-10.8173065
2019-04-08 17:09:18,355801,-2.4369965,-0.3330841,-11.190796
2019-04-08 17:09:18,355821,-0.59106445,-1.3721619,-9.38797
2019-04-08 17:09:18,355842,-3.522766,-1.751648,-10.733505
2019-04-08 17:09:18,355861,-4.5869904,-1.1758423,-10.084671
2019-04-08 17:09:18,355881,-3.8567505,-1.3326569,-9.537598
2019-04-08 17:09:18,355902,-3.3791046,0.41989136,-8.700836
2019-04-08 17:09:18,355921,-1.7330933,1.2662506,-6.99736
2019-04-08 17:09:18,355941,-2.6596527,-0.9878998,-7.072769
2019-04-08 17:09:19,355962,-2.7769623,-0.75086975,-8.704422
2019-04-08 17:09:19,355981,-4.0135803,-0.89212036,-9.167694
2019-04-08 17:09:19,356002,-4.687546,2.4394073,-12.586624
2019-04-08 17:09:19,356022,-0.3289032,-0.07929993,-9.930252
2019-04-08 17:09:19,356041,-0.4593811,-2.8158722,-11.582245
2019-04-08 17:09:19,356062,-2.7817535,-1.9527588,-11.041168
2019-04-08 17:09:19,356081,-3.3731232,-0.2935791,-9.707596
2019-04-08 17:09:19,356102,-3.1708221,-0.08169556,-9.032425
2019-04-08 17:09:19,356122,-2.5160065,-0.44082642,-9.955399
2019-04-08 17:09:19,356141,-0.8687897,-1.3470306,-7.582733
2019-04-08 17:09:19,356162,-2.2011566,-3.4778595,-8.776245
2019-04-08 17:09:19,356181,-2.521988,-1.5062408,-8.093903
2019-04-08 17:09:19,356202,-4.03273,-0.65390015,-9.741104
2019-04-08 17:09:19,356221,-2.5291748,-0.4312439,-10.318115
2019-04-08 17:09:19,356241,-1.3452301,-1.0537415,-11.648087
2019-04-08 17:09:19,356262,-1.2614441,-3.6634216,-10.603027
2019-04-08 17:09:19,356281,-2.4477692,-3.5604706,-10.380356
2019-04-08 17:09:19,356301,-4.005188,-2.032959,-10.643723
2019-04-08 17:09:19,356322,-3.7358398,1.442215,-12.006027
2019-04-08 17:09:19,356341,-1.2722168,-1.5409546,-10.462967
2019-04-08 17:09:19,356362,-1.0052643,-5.198105,-10.617386
2019-04-08 17:09:19,356381,-2.5674744,-4.2404175,-9.652527
2019-04-08 17:09:19,356401,-4.257782,-1.38414,-8.721176
2019-04-08 17:09:19,356422,-3.9920197,2.6656494,-8.569153
2019-04-08 17:09:19,356441,-1.0387726,0.65452576,-7.039261
2019-04-08 17:09:19,356462,-1.3883362,-1.8067169,-10.186432
2019-04-08 17:09:19,356481,-0.8628082,-3.12352,-9.964966
2019-04-08 17:09:19,356501,-4.044693,-3.5401154,-11.560699
2019-04-08 17:09:19,356522,-3.3731232,-3.9866333,-9.976944
2019-04-08 17:09:19,356541,-3.6867676,-2.6949615,-10.867584
2019-04-08 17:09:19,356561,-3.3455963,-1.3063202,-11.438599
2019-04-08 17:09:19,356582,-1.3871307,-2.436386,-9.058762
2019-04-08 17:09:19,356601,-2.475296,-1.7396698,-9.416702
2019-04-08 17:09:19,356621,-1.956955,-2.0497284,-7.7287903
2019-04-08 17:09:19,356642,-3.661621,-1.0884552,-8.608658
2019-04-08 17:09:19,356661,-3.0511017,-0.28399658,-8.708008
2019-04-08 17:09:19,356681,-2.4920654,-0.17027283,-9.117416
2019-04-08 17:09:19,356702,-1.0962372,-1.5038452,-10.479721
2019-04-08 17:09:19,356721,-1.3572083,-2.8972778,-11.320084
2019-04-08 17:09:19,356741,-2.4932556,-3.5101929,-10.67485
2019-04-08 17:09:19,356762,-2.9445648,-2.5177917,-10.840042
2019-04-08 17:09:19,356782,-2.3867188,-2.4734955,-9.233536
2019-04-08 17:09:19,356801,-2.317276,-1.1423187,-8.609848
2019-04-08 17:09:19,356821,-2.8344269,0.16252136,-8.911514
2019-04-08 17:09:19,356841,-2.7602081,0.3420868,-10.417465
2019-04-08 17:09:19,356862,-0.0942688,-2.9631042,-10.879547
2019-04-08 17:09:19,356882,-1.0112457,-5.9427032,-10.703583
2019-04-08 17:09:19,356901,-2.8930817,-4.0967712,-9.614212
2019-04-08 17:09:19,356922,-3.1612396,-2.8757172,-9.217972
2019-04-08 17:09:19,356941,-3.9225922,1.1836395,-11.081863
2019-04-08 17:09:20,356962,-2.7386627,-0.56411743,-10.403107
2019-04-08 17:09:20,356981,-0.3983307,-3.368927,-9.404724
2019-04-08 17:09:20,357002,-2.459732,-3.3090668,-13.79808
2019-04-08 17:09:20,357021,-1.8671722,-3.344986,-9.833282
2019-04-08 17:09:20,357042,-4.2278595,-3.1797943,-13.112152
2019-04-08 17:09:20,357061,-1.2518616,-2.2915344,-10.607819
2019-04-08 17:09:20,357081,-2.952942,-1.993454,-13.666397
2019-04-08 17:09:20,357102,-1.5008545,-4.9646606,-8.921097
2019-04-08 17:09:20,357121,-3.5491028,-2.8996582,-9.8524475
2019-04-08 17:09:20,357141,-4.0746307,-2.7296753,-9.217972
2019-04-08 17:09:20,357162,-3.486847,-0.300766,-6.9722137
2019-04-08 17:09:20,357181,-2.894287,-2.060501,-9.963776
2019-04-08 17:09:20,357202,-2.633316,-1.6977692,-8.154953
2019-04-08 17:09:20,357221,-3.443756,-1.6139832,-10.231918
2019-04-08 17:09:20,357241,-1.8109131,0.18048096,-7.565979
2019-04-08 17:09:20,357262,-1.9150543,-0.20619202,-8.097488
2019-04-08 17:09:20,357281,-3.4246063,0.33969116,-10.569504
2019-04-08 17:09:20,357301,-2.3531952,-2.2520294,-10.5802765
2019-04-08 17:09:20,357322,-0.38516235,-2.5525055,-10.150513
2019-04-08 17:09:20,357341,-0.41389465,-3.6358795,-6.400009
2019-04-08 17:09:20,357361,-4.146454,1.5104523,-6.8608856
2019-04-08 17:09:20,357382,-5.894226,4.639679,-11.049545
2019-04-08 17:09:20,357401,0.4947052,2.4824982,-12.538742
2019-04-08 17:09:20,357421,1.7744141,-4.7779236,-10.146927
2019-04-08 17:09:20,357442,-6.8399353,-3.317459,-11.171646
2019-04-08 17:09:20,357461,-0.8675995,-2.9810638,-7.9837646
2019-04-08 17:09:20,357481,-4.553467,0.2989807,-8.625412
2019-04-08 17:09:20,357502,-0.5683136,-1.3015289,-8.087921
2019-04-08 17:09:20,357521,0.23852539,-3.02536,-8.425491
2019-04-08 17:09:20,357542,-0.45339966,-2.78833,-9.034821
2019-04-08 17:09:20,357561,-1.7785797,-1.5720825,-10.442612
2019-04-08 17:09:20,357581,-1.8563995,-2.5501099,-8.804977
2019-04-08 17:09:20,357602,-3.2127075,-2.3274536,-9.024048
2019-04-08 17:09:20,357621,-2.2981262,-2.7224884,-8.935455
2019-04-08 17:09:20,357642,-1.0926514,-3.8286133,-11.049545
2019-04-08 17:09:20,357661,0.28042603,-5.9163666,-10.127777
2019-04-08 17:09:20,357682,-1.0064545,-5.2639465,-9.656113
2019-04-08 17:09:20,357702,-0.9118805,-4.8688965,-8.740341
2019-04-08 17:09:20,357722,-1.2327118,-5.1968994,-9.196426
2019-04-08 17:09:20,357741,-0.7945709,-6.4766083,-11.388321
2019-04-08 17:09:20,357762,0.3570404,-7.704834,-8.38121
2019-04-08 17:09:20,357781,-1.9150543,-5.174164,-8.5164795
2019-04-08 17:09:20,357802,-1.4230499,-4.3206177,-6.9518585
2019-04-08 17:09:20,357821,-0.75746155,-4.44751,-7.4821777
2019-04-08 17:09:20,357842,-0.41149902,-6.198868,-7.9047546
2019-04-08 17:09:20,357861,-0.9729309,-6.9554443,-7.969406
2019-04-08 17:09:20,357881,-1.649292,-6.310211,-8.171707
2019-04-08 17:09:20,357902,-1.2410889,-6.2994385,-8.541611
2019-04-08 17:09:20,357921,-0.6437378,-6.717224,-8.205231
2019-04-08 17:09:20,357942,-0.9789276,-7.326538,-9.07074
2019-04-08 17:09:21,357961,-1.1560974,-8.034027,-9.018066
2019-04-08 17:09:21,357981,-0.078704834,-10.606598,-8.298599
2019-04-08 17:09:21,358002,-1.0303955,-17.428879,-14.875473
2019-04-08 17:09:21,358021,-1.1812286,-17.535416,-11.22551
2019-04-08 17:09:21,358042,-3.6544495,-6.7399597,-4.798279
2019-04-08 17:09:21,358061,-3.0307465,-5.9008026,-5.514145
2019-04-08 17:09:21,358081,0.1978302,-7.21521,-6.822586
2019-04-08 17:09:21,358102,1.2967682,-7.3121796,-6.2982483
2019-04-08 17:09:21,358121,-0.63056946,-5.879242,-5.63385
2019-04-08 17:09:21,358141,-1.3607941,-4.637863,-6.3186035
2019-04-08 17:09:21,358163,-1.1453247,-4.800659,-8.576324
2019-04-08 17:09:21,358181,-0.27622986,-7.1936646,-10.173264
2019-04-08 17:09:21,358201,-1.1058197,-8.8181305,-10.057144
2019-04-08 17:09:21,358222,-1.9904785,-7.4175262,-7.427109
2019-04-08 17:09:21,358241,-0.0368042,-8.139374,-6.6789246
2019-04-08 17:09:21,358261,-0.40431213,-10.236694,-8.089111
2019-04-08 17:09:21,358282,-2.071869,-9.607025,-8.320145
2019-04-08 17:09:21,358301,-0.9190674,-7.5683594,-7.74794
2019-04-08 17:09:21,358321,-0.39952087,-6.8919983,-8.710403
2019-04-08 17:09:21,358342,-0.65930176,-5.487793,-8.591888
2019-04-08 17:09:21,358361,-0.008071899,-6.176132,-8.903137
2019-04-08 17:09:21,358381,-2.1616516,-4.452301,-11.171646
2019-04-08 17:09:21,358402,1.102829,-9.404709,-10.670059
2019-04-08 17:09:21,358421,-0.34924316,-8.982132,-9.013275
2019-04-08 17:09:21,358442,-2.7949219,-8.120224,-5.4447174
2019-04-08 17:09:21,358462,-1.5619049,-5.9845886,0.5072632
2019-04-08 17:09:21,358481,-0.54797363,-7.191269,-0.69581604
2019-04-08 17:09:21,358502,-2.2909393,-6.2204285,-7.2523346
2019-04-08 17:09:21,358521,-2.3591766,-6.0384674,-11.484085
2019-04-08 17:09:21,358542,0.66230774,-7.3624573,-12.496841
2019-04-08 17:09:21,358561,0.072128296,-5.697296,-10.558731
2019-04-08 17:09:21,358582,-0.3001709,-4.9167786,-8.509293
2019-04-08 17:09:21,358601,-1.6098022,-5.119095,-7.0895386
2019-04-08 17:09:21,358622,-2.2945404,-4.4259644,-6.6346283
2019-04-08 17:09:21,358641,-1.0531464,-4.9550934,-6.170166
2019-04-08 17:09:21,358662,-1.0854645,-5.8816376,-7.6629486
2019-04-08 17:09:21,358681,-1.1213837,-7.151764,-9.440643
2019-04-08 17:09:21,358701,-0.7143707,-8.578705,-9.790192
2019-04-08 17:09:21,358722,-1.7654114,-7.3241577,-8.916306
2019-04-08 17:09:21,358741,-2.0371552,-6.7543335,-8.443451
2019-04-08 17:09:21,358762,-2.3555908,-7.1469727,-9.129395
2019-04-08 17:09:21,358781,-2.114975,-6.46344,-9.024048
2019-04-08 17:09:21,358801,-1.6540833,-5.123886,-8.268677
2019-04-08 17:09:21,358822,-1.494873,-4.974243,-8.1848755
2019-04-08 17:09:21,358841,-1.0040588,-5.281891,-7.269104
2019-04-08 17:09:21,358861,-1.1285553,-4.739609,-6.882431
2019-04-08 17:09:21,358882,-0.81492615,-4.2392273,-7.0608063
2019-04-08 17:09:21,358901,-0.92025757,-5.1933136,-7.842514
2019-04-08 17:09:21,358921,-1.367981,-5.4782257,-8.706818
2019-04-08 17:09:21,358942,-1.3583984,-6.0707855,-9.117416
2019-04-08 17:09:22,358961,-2.114975,-6.6848907,-9.38797
2019-04-08 17:09:22,358981,-2.5722656,-5.8098145,-8.429092
2019-04-08 17:09:22,359002,-2.5255737,-5.183731,-7.756317
2019-04-08 17:09:22,359021,-3.1468658,-3.863327,-8.608658
2019-04-08 17:09:22,359041,-2.2885437,-4.005783,-8.49971
2019-04-08 17:09:22,359062,-2.499237,-4.7695312,-8.49852
2019-04-08 17:09:22,359081,-2.514801,-2.9427643,-8.147766
2019-04-08 17:09:22,359101,-2.2921448,-2.495041,-7.9526367
2019-04-08 17:09:22,359121,-2.1221619,-2.6817932,-8.128616
2019-04-08 17:09:22,359141,-2.0215912,-2.6183472,-8.095093
2019-04-08 17:09:22,359162,-1.4852905,-3.0971832,-9.280228
2019-04-08 17:09:22,359181,-1.3344574,-3.1522522,-9.791382
2019-04-08 17:09:22,359201,-1.7642212,-3.7029266,-9.437042
2019-04-08 17:09:22,359222,-3.364746,-2.9978333,-10.611404
2019-04-08 17:09:22,359241,-3.7861176,-2.4315948,-11.157288
2019-04-08 17:09:22,359261,-2.9900513,-3.4515228,-9.474152
2019-04-08 17:09:22,359282,-2.5279694,-2.6207428,-10.085876
2019-04-08 17:09:22,359302,-2.4142456,-2.1861877,-9.047989
2019-04-08 17:09:22,359321,-2.8344269,-2.9164276,-8.266281
2019-04-08 17:09:22,359341,-3.6747894,-1.3350525,-8.826523
2019-04-08 17:09:22,359361,-3.0547028,-0.22892761,-9.206009
2019-04-08 17:09:22,359382,-3.960907,-1.3194885,-9.8572235
2019-04-08 17:09:22,359401,-1.9773102,-1.2560425,-9.838074
2019-04-08 17:09:22,359422,-1.668457,-1.7324982,-10.589859
2019-04-08 17:09:22,359441,-3.0080109,-1.6534882,-10.045181
2019-04-08 17:09:22,359462,-3.503601,-1.2991486,-9.48732
2019-04-08 17:09:22,359481,-3.4186096,-1.7037659,-9.340088
2019-04-08 17:09:22,359502,-3.1169434,-1.0321808,-9.553162
2019-04-08 17:09:22,359521,-2.9673004,-0.31871033,-9.549576
2019-04-08 17:09:22,359541,-2.459732,-0.087677,-8.957016
2019-04-08 17:09:22,359562,-2.5578918,0.59706116,-8.952225
2019-04-08 17:09:22,359581,-2.9182281,0.33370972,-8.770264
2019-04-08 17:09:22,359601,-3.4186096,0.18167114,-8.414719
2019-04-08 17:09:22,359622,-2.933792,0.4390564,-8.551193
2019-04-08 17:09:22,359641,-4.5175476,0.7826233,-10.051163
2019-04-08 17:09:22,359662,-3.660431,0.63656616,-10.300156
2019-04-08 17:09:22,359681,-2.5555115,-0.27442932,-9.554367
2019-04-08 17:09:22,359701,-2.8930817,-0.36540222,-9.680054
2019-04-08 17:09:22,359721,-3.3443909,0.5001068,-9.668091
2019-04-08 17:09:22,359742,-3.1935577,0.6808624,-9.549576
2019-04-08 17:09:22,359761,-2.9182281,0.10147095,-9.186859
2019-04-08 17:09:22,359782,-3.1217346,0.19125366,-9.342468
2019-04-08 17:09:22,359801,-2.523178,0.13858032,-8.820541
2019-04-08 17:09:22,359821,-3.1875763,0.20800781,-9.291
2019-04-08 17:09:22,359842,-2.5602875,1.1177979,-8.467392
2019-04-08 17:09:22,359861,-1.9713135,0.8017731,-8.632599
2019-04-08 17:09:22,359881,-2.5722656,0.79219055,-10.166077
2019-04-08 17:09:22,359902,-2.0958252,-0.20619202,-9.502884
2019-04-08 17:09:22,359921,-2.4920654,-0.43603516,-10.132568
2019-04-08 17:09:22,359941,-2.2957306,-0.33787537,-9.668091
2019-04-08 17:09:23,359962,-3.0918121,0.21040344,-10.508453
2019-04-08 17:09:23,359981,-2.1484833,-0.6191864,-9.043198
2019-04-08 17:09:23,360002,-2.3555908,-1.0669098,-9.749496
2019-04-08 17:09:23,360021,-2.4298096,-0.5222168,-9.597458
2019-04-08 17:09:23,360041,-2.0862427,-1.7396698,-9.167694
2019-04-08 17:09:23,360062,-2.949356,-1.1770325,-10.026016
2019-04-08 17:09:23,360081,-2.0802612,-0.94958496,-8.306976
2019-04-08 17:09:23,360101,-3.009201,-0.6694641,-9.872787
2019-04-08 17:09:23,360122,-2.5004425,-0.64312744,-9.421478
2019-04-08 17:09:23,360141,-1.9234314,-2.333435,-8.060379
2019-04-08 17:09:23,360162,-3.778946,-1.3075256,-10.575485
2019-04-08 17:09:23,360182,-2.1317291,-0.37498474,-9.082703
2019-04-08 17:09:23,360202,-3.3348236,-2.158661,-10.182846
2019-04-08 17:09:23,360221,-2.4309998,-2.1083832,-10.528809
2019-04-08 17:09:23,360242,-3.0128021,-2.8852997,-9.889557
2019-04-08 17:09:23,360261,-3.4425507,-3.6598206,-9.771042
2019-04-08 17:09:23,360282,-3.526352,-2.989441,-10.23671
2019-04-08 17:09:23,360301,-3.2414398,-3.289917,-8.739136
2019-04-08 17:09:23,360322,-2.969696,-3.039734,-8.6397705
2019-04-08 17:09:23,360341,-2.7183075,-1.8162842,-8.915115
2019-04-08 17:09:23,360361,-2.2310944,-2.3681488,-8.291428
2019-04-08 17:09:23,360382,-2.7111206,-2.8302307,-9.147354
2019-04-08 17:09:23,360401,-2.7578125,-3.2456207,-9.800964
2019-04-08 17:09:23,360421,-3.4928284,-4.7420044,-9.88356
2019-04-08 17:09:23,360442,-3.656845,-5.0077667,-9.976944
2019-04-08 17:09:23,360461,-3.313263,-4.5444794,-9.577103
2019-04-08 17:09:23,360481,-2.9290009,-4.498993,-8.955811
2019-04-08 17:09:23,360502,-2.6512756,-4.440338,-8.49852
2019-04-08 17:09:23,360521,-2.2801666,-5.1382446,-8.304596
2019-04-08 17:09:23,360542,-2.5890198,-5.4423065,-8.777451
2019-04-08 17:09:23,360561,-2.8847046,-5.487793,-9.22995
2019-04-08 17:09:23,360581,-3.1384888,-5.630249,-8.984543
2019-04-08 17:09:23,360602,-2.8320312,-5.668564,-8.803787
2019-04-08 17:09:23,360621,-2.6428986,-5.431534,-8.809769
2019-04-08 17:09:23,360641,-2.6153564,-5.381256,-8.487747
2019-04-08 17:09:23,360662,-2.451355,-5.930725,-8.043625
2019-04-08 17:09:23,360681,-2.3699493,-5.8170013,-8.183685
2019-04-08 17:09:23,360701,-2.380722,-5.8385468,-8.378815
2019-04-08 17:09:23,360722,-2.7063446,-5.9319153,-8.176498
2019-04-08 17:09:23,360741,-2.8069,-5.9331207,-7.962219
2019-04-08 17:09:23,360761,-2.5734558,-6.270706,-7.3864136
2019-04-08 17:09:23,360782,-2.8284454,-6.2958374,-7.3397217
2019-04-08 17:09:23,360801,-2.6716309,-6.5256805,-6.842926
2019-04-08 17:09:23,360821,-2.4848785,-6.835739,-7.138611
2019-04-08 17:09:23,360842,-2.6117706,-6.2407684,-7.3109894
2019-04-08 17:09:23,360861,-2.2526398,-6.5951233,-7.039261
2019-04-08 17:09:23,360881,-2.4070587,-6.973404,-7.8173676
2019-04-08 17:09:23,360902,-1.7809753,-7.571945,-7.9155273
2019-04-08 17:09:23,360922,-1.9246368,-8.236343,-8.216003
2019-04-08 17:09:23,360942,-2.4250183,-7.934677,-8.415924
2019-04-08 17:09:24,360961,-2.170044,-8.000519,-8.025665
2019-04-08 17:09:24,360982,-2.5040283,-7.555191,-7.8173676
2019-04-08 17:09:24,361001,-2.7949219,-7.6844788,-7.4773865
2019-04-08 17:09:24,361022,-2.736267,-7.886795,-6.8094177
2019-04-08 17:09:24,361041,-2.9026642,-7.5767365,-6.669342
2019-04-08 17:09:24,361062,-2.9409637,-7.234375,-6.2479706
2019-04-08 17:09:24,361081,-2.7697906,-7.318161,-5.720047
2019-04-08 17:09:24,361102,-3.0355377,-7.4306946,-5.945099
2019-04-08 17:09:24,361121,-3.7059174,-7.440262,-6.811798
2019-04-08 17:09:24,361142,-3.2151031,-7.891571,-7.2212067
2019-04-08 17:09:24,361161,-2.759018,-7.76947,-7.6078796
2019-04-08 17:09:24,361181,-2.5507202,-7.5300446,-7.483383
2019-04-08 17:09:24,361202,-2.475296,-6.7423553,-7.4055634
2019-04-08 17:09:24,361221,-2.554306,-6.7196198,-6.9482727
2019-04-08 17:09:24,361242,-2.1808167,-7.2834473,-7.0296783
2019-04-08 17:09:24,361261,-2.9038544,-7.251129,-7.5635834
2019-04-08 17:09:24,361281,-2.1927795,-7.172119,-6.6909027
2019-04-08 17:09:24,361302,-2.2705994,-7.5851135,-6.2982483
2019-04-08 17:09:24,361321,-3.205536,-7.582718,-6.7220154
2019-04-08 17:09:24,361341,-2.6045837,-7.9119263,-6.644211
2019-04-08 17:09:24,361362,-2.803299,-7.8137665,-6.665756
2019-04-08 17:09:24,361381,-2.6141663,-7.5097046,-6.969818
2019-04-08 17:09:24,361402,-2.8356323,-6.6597595,-7.2128296
2019-04-08 17:09:24,361421,-2.0335693,-7.1302185,-6.6944885
2019-04-08 17:09:24,361441,-2.25383,-7.1134644,-6.7112427
2019-04-08 17:09:24,361462,-2.186798,-7.1817017,-6.1677704
2019-04-08 17:09:24,361481,-1.8563995,-7.1362,-5.9702454
2019-04-08 17:09:24,361501,-2.4322052,-7.1625366,-6.2982483
2019-04-08 17:09:24,361522,-2.3615723,-7.551605,-6.537674
2019-04-08 17:09:24,361541,-2.3783264,-7.6713104,-6.954254
2019-04-08 17:09:24,361561,-2.954132,-7.6365967,-7.3708496
2019-04-08 17:09:24,361582,-2.4573364,-7.864044,-7.27269
2019-04-08 17:09:24,361601,-2.8404083,-6.965027,-7.400772
2019-04-08 17:09:24,361621,-2.4872742,-6.883621,-6.9865875
2019-04-08 17:09:24,361642,-2.4848785,-6.6825104,-6.434723
2019-04-08 17:09:24,361661,-2.7578125,-5.8217926,-6.7591248
2019-04-08 17:09:24,361682,-2.2155304,-6.4849854,-6.3509216
2019-04-08 17:09:24,361701,-2.320877,-6.7890472,-6.6789246
2019-04-08 17:09:24,361721,-2.6285248,-6.854889,-7.2439575
2019-04-08 17:09:24,361742,-2.5746613,-7.8736267,-7.2954407
2019-04-08 17:09:24,361761,-2.660843,-8.251907,-7.3540955
2019-04-08 17:09:24,361781,-2.114975,-8.160919,-7.321762
2019-04-08 17:09:24,361801,-2.7099304,-7.385208,-7.2678986
2019-04-08 17:09:24,361822,-2.293335,-7.835312,-6.452667
2019-04-08 17:09:24,361842,-2.7901306,-7.43309,-6.728012
2019-04-08 17:09:24,361861,-2.882309,-6.7950287,-6.7699127
2019-04-08 17:09:24,361882,-2.7111206,-6.495758,-6.5723877
2019-04-08 17:09:24,361901,-2.660843,-6.768692,-6.6585693
2019-04-08 17:09:24,361922,-2.7661896,-7.498932,-6.9398956
2019-04-08 17:09:24,361941,-2.633316,-7.400772,-6.969818
2019-04-08 17:09:25,361962,-2.5351562,-7.472595,-6.7220154
2019-04-08 17:09:25,361981,-2.4501648,-7.340912,-6.3976135
2019-04-08 17:09:25,362001,-2.6752167,-7.282257,-6.3197937
2019-04-08 17:09:25,362022,-2.8475952,-7.4414673,-6.5400696
2019-04-08 17:09:25,362041,-2.6680298,-7.7000427,-6.604706
2019-04-08 17:09:25,362061,-2.578247,-7.350479,-6.5436554
2019-04-08 17:09:25,362082,-2.64888,-7.96579,-6.6477966
2019-04-08 17:09:25,362101,-2.8715363,-8.041214,-6.9279175
2019-04-08 17:09:25,362122,-2.6788025,-7.6521606,-6.6513977
2019-04-08 17:09:25,362141,-2.5602875,-7.6198273,-6.6777344
2019-04-08 17:09:25,362161,-2.818863,-7.3863983,-6.684906
2019-04-08 17:09:25,362182,-2.523178,-7.2523193,-6.244385
2019-04-08 17:09:25,362201,-2.2586212,-7.5683594,-6.281494
2019-04-08 17:09:25,362222,-2.5638885,-7.7910156,-6.640625
2019-04-08 17:09:25,362241,-2.3232727,-8.26387,-6.0432587
2019-04-08 17:09:25,362261,-2.7254944,-8.047195,-6.174942
2019-04-08 17:09:25,362282,-3.2474365,-8.172897,-6.5723877
2019-04-08 17:09:25,362301,-3.1241302,-8.436264,-5.723633
2019-04-08 17:09:25,362321,-3.2258759,-8.284225,-5.3309937
2019-04-08 17:09:25,362342,-3.4066467,-7.9119263,-5.617096
2019-04-08 17:09:25,362361,-3.4724884,-8.368027,-5.3980255
2019-04-08 17:09:25,362381,-3.2019348,-8.290207,-5.4854126
2019-04-08 17:09:25,362402,-3.2713776,-8.176483,-5.7248383
2019-04-08 17:09:25,362421,-3.1600342,-8.224365,-5.71286
2019-04-08 17:09:25,362441,-3.5048065,-7.9179077,-6.0588226
2019-04-08 17:09:25,362462,-3.419815,-8.061569,-5.821808
2019-04-08 17:09:25,362481,-4.096176,-8.211197,-6.031296
2019-04-08 17:09:25,362501,-4.359543,-8.490128,-5.8098297
2019-04-08 17:09:25,362522,-4.6623993,-8.609833,-6.094742
2019-04-08 17:09:25,362542,-4.60614,-8.34288,-5.7846985
2019-04-08 17:09:25,362562,-4.297287,-7.795807,-5.6817474
2019-04-08 17:09:25,362581,-3.9860382,-7.253525,-5.8648987
2019-04-08 17:09:25,362601,-4.26976,-7.1469727,-5.879257
2019-04-08 17:09:25,362622,-4.5678253,-7.2439423,-5.866089
2019-04-08 17:09:25,362642,-4.803665,-7.7431335,-5.842148
2019-04-08 17:09:25,362661,-5.092163,-8.217194,-5.7104645
2019-04-08 17:09:25,362682,-5.219055,-8.353653,-5.210083
2019-04-08 17:09:25,362701,-5.7338104,-7.9873505,-5.3309937
2019-04-08 17:09:25,362722,-6.234192,-7.3672485,-4.977844
2019-04-08 17:09:25,362741,-6.464035,-6.073181,-4.035721
2019-04-08 17:09:25,362762,-6.4412994,-5.614685,-3.2719727
2019-04-08 17:09:25,362781,-7.31279,-6.593918,-3.529358
2019-04-08 17:09:25,362802,-7.950836,-7.0895233,-3.7184906
2019-04-08 17:09:25,362821,-8.405731,-6.099518,-3.5496979
2019-04-08 17:09:25,362841,-8.193848,-5.4028015,-3.4754791
2019-04-08 17:09:25,362862,-8.22258,-5.274719,-2.7584229
2019-04-08 17:09:25,362881,-8.696625,-5.334564,-1.7983398
2019-04-08 17:09:25,362901,-8.714584,-5.678131,-2.2304993
2019-04-08 17:09:25,362922,-8.421295,-6.188095,-2.526184
2019-04-08 17:09:25,362941,-8.428482,-6.4766083,-2.304718
2019-04-08 17:09:26,362962,-8.993515,-6.768692,-1.5014648
2019-04-08 17:09:26,362981,-9.507065,-6.8967896,-1.2632446
2019-04-08 17:09:26,363001,-9.514252,-6.7471466,-1.1207886
2019-04-08 17:09:26,363022,-8.93486,-7.1625366,-1.6008301
2019-04-08 17:09:26,363041,-7.4779816,-7.1290283,-1.2620392
2019-04-08 17:09:26,363061,-10.661072,-4.187744,-3.1570587
2019-04-08 17:09:26,363082,-10.713745,-6.075577,-2.5441437
2019-04-08 17:09:26,363101,-8.187866,-7.4773865,-1.1315613
2019-04-08 17:09:26,363121,-2.921814,-8.721161,12.4782715
2019-04-08 17:09:26,363142,-13.625092,-4.8808746,-8.523666
2019-04-08 17:09:26,363161,-9.714172,-6.1893005,-2.0569153
2019-04-08 17:09:26,363181,-7.6683197,-7.1026917,-1.5325928
2019-04-08 17:09:26,363202,-8.785217,-5.3226013,-0.42167664
2019-04-08 17:09:26,363221,-9.005478,-4.9119873,0.40431213
2019-04-08 17:09:26,363241,-7.7509155,-4.799469,0.57670593
2019-04-08 17:09:26,363262,-7.1655426,-5.0233154,-2.059311
2019-04-08 17:09:26,363281,-5.8164062,-5.1406403,-3.3138733
2019-04-08 17:09:26,363302,-6.498749,-3.8130493,-6.3533173
2019-04-08 17:09:26,363321,-4.458893,-4.0105743,0.22714233
2019-04-08 17:09:26,363341,-2.0802612,-4.737213,-2.6614532
2019-04-08 17:09:26,363362,-3.8172455,-3.621521,-6.6621704
2019-04-08 17:09:26,363381,-3.9788513,-2.2328796,-3.060089
2019-04-08 17:09:26,363402,-3.755005,-2.2520294,-6.973419
2019-04-08 17:09:26,363421,-3.2354584,-1.9360046,-1.0621338
2019-04-08 17:09:26,363442,-3.2007446,-3.3401947,-1.44281
2019-04-08 17:09:26,363462,-4.9149933,-3.0756378,-4.501404
2019-04-08 17:09:26,363482,-6.207855,-2.637497,-5.4375305
2019-04-08 17:09:26,363501,-7.511505,-3.8597412,-5.031723
2019-04-08 17:09:26,363522,-6.7549286,-9.002487,-9.605835
2019-04-08 17:09:26,363541,-11.309906,-6.949463,-4.8162384
2019-04-08 17:09:26,363562,-6.8818207,-2.9236145,-1.7660217
2019-04-08 17:09:26,363581,-5.25856,-3.708908,-6.851303
2019-04-08 17:09:26,363601,-8.22258,-8.151352,-3.5868225
2019-04-08 17:09:26,363622,-6.610092,-14.979614,-2.514206
2019-04-08 17:09:26,363641,-1.2327118,-16.216217,-3.458725
2019-04-08 17:09:26,363662,-0.51205444,-14.4086,-2.7656097
2019-04-08 17:09:26,363681,-3.3372192,-14.104523,-7.6270294
2019-04-08 17:09:26,363701,-6.656769,-11.108185,-6.5951233
2019-04-08 17:09:26,363722,-9.254486,-11.9808655,-3.4252014
2019-04-08 17:09:26,363741,-7.4863586,-11.48288,-4.9874268
2019-04-08 17:09:26,363762,-4.577408,-8.942627,-6.7591248
2019-04-08 17:09:26,363781,-4.320038,-9.225143,-1.6941986
2019-04-08 17:09:26,363801,-1.8348541,-10.735886,-2.189804
2019-04-08 17:09:26,363822,3.1822052,-10.363586,-3.2815552
2019-04-08 17:09:26,363841,0.829895,-6.6585693,-0.66589355
2019-04-08 17:09:26,363861,-6.3359528,-6.0743713,1.5403748
2019-04-08 17:09:26,363882,-9.098862,-17.64795,-1.0214233
2019-04-08 17:09:26,363901,-3.9321747,-19.728516,-6.6705475
2019-04-08 17:09:26,363921,-1.3081207,-7.3361206,-0.6407471
2019-04-08 17:09:26,363942,-0.25827026,-6.925522,0.4761505
2019-04-08 17:09:27,363961,8.352478,-15.244171,2.822464
2019-04-08 17:09:27,363981,4.525345,-12.399857,0.10624695
2019-04-08 17:09:27,364001,-1.139328,-10.164871,-2.636322
2019-04-08 17:09:27,364021,-4.1811676,-9.504074,-2.225708
2019-04-08 17:09:27,364042,-3.6305084,-9.319717,1.6481018
2019-04-08 17:09:27,364061,-2.1796112,-9.480133,1.6648712
2019-04-08 17:09:27,364081,-1.5427551,-9.099457,-1.1698608
2019-04-08 17:09:27,364102,-1.0734863,-9.052765,-2.742859
2019-04-08 17:09:27,364121,-0.93104553,-10.907074,-0.29359436
2019-04-08 17:09:27,364141,0.51745605,-12.988831,2.7602081
2019-04-08 17:09:27,364162,0.29718018,-12.167618,4.0746307
2019-04-08 17:09:27,364181,-2.9804688,-11.437393,3.7980957
2019-04-08 17:09:27,364202,-5.5530396,-9.765045,-0.3247223
2019-04-08 17:09:27,364221,-3.0223694,-9.7387085,-1.6391296
2019-04-08 17:09:27,364242,-0.61021423,-9.505264,-0.537796
2019-04-08 17:09:27,364261,0.6395569,-9.569916,2.0503387
2019-04-08 17:09:27,364281,1.066925,-9.967346,3.3982697
2019-04-08 17:09:27,364302,0.9460144,-9.573502,2.7374725
2019-04-08 17:09:27,364321,-0.6748657,-9.03241,1.8312683
2019-04-08 17:09:27,364342,-1.7606354,-9.253876,0.6174011
2019-04-08 17:09:27,364361,-1.7354889,-9.688431,0.4151001
2019-04-08 17:09:27,364382,-0.8520355,-10.441406,0.65571594
2019-04-08 17:09:27,364401,-0.7562561,-10.861588,1.2303162
2019-04-08 17:09:27,364422,-1.5212097,-10.152893,0.78977966
2019-04-08 17:09:27,364441,-2.3663635,-9.780594,0.0140686035
2019-04-08 17:09:27,364461,-2.8296356,-10.693985,-1.1758575
2019-04-08 17:09:27,364482,-3.1768036,-11.437393,-2.3083038
2019-04-08 17:09:27,364501,-4.075821,-11.135727,-2.0545197
2019-04-08 17:09:27,364522,-5.274124,-10.865173,-1.2476807
2019-04-08 17:09:27,364541,-4.8994293,-10.825668,-0.850235
2019-04-08 17:09:27,364561,-5.126877,-11.548721,0.026031494
2019-04-08 17:09:27,364582,-6.689087,-11.785751,0.4474182
2019-04-08 17:09:27,364601,-5.3854523,-12.300491,-2.2041626
2019-04-08 17:09:27,364621,-4.242218,-11.830032,-4.133896
2019-04-08 17:09:27,364642,-5.466858,-10.697586,-4.083618
2019-04-08 17:09:27,364661,-7.036255,-9.775818,-3.074463
2019-04-08 17:09:27,364681,-5.1053314,-9.50647,-2.6183624
2019-04-08 17:09:27,364702,-3.0199738,-9.719543,-3.850174
2019-04-08 17:09:27,364721,-3.1648254,-9.420273,-5.076004
2019-04-08 17:09:27,364741,-4.1500397,-8.317749,-5.201706
2019-04-08 17:09:27,364762,-4.806061,-7.191269,-5.973831
2019-04-08 17:09:27,364781,-4.8359833,-6.2563324,-5.2866974
2019-04-08 17:09:27,364803,-4.4612885,-5.1370544,-5.2950745
2019-04-08 17:09:27,364821,-3.6484528,-3.9770508,-4.556473
2019-04-08 17:09:27,364841,-3.112152,-3.3198547,-4.4176025
2019-04-08 17:09:27,364861,-3.45932,-2.3382263,-4.514572
2019-04-08 17:09:27,364882,-3.0523071,-1.8617859,-4.209305
2019-04-08 17:09:27,364901,-3.151657,-1.7288971,-4.835388
2019-04-08 17:09:27,364921,-4.0183563,-2.0976105,-4.830597
2019-04-08 17:09:27,364942,-4.2673645,-2.6183472,-4.657028
2019-04-08 17:09:28,364961,-4.4529114,-2.7979126,-4.6630096
2019-04-08 17:09:28,364982,-5.0670166,-3.3461914,-5.1023407
2019-04-08 17:09:28,365001,-4.570221,-4.0189514,-5.4973907
2019-04-08 17:09:28,365021,-3.984848,-4.5025787,-5.8720856
2019-04-08 17:09:28,365042,-5.3627014,-4.6761627,-8.9713745
2019-04-08 17:09:28,365062,-5.404602,-5.98938,-6.9231415
2019-04-08 17:09:28,365081,-5.8295746,-5.8062286,-5.5237274
2019-04-08 17:09:28,365102,-5.250183,-4.0512695,-5.347748
2019-04-08 17:09:28,365121,-3.6340942,-4.606735,-4.6462555
2019-04-08 17:09:28,365142,-3.5179749,-5.550049,-3.2049408
2019-04-08 17:09:28,365161,-4.3786926,-5.9762115,-3.1127625
2019-04-08 17:09:28,365182,-5.17955,-7.004532,-4.145859
2019-04-08 17:09:28,365201,-6.2832794,-8.169296,-5.360916
2019-04-08 17:09:28,365222,-6.644806,-8.681656,-4.4487305
2019-04-08 17:09:28,365241,-4.869507,-9.061142,-4.8629303
2019-04-08 17:09:28,365262,-3.5455017,-9.191635,-5.562027
2019-04-08 17:09:28,365281,-2.2310944,-9.5651245,-6.738785
2019-04-08 17:09:28,365301,-2.0335693,-10.031998,-6.1246643
2019-04-08 17:09:28,365322,-3.9824524,-9.712372,-3.3545837
2019-04-08 17:09:28,365341,-4.5606537,-9.536392,-1.0334015
2019-04-08 17:09:28,365361,-8.015488,-9.34964,-1.0609283
2019-04-08 17:09:28,365382,-10.0625305,-8.0867,-5.0053864
2019-04-08 17:09:28,365401,-8.87381,-8.843277,-4.9000397
2019-04-08 17:09:28,365422,-6.452072,-10.484497,-3.130722
2019-04-08 17:09:28,365441,-5.365097,-11.053116,-2.9116516
2019-04-08 17:09:28,365461,-2.214325,-13.076218,-4.281128
2019-04-08 17:09:28,365482,-0.684433,-12.43457,-5.2148743
2019-04-08 17:09:28,365501,-0.85920715,-10.592239,-5.1215057
2019-04-08 17:09:28,365522,-1.1728516,-10.055939,-5.664978
2019-04-08 17:09:28,365541,-0.32051086,-9.203598,-5.696106
2019-04-08 17:09:28,365561,-0.8017578,-8.781021,-3.4156342
2019-04-08 17:09:28,365581,-1.6864166,-9.027618,-2.2436676
2019-04-08 17:09:28,365602,-2.6381073,-8.885162,-0.8873596
2019-04-08 17:09:28,365621,-2.1832123,-8.871994,1.0100555
2019-04-08 17:09:28,365641,-4.7222595,-8.925873,2.4848785
2019-04-08 17:09:28,365662,-1.8276672,-8.346481,-0.9974823
2019-04-08 17:09:28,365681,-2.1137695,-8.078323,-1.9324188
2019-04-08 17:09:28,365701,-1.1620789,-10.962143,-4.001007
2019-04-08 17:09:28,365722,-1.4924774,-10.278595,-1.8055267
2019-04-08 17:09:28,365741,-1.6229706,-9.66568,-1.0908661
2019-04-08 17:09:28,365762,-3.024765,-9.520828,-0.414505
2019-04-08 17:09:28,365781,-2.0982056,-9.937424,-0.11642456
2019-04-08 17:09:28,365801,-1.585846,-9.137756,-0.5844879
2019-04-08 17:09:28,365822,-1.9641418,-9.449005,-0.28282166
2019-04-08 17:09:28,365841,-2.33284,-10.302536,-0.22296143
2019-04-08 17:09:28,365862,-3.1157532,-10.704758,-0.5054779
2019-04-08 17:09:28,365882,-3.759781,-10.2534485,-0.22535706
2019-04-08 17:09:28,365901,-3.7885132,-12.979248,-0.60842896
2019-04-08 17:09:28,365922,-6.6663513,-6.9470673,-6.6944885
2019-04-08 17:09:28,365941,1.3602142,-11.925812,0.63894653
2019-04-08 17:09:29,365962,1.1159973,-10.710754,-1.0465698
2019-04-08 17:09:29,365981,-1.4757233,-9.01207,0.7407074
2019-04-08 17:09:29,366002,-1.589447,-11.746246,1.3967133
2019-04-08 17:09:29,366021,-1.2925568,-13.041504,1.000473
2019-04-08 17:09:29,366042,-0.08947754,-9.581879,-1.1555023
2019-04-08 17:09:29,366061,-1.3296661,-7.7311707,-0.5545654
2019-04-08 17:09:29,366082,-0.4126892,-10.473724,0.009277344
2019-04-08 17:09:29,366101,-0.56591797,-10.376755,-0.7796173
2019-04-08 17:09:29,366122,-1.0567322,-10.661667,-1.118393
2019-04-08 17:09:29,366141,-1.8025208,-10.792145,-1.0262146
2019-04-08 17:09:29,366162,-2.7925262,-8.267471,-0.6706848
2019-04-08 17:09:29,366181,0.30078125,-11.468506,2.937378
2019-04-08 17:09:29,366201,0.3175354,-12.137695,2.8404236
2019-04-08 17:09:29,366222,-1.1225739,-7.389984,3.2270813
2019-04-08 17:09:29,366241,-0.066726685,-9.19043,1.4817047
2019-04-08 17:09:29,366261,0.32232666,-7.970581,0.39474487
2019-04-08 17:09:29,366282,0.2205658,-9.168884,0.97055054
2019-04-08 17:09:29,366301,0.07572937,-9.815323,0.719162
2019-04-08 17:09:29,366322,0.19422913,-11.733078,0.5372009
2019-04-08 17:09:29,366341,-0.2247467,-10.563507,-0.23971558
2019-04-08 17:09:29,366361,0.4444275,-11.096222,-1.8510132
2019-04-08 17:09:29,366382,0.03981018,-12.153259,1.1237793
2019-04-08 17:09:29,366401,1.2979584,-10.360001,0.3468628
2019-04-08 17:09:29,366421,0.81314087,-10.3983,1.1668701
2019-04-08 17:09:29,366442,0.5150604,-9.708771,1.24469
2019-04-08 17:09:29,366461,0.414505,-9.490906,0.79338074
2019-04-08 17:09:29,366481,-0.15771484,-10.045166,0.5144501
2019-04-08 17:09:29,366502,0.24092102,-10.509628,0.33369446
2019-04-08 17:09:29,366521,0.41090393,-10.790955,0.32531738
2019-04-08 17:09:29,366541,0.4875183,-11.029175,0.5599365
2019-04-08 17:09:29,366562,0.19662476,-11.667236,0.32292175
2019-04-08 17:09:29,366581,0.006286621,-12.419006,1.1812439
2019-04-08 17:09:29,366601,0.05178833,-11.5499115,1.2626343
2019-04-08 17:09:29,366622,1.0537567,-11.613358,0.71676636
2019-04-08 17:09:29,366642,0.52583313,-12.420212,1.5595245
2019-04-08 17:09:29,366661,0.5593567,-10.677231,1.2470856
2019-04-08 17:09:29,366681,2.402893,-10.169662,3.1564484
2019-04-08 17:09:29,366702,1.9192657,-12.034744,2.8332367
2019-04-08 17:09:29,366721,0.66230774,-10.5850525,0.8927307
2019-04-08 17:09:29,366742,2.220932,-8.572723,3.1301117
2019-04-08 17:09:29,366762,0.122406006,-14.144028,-1.6774445
2019-04-08 17:09:29,366781,-2.2310944,-13.729843,-2.9535522
2019-04-08 17:09:29,366802,1.6247711,-11.982071,2.7542267
2019-04-08 17:09:29,366821,4.343384,-10.45697,3.4700928
2019-04-08 17:09:29,366842,1.7337036,-9.991287,-1.6295624
2019-04-08 17:09:29,366861,2.596817,-8.493713,1.4853058
2019-04-08 17:09:29,366881,2.8110962,-9.870377,3.9034424
2019-04-08 17:09:29,366901,-0.4019165,-10.3564,2.8416138
2019-04-08 17:09:29,366921,0.008682251,-9.191635,0.19242859
2019-04-08 17:09:29,366941,1.276413,-10.726318,2.9278107
2019-04-08 17:09:30,366962,1.1591034,-11.158463,2.4717102
2019-04-08 17:09:30,366981,-0.22235107,-10.294159,-2.2700043
2019-04-08 17:09:30,367001,0.062561035,-12.523163,10.59404
2019-04-08 17:09:30,367021,1.9910889,-10.749054,-9.161713
2019-04-08 17:09:30,367041,1.2596588,-7.8724213,0.3648224
2019-04-08 17:09:30,367061,0.6347656,-9.66449,13.488632
2019-04-08 17:09:30,367082,0.8490448,-9.834473,8.708603
2019-04-08 17:09:30,367101,2.1802216,-9.331696,6.507141
2019-04-08 17:09:30,367121,3.7244873,-8.116638,8.416519
2019-04-08 17:09:30,367141,3.900467,-7.3923798,10.412079
2019-04-08 17:09:30,367162,3.529358,-7.3876038,7.779663
2019-04-08 17:09:30,367181,3.4694977,-7.0631866,7.850281
2019-04-08 17:09:30,367201,2.4962616,-5.7619324,10.469543
2019-04-08 17:09:30,367221,0.6503296,-5.2364044,9.556152
2019-04-08 17:09:30,367242,0.03501892,-6.178528,7.997528
2019-04-08 17:09:30,367262,-0.73231506,-5.3273926,7.511505
2019-04-08 17:09:30,367282,-1.6217651,-4.6797485,7.6276245
2019-04-08 17:09:30,367301,-2.0790558,-3.9172058,7.759308
2019-04-08 17:09:30,367321,-1.0184326,-4.44751,7.537842
2019-04-08 17:09:30,367343,-1.0375824,-3.5317383,7.5522156
2019-04-08 17:09:30,367361,-1.3141174,-2.9355774,7.8598633
2019-04-08 17:09:30,367381,-0.8831482,-2.8242493,7.1775208
2019-04-08 17:09:30,367402,-0.73231506,-2.223297,6.675934
2019-04-08 17:09:30,367421,-0.44740295,-1.8330536,6.936905
2019-04-08 17:09:30,367441,-0.40072632,-2.3932953,7.0973053
2019-04-08 17:09:30,367462,-1.8456268,-1.0645142,6.543045
2019-04-08 17:09:30,367481,-2.209549,-0.10443115,6.5298767
2019-04-08 17:09:30,367501,-0.56233215,-0.5796814,17.706024
2019-04-08 17:09:30,367522,1.952774,-2.159851,13.568832
2019-04-08 17:09:30,367541,1.726532,-2.1047974,8.292023
2019-04-08 17:09:30,367562,0.5988617,-0.71017456,7.7030487
2019-04-08 17:09:30,367581,-0.56352234,0.33610535,6.5442505
2019-04-08 17:09:30,367602,0.18945312,0.67967224,7.0697784
2019-04-08 17:09:30,367621,5.0448914,-0.66348267,8.53981
2019-04-08 17:09:30,367642,7.1457977,-2.2987213,8.988724
2019-04-08 17:09:30,367661,-1.1058197,-0.039794922,6.1456146
2019-04-08 17:09:30,367682,-1.6564789,1.5415802,6.9955597
2019-04-08 17:09:30,367701,-0.95617676,2.2634277,7.997528
2019-04-08 17:09:30,367722,-0.64253235,1.2339172,9.495102
2019-04-08 17:09:30,367741,0.908905,0.6557312,9.453201
2019-04-08 17:09:30,367761,1.5409698,1.0567474,9.007889
2019-04-08 17:09:30,367782,-0.19482422,2.0850677,8.5529785
2019-04-08 17:09:30,367801,-0.4198761,3.1923828,8.274063
2019-04-08 17:09:30,367822,0.01826477,2.544754,8.475174
2019-04-08 17:09:30,367841,1.5038605,1.2458954,9.01387
2019-04-08 17:09:30,367862,0.91848755,1.5415802,9.1419525
2019-04-08 17:09:30,367881,-0.07989502,2.5974274,9.811142
2019-04-08 17:09:30,367901,-0.13256836,3.85437,10.02063
2019-04-08 17:09:30,367922,-0.1625061,3.4282074,8.812759
2019-04-08 17:09:30,367941,-0.24749756,4.4254,8.385391
2019-04-08 17:09:31,367962,-0.52641296,5.687134,7.0218964
2019-04-08 17:09:31,367981,-0.7885895,7.2146454,5.617691
2019-04-08 17:09:31,368001,-1.1249695,7.798828,5.8008423
2019-04-08 17:09:31,368021,-0.29896545,5.746994,7.5953064
2019-04-08 17:09:31,368042,-0.19122314,4.7713623,8.312363
2019-04-08 17:09:31,368061,0.16789246,4.17041,8.1375885
2019-04-08 17:09:31,368081,0.2205658,4.2434387,8.373413
2019-04-08 17:09:31,368102,0.24810791,4.5953827,8.614044
2019-04-08 17:09:31,368121,0.13796997,4.9868317,9.007889
2019-04-08 17:09:31,368141,0.027832031,5.245407,8.61763
2019-04-08 17:09:31,368161,0.06854248,4.968872,8.287231
2019-04-08 17:09:31,368181,0.16191101,5.403427,7.9951324
2019-04-08 17:09:31,368202,-0.17567444,5.766144,7.5725555
2019-04-08 17:09:31,368221,0.33190918,6.165985,7.23378
2019-04-08 17:09:31,368241,-0.87358093,6.454483,5.8535156
2019-04-08 17:09:31,368262,-0.72514343,6.407791,6.34433
2019-04-08 17:09:31,368281,-0.26664734,6.466446,7.1248474
2019-04-08 17:09:31,368301,-0.1852417,5.7601624,7.256531
2019-04-08 17:09:31,368322,-0.24868774,5.9588776,7.348694
2019-04-08 17:09:31,368341,-0.18644714,6.0139465,7.2720795
2019-04-08 17:09:31,368361,-0.066726685,5.7326355,7.4767914
2019-04-08 17:09:31,368381,-0.073913574,5.533905,7.8059998
2019-04-08 17:09:31,368401,-0.253479,5.484833,7.9244995
2019-04-08 17:09:31,368421,-0.3624115,5.3064575,8.193848
2019-04-08 17:09:31,368442,-0.30973816,5.198715,7.760498
2019-04-08 17:09:31,368461,-0.102645874,5.046692,7.80719
2019-04-08 17:09:31,368481,-0.43663025,5.0,8.114853
2019-04-08 17:09:31,368501,-0.7167511,4.825226,8.866623
2019-04-08 17:09:31,368521,-0.48571777,4.3104706,9.077316
2019-04-08 17:09:31,368541,-0.39712524,4.2985077,8.780441
2019-04-08 17:09:31,368561,-0.18763733,4.601364,8.286026
2019-04-08 17:09:31,368582,0.036224365,4.1919556,8.406937
2019-04-08 17:09:31,368601,-0.19841003,4.3966675,8.637985
2019-04-08 17:09:31,368621,-0.5431824,4.5630646,8.290817
2019-04-08 17:09:31,368641,-0.55874634,4.8910675,8.394974
2019-04-08 17:09:31,368661,-0.7742157,5.093384,8.402145
2019-04-08 17:09:31,368681,-0.6904144,5.0658417,8.44165
2019-04-08 17:09:31,368701,-0.46417236,4.66362,8.312363
2019-04-08 17:09:31,368722,-0.26185608,4.4912415,8.378204
2019-04-08 17:09:31,368741,-0.20678711,4.466095,8.314758
2019-04-08 17:09:31,368761,-0.33847046,4.5630646,8.288422
2019-04-08 17:09:31,368781,-0.28819275,4.543915,8.462006
2019-04-08 17:09:31,368801,-0.22714233,4.335617,8.511093
2019-04-08 17:09:31,368822,-0.25468445,4.280548,8.52066
2019-04-08 17:09:31,368841,-0.24749756,4.4529266,8.447647
2019-04-08 17:09:31,368861,-0.12898254,4.5271454,8.101685
2019-04-08 17:09:31,368881,-0.41629028,4.7294617,7.990341
2019-04-08 17:09:31,368902,-0.6150055,4.9198,8.208221
2019-04-08 17:09:31,368921,-0.23551941,4.82164,8.341095
2019-04-08 17:09:31,368941,-0.15531921,4.624115,7.968796
2019-04-08 17:09:32,368961,-0.44381714,4.8946533,7.839508
2019-04-08 17:09:32,368982,-0.35762024,4.912613,8.043015
2019-04-08 17:09:32,369002,0.36062622,4.656433,8.751709
2019-04-08 17:09:32,369021,-0.17088318,4.8743134,7.913727
2019-04-08 17:09:32,369041,-0.644928,4.9425354,7.811981
2019-04-08 17:09:32,369062,-0.47254944,4.837204,8.456024
2019-04-08 17:09:32,369081,-0.16369629,4.880295,8.79599
2019-04-08 17:09:32,369101,0.052978516,4.56546,8.191467
2019-04-08 17:09:32,369122,-0.19961548,4.671997,8.074142
2019-04-08 17:09:32,369141,-0.19961548,4.671997,8.074142
2019-04-08 17:09:32,369161,-0.19961548,4.671997,8.074142
2019-04-08 17:09:32,369181,-0.19961548,4.671997,8.074142
2019-04-08 17:09:32,369201,-0.19961548,4.671997,8.074142
