Timestamp,Milliseconds,X,Y,Z
2018-10-03 22:01:22,3,-0.4186859,2.074295,9.420883
2018-10-03 22:01:22,21,-0.4881134,2.000061,9.113235
2018-10-03 22:01:22,41,-0.07749939,1.8983154,9.556152
2018-10-03 22:01:22,62,0.06135559,1.524826,9.833878
2018-10-03 22:01:22,81,0.043395996,1.3153229,9.908096
2018-10-03 22:01:22,101,0.122406006,1.4015198,9.560944
2018-10-03 22:01:22,121,0.14395142,1.6888275,9.201813
2018-10-03 22:01:22,142,0.03981018,2.046753,9.293991
2018-10-03 22:01:22,161,-0.23312378,2.1856232,10.181046
2018-10-03 22:01:22,181,-0.4486084,2.2933655,10.917252
2018-10-03 22:01:22,202,-0.5072632,2.3424377,10.997467
2018-10-03 22:01:22,221,-0.3037567,2.4154663,10.177444
2018-10-03 22:01:22,241,-0.26545715,2.1317444,8.375809
2018-10-03 22:01:22,262,-0.38874817,1.95578,7.7976074
2018-10-03 22:01:22,281,-0.38635254,1.8312836,8.382996
2018-10-03 22:01:22,301,-0.3181305,1.8456421,9.739319
2018-10-03 22:01:22,321,-0.55514526,1.7726135,10.846634
2018-10-03 22:01:22,342,-0.8915405,1.5379944,11.308716
2018-10-03 22:01:22,361,-0.8903351,1.5547485,10.322296
2018-10-03 22:01:22,381,-0.67126465,1.7810059,8.890564
2018-10-03 22:01:22,401,-0.5359955,2.101822,8.309967
2018-10-03 22:01:22,421,-0.58148193,2.3053284,8.7660675
2018-10-03 22:01:22,442,-0.5766907,2.3747559,9.377792
2018-10-03 22:01:22,461,-0.5790863,2.5579224,9.214981
2018-10-03 22:01:22,481,-0.42825317,2.8954926,8.67749
2018-10-03 22:01:22,501,-0.1337738,3.1875916,8.695435
2018-10-03 22:01:22,521,-0.26783752,3.1983643,9.799164
2018-10-03 22:01:22,541,-0.51205444,2.723114,10.675446
2018-10-03 22:01:22,561,-0.47973633,2.1532898,9.928452
2018-10-03 22:01:22,582,-0.30854797,1.6936035,8.659531
2018-10-03 22:01:22,601,-0.13735962,1.2674408,7.693466
2018-10-03 22:01:22,621,0.0074920654,0.87838745,7.298416
2018-10-03 22:01:22,642,0.24571228,0.7036133,8.354263
2018-10-03 22:01:22,662,0.0541687,1.0040741,9.278427
2018-10-03 22:01:22,681,-0.064331055,1.5571442,9.917679
2018-10-03 22:01:22,701,-0.03201294,2.2646332,10.283997
2018-10-03 22:01:22,722,-0.011672974,2.8200836,10.492294
2018-10-03 22:01:22,741,-0.17567444,3.0044403,11.100418
2018-10-03 22:01:22,761,-0.44979858,3.0642853,11.172241
2018-10-03 22:01:22,782,-0.29179382,2.793747,10.991486
2018-10-03 22:01:23,801,-0.4126892,2.37117,10.482712
2018-10-03 22:01:23,822,-0.3037567,1.8911285,10.447998
2018-10-03 22:01:23,841,-0.16490173,1.6313629,10.261246
2018-10-03 22:01:23,861,0.06375122,1.5798798,9.426865
2018-10-03 22:01:23,882,0.44921875,1.536789,9.352646
2018-10-03 22:01:23,902,-0.12539673,2.2718048,9.3155365
2018-10-03 22:01:23,921,-0.064331055,2.5878448,9.27124
2018-10-03 22:01:23,941,-0.07511902,3.114563,9.376587
2018-10-03 22:01:23,962,0.13796997,3.2618103,9.188644
2018-10-03 22:01:23,981,-0.18405151,3.3252563,8.834305
2018-10-03 22:01:23,1001,-0.8113251,3.43779,9.078506
2018-10-03 22:01:23,1022,-0.86997986,3.1899872,9.920074
2018-10-03 22:01:23,1041,-0.91667175,3.6424866,10.392929
2018-10-03 22:01:23,1061,-0.9118805,4.1440735,10.154709
2018-10-03 22:01:23,1082,0.14994812,2.632141,9.88176
2018-10-03 22:01:23,1101,1.324295,2.1604767,9.519043
2018-10-03 22:01:23,1121,1.1411438,2.9781036,10.377365
2018-10-03 22:01:23,1142,1.201004,3.5814362,10.368988
2018-10-03 22:01:23,1161,1.9659424,3.5419312,9.468765
2018-10-03 22:01:23,1181,2.2221222,3.9333801,8.731354
2018-10-03 22:01:23,1202,2.524994,4.196747,8.991119
2018-10-03 22:01:23,1221,3.00383,4.1955566,9.740509
2018-10-03 22:01:23,1241,3.2037506,4.2314606,9.611221
2018-10-03 22:01:23,1262,-0.91548157,6.430542,8.713394
2018-10-03 22:01:23,1281,2.3190918,3.5778503,7.0853424
2018-10-03 22:01:23,1301,3.6382904,3.8316345,7.05661
2018-10-03 22:01:23,1322,3.4850616,4.4601135,7.5785522
2018-10-03 22:01:23,1341,5.562042,3.908249,7.2445526
2018-10-03 22:01:23,1361,6.589142,4.0135956,6.493973
2018-10-03 22:01:23,1381,4.4846497,4.24942,6.0666046
2018-10-03 22:01:23,1402,1.339859,5.478836,6.2557526
2018-10-03 22:01:23,1421,2.3023376,5.635666,4.043503
2018-10-03 22:01:23,1441,5.1478424,3.868744,3.819641
2018-10-03 22:01:23,1462,2.454361,4.730652,2.4729156
2018-10-03 22:01:23,1481,4.707306,4.478073,2.9948425
2018-10-03 22:01:23,1502,5.230438,4.2230835,2.1257477
2018-10-03 22:01:23,1521,4.442749,3.7490387,1.8324585
2018-10-03 22:01:23,1542,3.1091766,3.971695,0.9190674
2018-10-03 22:01:23,1561,2.557312,3.351593,0.6353607
2018-10-03 22:01:23,1581,3.4479523,3.3480072,-0.096069336
2018-10-03 22:01:23,1602,5.263962,3.3420258,-0.55934143
2018-10-03 22:01:23,1621,5.182556,4.1045685,0.17926025
2018-10-03 22:01:23,1641,6.499359,2.6501007,-1.5289917
2018-10-03 22:01:23,1662,7.4534607,2.5148163,-1.5828705
2018-10-03 22:01:23,1681,7.9358826,2.9960632,-1.8139038
2018-10-03 22:01:23,1701,9.925476,2.9768982,-2.4196472
2018-10-03 22:01:23,1722,10.413879,3.837616,-3.7232819
2018-10-03 22:01:23,1741,10.456985,5.3495636,-4.660614
2018-10-03 22:01:23,1761,8.245941,5.6775665,-5.1813507
2018-10-03 22:01:23,1781,7.3517,5.9157867,-6.4095764
2018-10-03 22:01:24,1802,8.544022,4.548691,-6.9722137
2018-10-03 22:01:24,1821,9.540009,3.2390747,-6.87764
2018-10-03 22:01:24,1841,9.834488,1.833664,-5.1765594
2018-10-03 22:01:24,1862,9.856033,1.0543518,-3.5496979
2018-10-03 22:01:24,1881,9.094681,0.5695343,-2.6973724
2018-10-03 22:01:24,1901,9.082703,0.1469574,-3.7400513
2018-10-03 22:01:24,1922,8.22319,0.8747864,-5.6266785
2018-10-03 22:01:24,1941,4.9395447,1.3153229,-8.394379
2018-10-03 22:01:24,1961,2.4172516,2.5507355,-10.163681
2018-10-03 22:01:24,1982,2.0677032,3.0714722,-11.081863
2018-10-03 22:01:24,2001,2.0760803,3.5790405,-10.155304
2018-10-03 22:01:24,2021,2.1838226,3.4725037,-9.164108
2018-10-03 22:01:24,2042,2.4220428,2.2861786,-8.463806
2018-10-03 22:01:24,2061,2.2197266,1.8312836,-9.324524
2018-10-03 22:01:24,2081,1.5589294,0.6269989,-10.422256
2018-10-03 22:01:24,2102,0.8670044,0.635376,-11.384735
2018-10-03 22:01:24,2121,-0.22235107,0.6521301,-12.490845
2018-10-03 22:01:24,2141,0.09248352,-0.4719391,-12.229889
2018-10-03 22:01:24,2161,1.1195984,-2.1083832,-11.512817
2018-10-03 22:01:24,2181,-0.29656982,-3.2516174,-15.356705
2018-10-03 22:01:24,2201,1.3590088,-1.9371948,-11.599014
2018-10-03 22:01:24,2221,-1.3512268,-0.4599762,-6.506546
2018-10-03 22:01:24,2242,-3.740631,-0.8286743,-10.497681
2018-10-03 22:01:24,2261,-3.79451,-0.049362183,-12.6045685
2018-10-03 22:01:24,2282,-1.407486,-0.5796814,-12.329239
2018-10-03 22:01:24,2301,-1.0220184,-0.2468872,-5.9546814
2018-10-03 22:01:24,2321,-0.29179382,2.4753113,-4.0536804
2018-10-03 22:01:24,2342,1.0393829,0.25949097,-15.948074
2018-10-03 22:01:24,2361,-4.28891,3.1828003,-13.1887665
2018-10-03 22:01:24,2382,-2.5040283,2.1078033,-12.849976
2018-10-03 22:01:24,2401,-1.446991,0.7838135,-8.432678
2018-10-03 22:01:24,2422,0.3462677,-0.31033325,-8.946228
2018-10-03 22:01:24,2442,-0.12539673,0.52882385,-8.597885
2018-10-03 22:01:24,2461,0.18226624,-0.58566284,-11.569077
2018-10-03 22:01:24,2482,-0.071517944,1.3512421,-10.960953
2018-10-03 22:01:24,2501,-1.0866547,-2.89917E-4,-9.895538
2018-10-03 22:01:24,2521,-1.2650299,0.87120056,-9.1892395
2018-10-03 22:01:24,2541,-0.8400574,1.1393585,-8.822937
2018-10-03 22:01:24,2562,-1.0028687,1.0759125,-8.468597
2018-10-03 22:01:24,2581,-0.69880676,1.7833862,-10.398315
2018-10-03 22:01:24,2601,-1.1896057,1.1752625,-10.178055
2018-10-03 22:01:24,2622,-0.8508301,1.4170837,-9.4418335
2018-10-03 22:01:24,2641,-1.0471649,0.5312195,-10.756256
2018-10-03 22:01:24,2661,-1.5666962,1.0759125,-9.330505
2018-10-03 22:01:24,2682,-0.4198761,-0.13555908,-8.676895
2018-10-03 22:01:24,2701,-1.336853,1.7378998,-10.309738
2018-10-03 22:01:24,2721,-1.4936829,1.2458954,-9.587875
2018-10-03 22:01:24,2741,-2.3220673,1.6457214,-11.212341
2018-10-03 22:01:24,2762,-0.644928,1.9605713,-11.7977295
2018-10-03 22:01:24,2781,-1.1860199,0.7670593,-9.925461
2018-10-03 22:01:25,2801,-0.5826874,0.34448242,-10.4857025
2018-10-03 22:01:25,2822,-1.8899231,0.0894928,-8.431488
2018-10-03 22:01:25,2841,-0.9142761,1.7223358,-8.600281
2018-10-03 22:01:25,2861,-1.5128326,0.209198,-9.539993
2018-10-03 22:01:25,2882,-1.1872253,1.9868927,-8.95462
2018-10-03 22:01:25,2901,-1.039978,1.366806,-10.128967
2018-10-03 22:01:25,2921,-0.44262695,2.3807526,-11.1297455
2018-10-03 22:01:25,2941,-0.51924133,0.7730408,-10.042786
2018-10-03 22:01:25,2962,-1.288971,0.21040344,-9.511261
2018-10-03 22:01:25,2981,-1.6002197,0.8867645,-10.064331
2018-10-03 22:01:25,3001,-1.9006958,0.87838745,-10.079895
2018-10-03 22:01:25,3022,-1.4852905,0.98731995,-10.105026
2018-10-03 22:01:25,3041,-1.2674255,1.8983154,-10.680832
2018-10-03 22:01:25,3061,-1.4326172,1.0735168,-10.055954
2018-10-03 22:01:25,3081,-0.5419769,0.30018616,-9.516052
2018-10-03 22:01:25,3102,-1.8551941,0.7000122,-10.617386
2018-10-03 22:01:25,3122,-1.7271118,1.035202,-10.211578
2018-10-03 22:01:25,3141,-0.9549866,1.5355988,-10.212769
2018-10-03 22:01:25,3161,-1.0507507,1.9509888,-8.391983
2018-10-03 22:01:25,3181,-1.6085968,1.6959991,-11.427826
2018-10-03 22:01:25,3202,-0.4893036,1.2267456,-9.956589
2018-10-03 22:01:25,3221,-0.7825928,0.06794739,-11.136932
2018-10-03 22:01:25,3241,-1.3560028,0.60305786,-8.725967
2018-10-03 22:01:25,3261,-0.79815674,0.25949097,-10.298965
2018-10-03 22:01:25,3282,-0.72514343,1.4350433,-8.783432
2018-10-03 22:01:25,3301,-1.3308716,0.8041687,-10.2834015
2018-10-03 22:01:25,3321,-1.110611,1.837265,-9.651321
2018-10-03 22:01:25,3341,-1.6277466,1.5858765,-9.377197
2018-10-03 22:01:25,3362,-1.3596039,1.3608093,-10.67485
2018-10-03 22:01:25,3381,-1.4876862,1.3284912,-9.058762
2018-10-03 22:01:25,3401,-1.7941437,-0.15112305,-10.277405
2018-10-03 22:01:25,3421,-0.70358276,1.1118164,-9.974548
2018-10-03 22:01:25,3441,-1.9509735,1.1190033,-8.876801
2018-10-03 22:01:25,3462,-1.8911133,-0.2720337,-9.808151
2018-10-03 22:01:25,3481,-1.1058197,2.1401367,-8.284241
2018-10-03 22:01:25,3501,-1.7893677,1.7941742,-10.680832
2018-10-03 22:01:25,3522,-0.9394226,0.8759918,-9.081512
2018-10-03 22:01:25,3541,-1.0806732,0.69403076,-11.197983
2018-10-03 22:01:25,3561,-1.6528931,2.022812,-10.8723755
2018-10-03 22:01:25,3581,-1.0124359,0.17329407,-9.416702
2018-10-03 22:01:25,3602,-1.1118011,0.1864624,-9.98053
2018-10-03 22:01:25,3621,-1.747467,1.6086121,-8.412323
2018-10-03 22:01:25,3642,-1.8168945,0.9825287,-9.718369
2018-10-03 22:01:25,3661,-1.5008545,1.9653473,-10.343246
2018-10-03 22:01:25,3681,-1.7091522,0.7478943,-10.240295
2018-10-03 22:01:25,3702,-1.2219391,0.83529663,-9.171295
2018-10-03 22:01:25,3721,-1.826477,0.2942047,-11.037567
2018-10-03 22:01:25,3741,-2.1185608,0.49890137,-9.86322
2018-10-03 22:01:25,3762,-2.013214,0.6018524,-9.137772
2018-10-03 22:01:25,3781,-0.624588,1.0818939,-8.611053
2018-10-03 22:01:26,3801,-1.6265564,0.9897156,-9.234741
2018-10-03 22:01:26,3822,-1.1369476,0.6700897,-9.669281
2018-10-03 22:01:26,3841,-1.6421204,1.5906525,-9.008484
2018-10-03 22:01:26,3861,-1.0866547,1.153717,-10.618591
2018-10-03 22:01:26,3882,-1.1812286,0.32173157,-10.496475
2018-10-03 22:01:26,3901,-1.2147522,0.6018524,-9.453812
2018-10-03 22:01:26,3921,-1.6516876,0.26786804,-9.885956
2018-10-03 22:01:26,3941,-1.7486572,0.4390564,-10.27861
2018-10-03 22:01:26,3961,-2.051529,1.564331,-9.434647
2018-10-03 22:01:26,3982,-1.9497681,2.0216217,-9.488525
2018-10-03 22:01:26,4001,-1.3607941,0.45939636,-11.044754
2018-10-03 22:01:26,4022,-1.4673462,1.2123718,-9.935043
2018-10-03 22:01:26,4041,-1.7390747,0.32173157,-10.690414
2018-10-03 22:01:26,4061,-1.5475464,0.30497742,-10.067917
2018-10-03 22:01:26,4082,-1.8444214,1.1944122,-9.372406
2018-10-03 22:01:26,4101,-1.8144989,0.37321472,-10.290573
2018-10-03 22:01:26,4121,-1.699585,1.2614594,-8.842087
2018-10-03 22:01:26,4142,-1.6971893,0.57432556,-9.7734375
2018-10-03 22:01:26,4161,-1.1034241,1.4015198,-10.747879
2018-10-03 22:01:26,4181,-0.4234619,0.70240784,-10.4019165
2018-10-03 22:01:26,4202,-1.5319824,1.7438812,-10.4066925
2018-10-03 22:01:26,4221,-1.0256042,0.5791168,-11.028
2018-10-03 22:01:26,4241,-1.1477203,1.22435,-10.25946
2018-10-03 22:01:26,4262,-0.8125305,0.956192,-9.460983
2018-10-03 22:01:26,4282,-1.5786743,0.36123657,-10.325302
2018-10-03 22:01:26,4301,-1.8528137,0.88557434,-9.488525
2018-10-03 22:01:26,4321,-1.7402802,0.9047241,-9.542389
2018-10-03 22:01:26,4341,-1.5954285,0.3133545,-10.818497
2018-10-03 22:01:26,4361,-1.589447,1.873169,-9.037216
2018-10-03 22:01:26,4382,-1.5750732,1.0340118,-11.747452
2018-10-03 22:01:26,4401,-1.3260803,0.67248535,-10.891525
2018-10-03 22:01:26,4421,-1.1405334,0.83529663,-9.990112
2018-10-03 22:01:26,4441,-1.5152283,0.015274048,-10.128967
2018-10-03 22:01:26,4462,-1.5882416,0.15653992,-9.452606
2018-10-03 22:01:26,4481,-1.5056458,0.11703491,-9.839279
2018-10-03 22:01:26,4501,-1.8551941,1.3835602,-8.539215
2018-10-03 22:01:26,4521,-1.3907318,0.42588806,-10.409088
2018-10-03 22:01:26,4542,-1.213562,1.4625702,-9.194031
2018-10-03 22:01:26,4561,-1.980896,1.3931427,-10.568314
2018-10-03 22:01:26,4581,-1.6947937,0.9526062,-9.96257
2018-10-03 22:01:26,4602,-1.0088501,1.0639343,-9.118622
2018-10-03 22:01:26,4621,-1.6780243,0.09907532,-11.071091
2018-10-03 22:01:26,4641,-1.6014099,0.48454285,-9.32811
2018-10-03 22:01:26,4661,-1.2470703,-0.08528137,-10.767029
2018-10-03 22:01:26,4681,-0.9729309,1.4015198,-9.42627
2018-10-03 22:01:26,4702,-1.1764374,0.41870117,-10.383957
2018-10-03 22:01:26,4722,-1.6732483,1.3931427,-9.578308
2018-10-03 22:01:26,4741,-1.9114685,1.4410248,-10.052353
2018-10-03 22:01:26,4761,-0.80892944,1.3009644,-11.509232
2018-10-03 22:01:26,4783,-1.486496,0.94781494,-9.349655
2018-10-03 22:01:27,4801,-1.1991882,0.72036743,-9.872787
2018-10-03 22:01:27,4822,-1.3320618,0.95739746,-9.396347
2018-10-03 22:01:27,4841,-1.0028687,0.34448242,-9.571121
2018-10-03 22:01:27,4861,-1.5918427,0.872406,-9.305359
2018-10-03 22:01:27,4882,-1.2913666,1.2961731,-9.5208435
2018-10-03 22:01:27,4901,-0.8855438,0.7610626,-10.145737
2018-10-03 22:01:27,4922,-0.98490906,1.5080566,-9.283813
2018-10-03 22:01:27,4941,-1.6624603,1.0603485,-10.686813
2018-10-03 22:01:27,4961,-1.1453247,0.91908264,-10.600632
2018-10-03 22:01:27,4982,-0.7993622,1.912674,-9.378387
2018-10-03 22:01:27,5001,-1.0639191,-0.30914307,-10.503662
2018-10-03 22:01:27,5021,-1.4876862,0.41870117,-7.648575
2018-10-03 22:01:27,5042,-0.8711853,-0.04458618,-10.1194
2018-10-03 22:01:27,5061,-1.4912872,0.9813385,-9.903915
2018-10-03 22:01:27,5081,-1.7797852,0.6066437,-10.118195
2018-10-03 22:01:27,5102,-1.4541779,0.059570312,-9.476547
2018-10-03 22:01:27,5121,-0.9262543,0.8340912,-9.456207
2018-10-03 22:01:27,5141,-1.095047,1.0292206,-9.692032
2018-10-03 22:01:27,5162,-1.1309509,1.1656952,-9.081512
2018-10-03 22:01:27,5181,-0.881958,1.8887329,-10.37558
2018-10-03 22:01:27,5201,-1.0770874,1.0998535,-11.022003
2018-10-03 22:01:27,5222,-1.4338226,1.0591431,-8.605057
2018-10-03 22:01:27,5241,-2.1496887,0.37200928,-10.668869
2018-10-03 22:01:27,5262,-1.3643951,0.5048828,-12.202347
2018-10-03 22:01:27,5281,-1.2434845,0.5731201,-9.7734375
2018-10-03 22:01:27,5301,-1.4601593,0.20681763,-9.902725
2018-10-03 22:01:27,5321,-1.3344574,0.20800781,-9.889557
2018-10-03 22:01:27,5342,-0.9873047,0.7060089,-9.2682495
2018-10-03 22:01:27,5361,-1.2434845,0.060760498,-10.484512
2018-10-03 22:01:27,5381,-0.9573822,0.72395325,-9.975739
2018-10-03 22:01:27,5402,-0.75746155,0.60543823,-10.490494
2018-10-03 22:01:27,5421,-1.3404541,0.5599518,-10.837662
2018-10-03 22:01:27,5441,-1.0279999,0.3923645,-9.611816
2018-10-03 22:01:27,5462,-1.5044556,0.016479492,-10.185242
2018-10-03 22:01:27,5481,-0.97413635,-0.031417847,-9.948212
2018-10-03 22:01:27,5502,-0.38276672,0.12301636,-8.75589
2018-10-03 22:01:27,5521,-0.76104736,0.65452576,-9.903915
2018-10-03 22:01:27,5542,-0.80892944,0.33969116,-11.20517
2018-10-03 22:01:27,5561,-0.93821716,0.34806824,-10.112213
2018-10-03 22:01:27,5582,-1.7031708,0.5515747,-10.150513
2018-10-03 22:01:27,5601,-0.93463135,-0.5569458,-11.136932
2018-10-03 22:01:27,5622,-0.9298401,0.7155762,-8.199249
2018-10-03 22:01:27,5648,-1.0124359,0.9154968,-8.190872
2018-10-03 22:01:27,5662,-0.9693451,0.2151947,-10.69281
2018-10-03 22:01:27,5681,-0.6736603,0.16252136,-10.222351
2018-10-03 22:01:27,5702,-0.90948486,0.6377716,-9.703995
2018-10-03 22:01:27,5721,-0.7203522,-0.14633179,-10.032013
2018-10-03 22:01:27,5741,-1.684021,-0.66467285,-10.0308075
2018-10-03 22:01:27,5762,-0.97772217,1.4254608,-10.300156
2018-10-03 22:01:27,5781,-1.376358,0.32652283,-11.177628
2018-10-03 22:01:28,5801,-0.92385864,0.2989807,-9.30896
2018-10-03 22:01:28,5821,-1.3308716,0.37919617,-12.66922
2018-10-03 22:01:28,5842,-0.58387756,0.18406677,-10.703583
2018-10-03 22:01:28,5861,-0.7490845,-0.92803955,-9.01207
2018-10-03 22:01:28,5881,-1.0986328,0.13139343,-9.135376
2018-10-03 22:01:28,5901,-0.90231323,-0.86938477,-10.598236
2018-10-03 22:01:28,5922,-1.2961578,0.042800903,-11.243469
2018-10-03 22:01:28,5941,-1.9785004,-0.1894226,-9.911102
2018-10-03 22:01:28,5961,-2.0347595,-0.26963806,-10.874771
2018-10-03 22:01:28,5982,-1.1094055,0.17208862,-9.396347
2018-10-03 22:01:28,6001,-0.81970215,0.4653778,-7.574356
2018-10-03 22:01:28,6021,-1.4445953,-0.10203552,-9.031235
2018-10-03 22:01:28,6042,-1.2123566,-0.08288574,-11.496063
2018-10-03 22:01:28,6061,-1.4182587,0.6784668,-9.94223
2018-10-03 22:01:28,6081,-0.55874634,-1.0118408,-8.504501
2018-10-03 22:01:28,6102,-0.8053436,1.0675201,-10.720337
2018-10-03 22:01:28,6121,-0.506073,0.023651123,-10.275024
2018-10-03 22:01:28,6141,-0.4486084,-0.17745972,-8.63739
2018-10-03 22:01:28,6162,-0.8101349,0.86761475,-9.967361
2018-10-03 22:01:28,6181,-1.7618256,-0.23371887,-12.07785
2018-10-03 22:01:28,6201,-1.3691711,0.4546051,-8.150162
2018-10-03 22:01:28,6222,-0.63775635,-1.9419861,-10.575485
2018-10-03 22:01:28,6241,-1.3907318,0.3935547,-9.373596
2018-10-03 22:01:28,6261,-0.802948,-1.0010681,-11.279388
2018-10-03 22:01:28,6282,-1.2961578,-0.13076782,-8.1298065
2018-10-03 22:01:28,6301,-0.5084686,0.9238739,-11.099823
2018-10-03 22:01:28,6322,-0.30496216,-0.5533447,-11.399094
2018-10-03 22:01:28,6341,-0.44023132,-0.98550415,-7.2846527
2018-10-03 22:01:28,6362,-2.035965,-1.2751923,-9.64415
2018-10-03 22:01:28,6381,-1.1620789,-1.1435242,-11.888702
2018-10-03 22:01:28,6402,-0.94540405,0.6784668,-7.9478607
2018-10-03 22:01:28,6422,-1.5583191,0.47616577,-9.941025
2018-10-03 22:01:28,6441,-2.3711548,-0.3510437,-9.32811
2018-10-03 22:01:28,6462,-0.11820984,-0.5880585,-10.055954
2018-10-03 22:01:28,6481,-1.4481812,0.4941101,-9.346069
2018-10-03 22:01:28,6502,-1.6552887,-0.28399658,-11.341629
2018-10-03 22:01:28,6521,0.5832977,-1.2775879,-10.209183
2018-10-03 22:01:28,6542,-1.2937622,0.41630554,-9.238327
2018-10-03 22:01:28,6561,-0.51564026,0.9131012,-11.004059
2018-10-03 22:01:28,6581,0.043395996,-1.1255646,-10.902298
2018-10-03 22:01:28,6601,0.2780304,-0.008666992,-10.685623
2018-10-03 22:01:28,6622,-0.4019165,-0.5473633,-10.805328
2018-10-03 22:01:28,6641,-0.16011047,-0.18583679,-8.867233
2018-10-03 22:01:28,6661,-0.52401733,-0.4204712,-10.966934
2018-10-03 22:01:28,6682,-1.4817047,1.2865906,-10.81012
2018-10-03 22:01:28,6701,-1.1824341,-0.88734436,-9.32811
2018-10-03 22:01:28,6722,-0.55874634,0.29060364,-9.077911
2018-10-03 22:01:28,6741,-1.8061218,0.97535706,-9.749496
2018-10-03 22:01:28,6761,-1.8755493,-0.41688538,-10.419861
2018-10-03 22:01:28,6781,-0.85562134,1.0256348,-10.160095
2018-10-03 22:01:29,6802,-1.2159424,1.48172,-10.477325
2018-10-03 22:01:29,6821,-0.91548157,0.042800903,-9.695618
2018-10-03 22:01:29,6841,-0.61260986,0.24153137,-10.033203
2018-10-03 22:01:29,6862,-0.05355835,0.69522095,-10.434235
2018-10-03 22:01:29,6881,-1.0088501,0.9142914,-10.477325
2018-10-03 22:01:29,6901,-1.0603333,0.48573303,-9.711182
2018-10-03 22:01:29,6922,-0.82688904,0.25109863,-11.330856
2018-10-03 22:01:29,6941,-1.0675049,0.28222656,-10.051163
2018-10-03 22:01:29,6961,-1.9892731,-0.35942078,-11.01123
2018-10-03 22:01:29,6981,-1.6193695,-0.43363953,-10.328888
2018-10-03 22:01:29,7002,-1.9318085,-0.46595764,-11.095032
2018-10-03 22:01:29,7021,-1.470932,-0.011062622,-10.905884
2018-10-03 22:01:29,7041,-0.88793945,0.5874939,-8.621826
2018-10-03 22:01:29,7062,-2.23349,-0.08288574,-10.489304
2018-10-03 22:01:29,7081,-1.0196228,0.595871,-9.907501
2018-10-03 22:01:29,7101,-0.84484863,0.6233978,-10.926239
2018-10-03 22:01:29,7122,-0.99209595,0.82450867,-9.42627
2018-10-03 22:01:29,7141,-0.8496399,0.10745239,-9.192841
2018-10-03 22:01:29,7161,-1.3823395,0.09547424,-10.715546
2018-10-03 22:01:29,7182,-0.66049194,0.5443878,-11.581055
2018-10-03 22:01:29,7201,-1.2913666,-0.63475037,-10.503662
2018-10-03 22:01:29,7222,-1.6947937,-0.061340332,-8.502106
2018-10-03 22:01:29,7241,-0.7227478,0.8340912,-11.419449
2018-10-03 22:01:29,7262,-0.7047882,1.342865,-8.800186
2018-10-03 22:01:29,7281,-1.9246368,0.27864075,-8.530838
2018-10-03 22:01:29,7302,-1.2207336,0.32531738,-9.846451
2018-10-03 22:01:29,7321,-1.7127533,0.14456177,-9.07193
2018-10-03 22:01:29,7342,-1.0830688,0.27864075,-9.62738
2018-10-03 22:01:29,7362,-1.1453247,-0.011062622,-9.74231
2018-10-03 22:01:29,7381,-1.2087708,1.4015198,-11.965317
2018-10-03 22:01:29,7402,-2.051529,1.6517181,-12.197556
2018-10-03 22:01:29,7422,-1.4182587,-0.5102539,-9.847656
2018-10-03 22:01:29,7441,-1.6923981,0.33969116,-12.049118
2018-10-03 22:01:29,7462,-1.3272858,0.30018616,-12.190384
2018-10-03 22:01:29,7482,0.18226624,-0.11880493,-9.970947
2018-10-03 22:01:29,7501,-1.1537018,2.2933655,-9.908707
2018-10-03 22:01:29,7522,-1.4278412,0.9609833,-10.685623
2018-10-03 22:01:29,7541,-0.3911438,-1.0142365,-10.361206
2018-10-03 22:01:29,7562,-1.1237793,1.1082306,-8.435074
2018-10-03 22:01:29,7581,-0.7849884,0.42707825,-10.313324
2018-10-03 22:01:29,7601,-0.921463,2.0898438,-9.580704
2018-10-03 22:01:29,7622,-0.31573486,2.3304749,-8.417114
2018-10-03 22:01:29,7641,0.21458435,-0.19781494,-8.213608
2018-10-03 22:01:29,7661,-0.9908905,1.8408508,-8.706818
2018-10-03 22:01:29,7682,-1.1956024,2.3675842,-12.834412
2018-10-03 22:01:29,7701,-0.7885895,0.023651123,-6.8525085
2018-10-03 22:01:29,7721,-1.202774,1.2602539,-6.835739
2018-10-03 22:01:29,7742,-1.3739624,-0.4599762,-14.570221
2018-10-03 22:01:29,7761,-0.9250488,1.0399933,-6.6537933
2018-10-03 22:01:29,7781,-2.1640472,-0.06613159,-11.873154
2018-10-03 22:01:30,7802,-1.7498627,2.0647125,-10.1493225
2018-10-03 22:01:30,7821,-1.791748,1.734314,-8.091507
2018-10-03 22:01:30,7841,-1.5451508,-2.2927399,-13.338394
2018-10-03 22:01:30,7862,-0.6257782,2.9768982,-7.8125763
2018-10-03 22:01:30,7881,-0.90231323,1.3512421,-13.3120575
2018-10-03 22:01:30,7902,-1.1441193,1.6708679,-5.0460815
2018-10-03 22:01:30,7921,-1.4637451,0.9382324,-10.665268
2018-10-03 22:01:30,7941,-2.3843231,1.5355988,-11.810898
2018-10-03 22:01:30,7962,-0.589859,1.2387085,-7.780258
2018-10-03 22:01:30,7981,-0.94898987,-0.8430481,-12.308899
2018-10-03 22:01:30,8001,-1.8528137,1.0423889,-13.653229
2018-10-03 22:01:30,8022,0.2852173,1.358429,-9.567535
2018-10-03 22:01:30,8041,-1.585846,-2.0449371,-6.70047
2018-10-03 22:01:30,8062,1.0070648,3.1720276,-11.075882
2018-10-03 22:01:30,8081,-0.9980774,1.991684,-9.772232
2018-10-03 22:01:30,8102,-2.2861633,-0.7843933,-6.973419
2018-10-03 22:01:30,8121,-1.7175293,2.3699799,-9.80455
2018-10-03 22:01:30,8142,-2.0826569,-0.72213745,-7.751526
2018-10-03 22:01:30,8161,-1.9342041,1.5272064,-7.90596
2018-10-03 22:01:30,8182,0.07572937,1.9857025,-11.643311
2018-10-03 22:01:30,8201,-0.7407074,-0.33068848,-7.3504944
2018-10-03 22:01:30,8221,-0.44979858,1.2626495,-6.28389
2018-10-03 22:01:30,8241,-1.5236053,2.6261597,-9.834488
2018-10-03 22:01:30,8262,-0.012863159,-0.10682678,-11.042358
2018-10-03 22:01:30,8281,-1.747467,2.6381226,-11.091446
2018-10-03 22:01:30,8301,-0.2834015,-2.3693542,-10.269028
2018-10-03 22:01:30,8321,0.39056396,0.5838928,-10.002075
2018-10-03 22:01:30,8342,-2.3974915,2.2346954,-10.831665
2018-10-03 22:01:30,8361,-2.521988,0.74909973,-8.946228
2018-10-03 22:01:30,8381,-0.40072632,1.6900177,-9.165298
2018-10-03 22:01:30,8401,-0.85801697,1.0759125,-9.192841
2018-10-03 22:01:30,8421,-1.8504181,1.3811646,-9.037216
2018-10-03 22:01:30,8442,-2.0479279,0.09309387,-11.771393
2018-10-03 22:01:30,8461,-0.5647278,1.3907471,-9.954193
2018-10-03 22:01:30,8481,-1.4362183,-0.6479187,-10.902298
2018-10-03 22:01:30,8501,-1.3117218,0.88557434,-8.936661
2018-10-03 22:01:30,8521,-0.10383606,-0.11880493,-12.171219
2018-10-03 22:01:30,8541,-1.4565735,2.592636,-8.468597
2018-10-03 22:01:30,8562,-1.7175293,0.41151428,-11.068695
2018-10-03 22:01:30,8581,-0.08229065,0.12541199,-10.344452
2018-10-03 22:01:30,8601,0.04460144,-2.4052582,-10.914276
2018-10-03 22:01:30,8622,-0.22235107,2.1329498,-9.975739
2018-10-03 22:01:30,8641,-0.22714233,1.6972046,-8.583511
2018-10-03 22:01:30,8661,1.6175842,0.5695343,-12.288544
2018-10-03 22:01:30,8681,0.3761902,1.3763733,-4.6642
2018-10-03 22:01:30,8702,-1.7785797,0.5204468,-8.210022
2018-10-03 22:01:30,8721,-1.8851318,2.0479584,-9.924271
2018-10-03 22:01:30,8741,-1.1010284,0.5767212,-10.3671875
2018-10-03 22:01:30,8762,-2.1053925,1.8983154,-8.900742
2018-10-03 22:01:30,8781,-2.5722656,0.58628845,-11.004059
2018-10-03 22:01:31,8801,-0.97772217,0.46658325,-8.751114
2018-10-03 22:01:31,8822,-1.1560974,2.300537,-8.958206
2018-10-03 22:01:31,8841,-1.2518616,1.4637604,-12.122147
2018-10-03 22:01:31,8862,-0.7885895,1.6576996,-12.276566
2018-10-03 22:01:31,8881,-0.47135925,1.524826,-11.02919
2018-10-03 22:01:31,8902,-0.82688904,0.5946655,-11.802521
2018-10-03 22:01:31,8922,-0.006881714,1.2626495,-11.431412
2018-10-03 22:01:31,8941,-0.29537964,-0.93162537,-11.710342
2018-10-03 22:01:31,8962,-0.28819275,1.4290466,-10.166077
2018-10-03 22:01:31,8981,-0.47613525,1.6098175,-10.723923
2018-10-03 22:01:31,9002,-0.68922424,2.4118652,-10.241501
2018-10-03 22:01:31,9021,-2.2598267,-0.42884827,-11.517609
2018-10-03 22:01:31,9042,-1.7330933,-0.6335602,-8.567947
2018-10-03 22:01:31,9061,-1.6457062,2.2897644,-9.214386
2018-10-03 22:01:31,9082,-2.0156097,1.284195,-11.318893
2018-10-03 22:01:31,9101,-0.014053345,1.8228912,-9.858429
2018-10-03 22:01:31,9122,0.04220581,0.8484497,-8.839691
2018-10-03 22:01:31,9141,-0.9729309,1.5284119,-8.139389
2018-10-03 22:01:31,9161,-1.2937622,0.635376,-8.297409
2018-10-03 22:01:31,9182,-0.7945709,1.050766,-9.525635
2018-10-03 22:01:31,9201,0.15353394,1.3883514,-8.923492
2018-10-03 22:01:31,9222,-0.6401367,1.7450867,-9.2634735
2018-10-03 22:01:31,9241,-0.2427063,0.11224365,-9.765045
2018-10-03 22:01:31,9261,-1.4015045,0.07392883,-8.504501
2018-10-03 22:01:31,9282,-0.4557953,-0.0038757324,-9.56514
2018-10-03 22:01:31,9301,-1.3500214,0.28222656,-10.292969
2018-10-03 22:01:31,9321,-1.4541779,0.9131012,-9.915894
2018-10-03 22:01:31,9342,-1.8085175,0.8987427,-9.8129425
2018-10-03 22:01:31,9361,-1.202774,-0.025421143,-10.874771
2018-10-03 22:01:31,9381,-0.668869,0.48693848,-9.217972
2018-10-03 22:01:31,9402,-1.704361,-0.11042786,-8.435074
2018-10-03 22:01:31,9421,-2.059906,2.2430725,-9.873993
2018-10-03 22:01:31,9441,-2.2646027,1.4098969,-11.685196
2018-10-03 22:01:31,9461,0.49230957,1.1728668,-10.63176
2018-10-03 22:01:31,9482,-0.55514526,0.31454468,-9.48732
2018-10-03 22:01:31,9501,-0.7119751,-0.087677,-10.023621
2018-10-03 22:01:31,9521,-1.8983002,0.5216522,-10.055954
2018-10-03 22:01:31,9542,-1.6935883,1.564331,-10.522812
2018-10-03 22:01:31,9561,-1.0986328,2.1951904,-12.225098
2018-10-03 22:01:31,9581,0.21937561,2.2311096,-10.637741
2018-10-03 22:01:31,9602,-0.48213196,0.3061676,-9.337692
2018-10-03 22:01:31,9621,0.045791626,1.2423096,-9.216782
2018-10-03 22:01:31,9641,-1.4445953,0.54678345,-10.306137
2018-10-03 22:01:31,9662,-1.5571289,1.7522736,-10.281006
2018-10-03 22:01:31,9681,-0.7514801,1.2710266,-10.219955
2018-10-03 22:01:31,9702,-1.5008545,1.1920319,-11.255447
2018-10-03 22:01:31,9721,-0.78738403,0.57192993,-10.042786
2018-10-03 22:01:31,9742,-0.97772217,-0.30914307,-10.637741
2018-10-03 22:01:31,9761,-0.4605713,0.8484497,-8.91391
2018-10-03 22:01:31,9781,-1.6157837,1.3153229,-9.972153
2018-10-03 22:01:32,9802,-1.5295868,1.5176392,-9.836884
2018-10-03 22:01:32,9821,-1.1896057,1.0890808,-10.179245
2018-10-03 22:01:32,9841,0.24810791,-0.4420166,-9.294586
2018-10-03 22:01:32,9862,-1.075882,0.4330597,-8.676895
2018-10-03 22:01:32,9881,-1.5523376,0.8484497,-10.158905
2018-10-03 22:01:32,9901,-0.97532654,1.3105316,-8.306976
2018-10-03 22:01:32,9922,-1.2722168,2.0299988,-10.021225
2018-10-03 22:01:32,9941,-0.71076965,0.5994568,-11.254242
2018-10-03 22:01:32,9961,-1.5271912,0.90112305,-8.712799
2018-10-03 22:01:32,9982,-0.58387756,0.7395172,-10.337265
2018-10-03 22:01:32,10001,-1.5834656,-0.5713043,-9.796173
2018-10-03 22:01:32,10021,-0.77900696,1.3859558,-9.141357
2018-10-03 22:01:32,10042,-1.5487366,0.2558899,-9.5603485
2018-10-03 22:01:32,10061,-0.38874817,2.462143,-8.546402
2018-10-03 22:01:32,10081,-0.50128174,1.5966492,-11.807312
2018-10-03 22:01:32,10102,0.65870667,0.4713745,-11.122559
2018-10-03 22:01:32,10121,-0.60302734,1.4601746,-7.898773
2018-10-03 22:01:32,10141,-0.7706299,-0.11280823,-11.004059
2018-10-03 22:01:32,10162,-0.95259094,0.23434448,-9.499298
2018-10-03 22:01:32,10181,-0.7119751,0.60783386,-11.524796
2018-10-03 22:01:32,10201,-0.7766113,2.3256836,-9.717163
2018-10-03 22:01:32,10222,-0.36601257,0.1972351,-9.484924
2018-10-03 22:01:32,10241,-0.94659424,1.2458954,-10.928635
2018-10-03 22:01:32,10261,-0.47613525,0.64375305,-10.992081
2018-10-03 22:01:32,10281,0.084106445,0.53601074,-8.624222
2018-10-03 22:01:32,10302,-1.031601,1.5391846,-8.8349
2018-10-03 22:01:32,10321,-0.7143707,1.0459747,-11.903076
2018-10-03 22:01:32,10341,-0.21517944,1.95578,-9.569931
2018-10-03 22:01:32,10362,-0.7885895,2.0443573,-8.819336
2018-10-03 22:01:32,10381,-1.5080414,1.4098969,-11.033981
2018-10-03 22:01:32,10401,-0.32769775,1.1106262,-9.998489
2018-10-03 22:01:32,10422,-0.82569885,0.89753723,-10.148132
2018-10-03 22:01:32,10441,-1.1680603,1.3177185,-9.929062
2018-10-03 22:01:32,10461,-0.4306488,-0.43363953,-10.896317
2018-10-03 22:01:32,10481,-0.6114197,0.8759918,-11.043549
2018-10-03 22:01:32,10502,0.0050964355,0.21159363,-10.600632
2018-10-03 22:01:32,10522,0.1583252,1.2183685,-8.345291
2018-10-03 22:01:32,10541,-0.70957947,1.0040741,-9.555557
2018-10-03 22:01:32,10561,-0.033218384,0.08590698,-10.240295
2018-10-03 22:01:32,10582,-0.78977966,1.6014404,-8.655334
2018-10-03 22:01:32,10602,-0.8233032,0.5396118,-10.582672
2018-10-03 22:01:32,10621,-1.0076599,2.1317444,-9.587875
2018-10-03 22:01:32,10641,-0.02722168,1.4075012,-9.907501
2018-10-03 22:01:32,10662,-0.21995544,1.1501312,-10.737091
2018-10-03 22:01:32,10681,-0.009277344,0.4606018,-8.964188
2018-10-03 22:01:32,10702,-0.73831177,0.061965942,-10.261856
2018-10-03 22:01:32,10721,-0.3612213,1.035202,-10.947784
2018-10-03 22:01:32,10741,-0.5886688,1.8240967,-9.786606
2018-10-03 22:01:32,10762,-1.1261597,2.0754852,-12.731476
2018-10-03 22:01:32,10781,-0.6150055,0.8221283,-10.745483
2018-10-03 22:01:33,10801,-0.6401367,2.5303802,-7.6473846
2018-10-03 22:01:33,10822,-1.0244141,0.6162262,-12.080246
2018-10-03 22:01:33,10841,-0.20559692,0.8807831,-8.911514
2018-10-03 22:01:33,10862,-0.30136108,-0.25646973,-11.04834
2018-10-03 22:01:33,10881,0.32351685,0.635376,-10.211578
2018-10-03 22:01:33,10901,-0.13616943,0.753891,-8.054398
2018-10-03 22:01:33,10922,-0.3624115,1.0471802,-9.985321
2018-10-03 22:01:33,10941,0.24212646,1.5954437,-11.299728
2018-10-03 22:01:33,10961,-0.011672974,1.6217804,-9.628586
2018-10-03 22:01:33,10981,0.0038909912,1.5631256,-10.312134
2018-10-03 22:01:33,11002,-0.32530212,0.42947388,-10.088272
2018-10-03 22:01:33,11021,0.093673706,0.29299927,-8.997711
2018-10-03 22:01:33,11041,-0.94421387,0.028442383,-9.153336
2018-10-03 22:01:33,11062,-1.3667908,0.4833374,-10.63295
2018-10-03 22:01:33,11081,-0.97772217,1.0256348,-11.066299
2018-10-03 22:01:33,11101,-0.45698547,2.0060577,-9.9913025
2018-10-03 22:01:33,11122,-0.605423,1.2195587,-11.217133
2018-10-03 22:01:33,11141,-0.06314087,2.1269684,-8.788223
2018-10-03 22:01:33,11161,0.15592957,0.43785095,-10.415085
2018-10-03 22:01:33,11182,0.3761902,0.40553284,-8.967789
2018-10-03 22:01:33,11201,-0.30615234,0.45581055,-9.262268
2018-10-03 22:01:33,11221,-1.1812286,0.97654724,-10.558731
2018-10-03 22:01:33,11242,-0.06793213,2.0994263,-8.952225
2018-10-03 22:01:33,11261,-0.26904297,1.40271,-11.26741
2018-10-03 22:01:33,11281,-1.0232086,3.0403442,-9.451416
2018-10-03 22:01:33,11302,0.20022583,1.7618408,-12.365158
2018-10-03 22:01:33,11321,0.21937561,0.8951416,-8.06636
2018-10-03 22:01:33,11341,-0.97532654,0.047592163,-9.897934
2018-10-03 22:01:33,11362,-0.25946045,-0.008666992,-10.8328705
2018-10-03 22:01:33,11381,-1.5080414,2.481308,-8.358459
2018-10-03 22:01:33,11401,-1.2506714,0.7945862,-11.347626
2018-10-03 22:01:33,11422,-0.07989502,2.0910492,-8.316559
2018-10-03 22:01:33,11441,-0.64852905,1.4314423,-11.110596
2018-10-03 22:01:33,11461,2.0856628,3.3779297,-13.379105
2018-10-03 22:01:33,11482,-0.2427063,1.363205,-10.312134
2018-10-03 22:01:33,11501,-1.0830688,1.4553833,-13.098984
2018-10-03 22:01:33,11521,1.0884705,-0.43363953,-10.510849
2018-10-03 22:01:33,11543,0.8179321,1.9976807,-9.214386
2018-10-03 22:01:33,11561,-1.8719635,0.80895996,-12.714706
2018-10-03 22:01:33,11581,-1.0076599,0.90711975,-11.68161
2018-10-03 22:01:33,11601,-1.3560028,1.4206696,-7.9993286
2018-10-03 22:01:33,11621,-2.6057892,1.2039948,-12.98526
2018-10-03 22:01:33,11642,-0.7203522,1.6098175,-8.16333
2018-10-03 22:01:33,11661,-0.023635864,1.6924133,-11.069885
2018-10-03 22:01:33,11681,0.29359436,2.4250336,-10.114609
2018-10-03 22:01:33,11702,0.87179565,1.5559387,-8.614639
2018-10-03 22:01:33,11721,-0.6042328,0.8161316,-11.023209
2018-10-03 22:01:33,11741,-0.26664734,1.8049469,-8.825333
2018-10-03 22:01:33,11761,-0.18884277,-0.58566284,-11.165665
2018-10-03 22:01:33,11782,-1.000473,0.6126251,-9.542389
2018-10-03 22:01:34,11801,-0.03201294,0.6269989,-11.631332
2018-10-03 22:01:34,11821,0.3474579,0.84965515,-7.9083557
2018-10-03 22:01:34,11841,0.16311646,-0.57489014,-6.4418945
2018-10-03 22:01:34,11862,-1.752243,0.99809265,-10.788574
2018-10-03 22:01:34,11881,-0.47494507,2.393921,-10.4461975
2018-10-03 22:01:34,11901,0.7891998,3.0642853,-9.217972
2018-10-03 22:01:34,11922,2.7344818,1.9258423,-11.091446
2018-10-03 22:01:34,11941,1.0717163,0.12062073,-11.968918
2018-10-03 22:01:34,11961,0.5617523,0.5204468,-9.192841
2018-10-03 22:01:34,11982,-0.3121338,-0.25886536,-11.448181
2018-10-03 22:01:34,12001,-0.020050049,1.4194794,-9.294586
2018-10-03 22:01:34,12021,-1.1309509,-0.37738037,-12.263397
2018-10-03 22:01:34,12042,-1.965332,0.06794739,-9.2634735
2018-10-03 22:01:34,12061,0.027832031,1.0435791,-10.7382965
2018-10-03 22:01:34,12081,-0.4186859,2.0407715,-11.486481
2018-10-03 22:01:34,12102,-0.27262878,1.4996796,-8.563156
2018-10-03 22:01:34,12121,1.2428894,1.4446106,-10.946594
2018-10-03 22:01:34,12142,-0.76464844,1.4625702,-9.58548
2018-10-03 22:01:34,12161,0.6802521,0.45581055,-11.973709
2018-10-03 22:01:34,12181,1.0334015,-0.6156006,-8.166916
2018-10-03 22:01:34,12202,1.1710663,0.80895996,-10.837662
2018-10-03 22:01:34,12221,-0.17088318,1.5403748,-9.9362335
2018-10-03 22:01:34,12242,-0.037994385,1.1010437,-6.307831
2018-10-03 22:01:34,12261,1.2189484,0.5096741,-10.3229065
2018-10-03 22:01:34,12282,-1.1692657,0.7155762,-9.000107
2018-10-03 22:01:34,12301,-0.36720276,0.98731995,-9.025238
2018-10-03 22:01:34,12322,-0.5707092,1.9270477,-10.788574
2018-10-03 22:01:34,12341,-0.124191284,0.8759918,-10.211578
2018-10-03 22:01:34,12361,0.3761902,2.5243988,-9.510071
2018-10-03 22:01:34,12382,0.096069336,1.7331085,-10.213959
2018-10-03 22:01:34,12401,0.509079,0.51805115,-11.180023
2018-10-03 22:01:34,12421,-0.19361877,1.3440552,-9.222763
2018-10-03 22:01:34,12441,1.0992432,1.48172,-8.848068
2018-10-03 22:01:34,12462,-1.0124359,1.8803558,-11.719925
2018-10-03 22:01:34,12481,-0.076309204,0.7000122,-9.798569
2018-10-03 22:01:34,12501,-0.0368042,0.54559326,-10.45578
2018-10-03 22:01:34,12521,-0.11820984,1.7798004,-9.099457
2018-10-03 22:01:34,12541,-1.3847351,0.4043274,-12.498032
2018-10-03 22:01:34,12562,-0.8125305,-1.0250092,-9.348465
2018-10-03 22:01:34,12581,-1.4541779,1.56073,-10.77182
2018-10-03 22:01:34,12601,-1.3272858,2.1616821,-11.01123
2018-10-03 22:01:34,12621,0.026641846,0.33610535,-9.375992
2018-10-03 22:01:34,12641,0.09008789,0.37321472,-8.982147
2018-10-03 22:01:34,12662,0.9340515,1.2782135,-11.904266
2018-10-03 22:01:34,12681,0.17268372,1.7450867,-9.275436
2018-10-03 22:01:34,12701,-0.72991943,1.3739777,-10.042786
2018-10-03 22:01:34,12721,-0.08589172,-0.11999512,-11.302124
2018-10-03 22:01:34,12742,0.21697998,1.2470856,-10.137344
2018-10-03 22:01:34,12761,-1.2219391,1.2602539,-10.935822
2018-10-03 22:01:34,12781,0.7472992,1.7235413,-9.325714
2018-10-03 22:01:35,12801,0.32351685,-0.5246124,-11.026794
2018-10-03 22:01:35,12821,-0.6976013,1.8863373,-9.064743
2018-10-03 22:01:35,12842,0.45880127,0.81015015,-10.332474
2018-10-03 22:01:35,12861,-0.18405151,-0.052963257,-11.508026
2018-10-03 22:01:35,12881,-0.14334106,0.5910797,-8.544006
2018-10-03 22:01:35,12902,-0.1852417,-0.17027283,-11.84082
2018-10-03 22:01:35,12922,-0.18165588,1.0806885,-9.9362335
2018-10-03 22:01:35,12941,-0.8137207,0.77783203,-9.8572235
2018-10-03 22:01:35,12961,-0.2786255,1.0830841,-11.20636
2018-10-03 22:01:35,12982,-1.1249695,1.4230652,-10.219955
2018-10-03 22:01:35,13001,-0.9250488,1.0495758,-9.698013
2018-10-03 22:01:35,13022,-0.80415344,0.62220764,-9.384369
2018-10-03 22:01:35,13041,-0.28579712,2.4082794,-11.464935
2018-10-03 22:01:35,13061,0.27923584,2.058731,-10.9908905
2018-10-03 22:01:35,13082,0.86820984,1.8013458,-10.55275
2018-10-03 22:01:35,13101,0.17747498,1.9617615,-9.446625
2018-10-03 22:01:35,13121,-0.5252228,-0.25526428,-9.873993
2018-10-03 22:01:35,13142,0.14276123,0.65093994,-9.747101
2018-10-03 22:01:35,13161,-1.0854645,0.86761475,-10.816101
2018-10-03 22:01:35,13181,-0.83647156,0.6641083,-10.729919
2018-10-03 22:01:35,13202,-0.008071899,1.3237,-9.076721
2018-10-03 22:01:35,13221,-0.8747711,0.5695343,-10.12059
2018-10-03 22:01:35,13242,-0.7921753,0.75149536,-9.853638
2018-10-03 22:01:35,13261,-0.16130066,1.5475616,-9.5208435
2018-10-03 22:01:35,13281,-1.3188934,1.0998535,-9.757874
2018-10-03 22:01:35,13302,-0.16848755,0.8735962,-8.904343
2018-10-03 22:01:35,13321,-0.8340759,1.4793243,-8.777451
2018-10-03 22:01:35,13341,-0.47135925,1.30336,-8.982147
2018-10-03 22:01:35,13362,-0.18284607,0.1972351,-9.241913
2018-10-03 22:01:35,13382,-0.6150055,0.74072266,-9.672882
2018-10-03 22:01:35,13401,-0.78619385,0.88557434,-10.686813
2018-10-03 22:01:35,13421,-0.5180359,1.0938568,-9.099457
2018-10-03 22:01:35,13442,-1.0902557,1.0914612,-8.054398
2018-10-03 22:01:35,13461,-0.19841003,1.2447052,-11.245865
2018-10-03 22:01:35,13481,1.0848846,1.8240967,-10.082291
2018-10-03 22:01:35,13502,0.22895813,1.5667114,-9.207199
2018-10-03 22:01:35,13521,-0.4414215,0.5156708,-9.571121
2018-10-03 22:01:35,13541,-1.6528931,0.2331543,-10.010452
2018-10-03 22:01:35,13562,-1.3548126,1.7271271,-11.673233
2018-10-03 22:01:35,13581,-1.5152283,1.0052795,-10.938217
2018-10-03 22:01:35,13602,-0.97772217,0.62220764,-9.0264435
2018-10-03 22:01:35,13621,-0.8723755,0.8292999,-11.636124
2018-10-03 22:01:35,13641,-0.8915405,1.2686462,-10.762238
2018-10-03 22:01:35,13661,-1.2207336,0.89753723,-8.553589
2018-10-03 22:01:35,13681,-2.0982056,1.2854004,-10.837662
2018-10-03 22:01:35,13701,-1.1034241,1.679245,-11.463745
2018-10-03 22:01:35,13722,-0.4845276,0.67607117,-11.578659
2018-10-03 22:01:35,13741,-0.17207336,1.4003143,-8.200439
2018-10-03 22:01:35,13761,-1.9761047,0.9214783,-9.044403
2018-10-03 22:01:35,13782,-1.0938416,0.95739746,-11.059113
2018-10-03 22:01:36,13801,-0.90948486,2.0024567,-8.826523
2018-10-03 22:01:36,13822,-0.7335205,0.4653778,-8.229172
2018-10-03 22:01:36,13841,-0.7227478,1.8755646,-10.616196
2018-10-03 22:01:36,13861,-0.21038818,0.7790222,-8.402756
2018-10-03 22:01:36,13881,-0.8723755,0.6880493,-8.729553
2018-10-03 22:01:36,13902,-1.0076599,0.83169556,-9.292191
2018-10-03 22:01:36,13921,-1.0232086,1.4889069,-11.227905
2018-10-03 22:01:36,13941,-0.43902588,0.08709717,-9.356842
2018-10-03 22:01:36,13962,-0.94181824,0.49890137,-8.858841
2018-10-03 22:01:36,13981,-1.4002991,0.09786987,-9.815338
2018-10-03 22:01:36,14002,-1.5714874,0.3564453,-10.000885
2018-10-03 22:01:36,14021,-1.4122772,0.88197327,-7.9346924
2018-10-03 22:01:36,14041,-1.4098816,0.75149536,-11.150101
2018-10-03 22:01:36,14062,-0.2786255,1.2255402,-9.077911
2018-10-03 22:01:36,14081,-0.69281006,1.6038208,-10.751465
2018-10-03 22:01:36,14102,-0.8137207,1.1393585,-9.296982
2018-10-03 22:01:36,14121,-1.4805145,1.0483704,-9.354446
2018-10-03 22:01:36,14141,-1.7091522,0.8292999,-10.759842
2018-10-03 22:01:36,14162,-1.178833,0.13618469,-9.84166
2018-10-03 22:01:36,14181,-0.8891449,1.7857819,-8.89595
2018-10-03 22:01:36,14201,-0.6066284,0.1984253,-11.309311
2018-10-03 22:01:36,14222,-1.0040588,0.6676941,-11.202774
2018-10-03 22:01:36,14241,-0.4414215,1.2039948,-9.589081
2018-10-03 22:01:36,14261,-0.8220978,-0.039794922,-9.711182
2018-10-03 22:01:36,14282,-0.9537811,0.24032593,-9.32811
2018-10-03 22:01:36,14301,-1.9976501,-0.92445374,-10.31572
2018-10-03 22:01:36,14321,-0.5934601,0.59347534,-11.609787
2018-10-03 22:01:36,14342,0.04220581,0.6018524,-10.59465
2018-10-03 22:01:36,14361,-0.6257782,-0.65390015,-9.201218
2018-10-03 22:01:36,14381,-0.46296692,-0.19181824,-9.573517
2018-10-03 22:01:36,14402,-0.23312378,0.8664093,-11.186005
2018-10-03 22:01:36,14421,-0.6461334,1.1561127,-7.727585
2018-10-03 22:01:36,14441,-1.0256042,-0.21936035,-8.247131
2018-10-03 22:01:36,14462,-0.93582153,-0.19421387,-9.714767
2018-10-03 22:01:36,14481,-0.75865173,1.5128479,-10.235519
2018-10-03 22:01:36,14501,-0.33728027,0.26905823,-10.79097
2018-10-03 22:01:36,14522,-1.5798645,-0.049362183,-9.513657
2018-10-03 22:01:36,14541,-0.9011078,0.3456726,-10.31572
2018-10-03 22:01:36,14561,-0.5276184,-0.045776367,-10.786179
2018-10-03 22:01:36,14581,-0.6114197,0.7060089,-8.364441
2018-10-03 22:01:36,14602,-0.65211487,1.3919373,-10.725128
2018-10-03 22:01:36,14622,-1.7295074,1.1872406,-11.193192
2018-10-03 22:01:36,14641,-0.8747711,0.6784668,-10.611404
2018-10-03 22:01:36,14661,-0.80773926,0.9789429,-9.356842
2018-10-03 22:01:36,14681,-1.7378845,0.6269989,-11.271011
2018-10-03 22:01:36,14701,-1.3691711,0.017669678,-10.351639
2018-10-03 22:01:36,14722,-0.9549866,0.45700073,-10.424652
2018-10-03 22:01:36,14741,-1.1692657,0.7670593,-11.215942
2018-10-03 22:01:36,14762,-0.76104736,-0.1391449,-10.2379
2018-10-03 22:01:36,14782,-1.3069305,0.88197327,-8.940247
2018-10-03 22:01:37,14802,-1.213562,-0.94958496,-11.546341
2018-10-03 22:01:37,14822,-0.9980774,0.48094177,-9.862015
2018-10-03 22:01:37,14841,-1.7007751,-0.11161804,-8.9713745
2018-10-03 22:01:37,14861,-0.8639984,0.6581116,-8.275864
2018-10-03 22:01:37,14882,-1.0100403,-0.44441223,-10.874771
2018-10-03 22:01:37,14901,-0.33728027,0.48573303,-10.219955
2018-10-03 22:01:37,14921,-1.3883362,0.26426697,-9.434647
2018-10-03 22:01:37,14942,-1.2243347,0.6162262,-10.10144
2018-10-03 22:01:37,14961,-0.85562134,-0.4779358,-10.564713
2018-10-03 22:01:37,14981,-0.73831177,1.3536377,-8.795395
2018-10-03 22:01:37,15002,-1.5954285,-0.18104553,-10.697601
2018-10-03 22:01:37,15021,-0.3336792,0.47735596,-10.450989
2018-10-03 22:01:37,15041,-1.036377,-0.37857056,-10.814911
2018-10-03 22:01:37,15061,-1.2159424,0.9741516,-10.227127
2018-10-03 22:01:37,15082,-1.743866,-0.5713043,-11.370361
2018-10-03 22:01:37,15101,-0.40670776,-0.2935791,-11.22551
2018-10-03 22:01:37,15121,-0.5766907,0.05836487,-8.899551
2018-10-03 22:01:37,15141,-1.4972687,-1.3925171,-10.546753
2018-10-03 22:01:37,15162,-0.63175964,-0.59165955,-10.084671
2018-10-03 22:01:37,15181,-1.1489105,0.11463928,-9.393951
2018-10-03 22:01:37,15201,-0.73591614,0.21159363,-10.247482
2018-10-03 22:01:37,15221,-1.1094055,-0.5892639,-10.222351
2018-10-03 22:01:37,15242,-1.0447693,-0.1894226,-9.08989
2018-10-03 22:01:37,15261,-1.3883362,-0.4312439,-11.657669
2018-10-03 22:01:37,15282,-0.43423462,-0.42526245,-10.649704
2018-10-03 22:01:37,15301,-0.5970459,-0.70059204,-9.119812
2018-10-03 22:01:37,15321,-0.7993622,-0.65390015,-9.767441
2018-10-03 22:01:37,15341,-0.3983307,-0.8322754,-10.370789
2018-10-03 22:01:37,15362,-1.0423737,-0.38575745,-10.05835
2018-10-03 22:01:37,15381,-1.3739624,-0.71495056,-10.368393
2018-10-03 22:01:37,15401,-0.937027,-0.36061096,-10.152908
2018-10-03 22:01:37,15421,-1.625351,-0.53538513,-9.7782135
2018-10-03 22:01:37,15442,-0.9286499,-0.6946106,-11.060318
2018-10-03 22:01:37,15461,-0.48213196,-0.33666992,-10.478531
2018-10-03 22:01:37,15481,-0.60902405,-0.99269104,-9.700409
2018-10-03 22:01:37,15502,-0.70358276,-1.4427948,-9.526825
2018-10-03 22:01:37,15521,-0.9406128,-0.8430481,-10.4066925
2018-10-03 22:01:37,15542,-1.3655853,-0.41567993,-10.231918
2018-10-03 22:01:37,15561,-0.7730255,-0.62516785,-9.207199
2018-10-03 22:01:37,15582,-1.2638397,0.10626221,-9.845261
2018-10-03 22:01:37,15601,-0.31692505,-1.1674652,-11.086655
2018-10-03 22:01:37,15621,-1.2542572,-0.35821533,-9.981735
2018-10-03 22:01:37,15642,-1.2985535,-1.1806335,-9.947006
2018-10-03 22:01:37,15661,-0.9477997,-0.6263733,-9.573517
2018-10-03 22:01:37,15681,-1.336853,0.39476013,-9.871597
2018-10-03 22:01:37,15702,-1.4733276,-0.7388916,-11.321289
2018-10-03 22:01:37,15721,-0.7730255,-0.51623535,-10.19841
2018-10-03 22:01:37,15742,-0.61021423,-0.43603516,-10.816101
2018-10-03 22:01:37,15761,-1.3823395,-1.1997833,-10.860397
2018-10-03 22:01:37,15781,-0.90231323,-0.36540222,-10.302551
2018-10-03 22:01:38,15802,-1.3572083,-0.9029083,-12.343613
2018-10-03 22:01:38,15821,-0.64852905,-0.62039185,-10.885544
2018-10-03 22:01:38,15842,-0.82688904,-0.62516785,-11.005249
2018-10-03 22:01:38,15861,-0.80892944,-0.8167114,-9.355637
2018-10-03 22:01:38,15881,-0.76942444,-0.92684937,-9.423874
2018-10-03 22:01:38,15902,-1.0699005,-0.9148712,-11.04834
2018-10-03 22:01:38,15921,-1.4410095,-0.6993866,-9.62619
2018-10-03 22:01:38,15941,-0.52641296,-0.9507904,-11.140518
2018-10-03 22:01:38,15961,-0.81851196,-0.9831085,-10.281006
2018-10-03 22:01:38,15981,-0.6437378,-0.95677185,-9.574707
2018-10-03 22:01:38,16002,-0.9980774,-0.7783966,-10.626968
2018-10-03 22:01:38,16021,-0.7526703,-0.7772064,-10.7382965
2018-10-03 22:01:38,16041,-0.6652832,-0.41926575,-9.197632
2018-10-03 22:01:38,16062,-1.1824341,-1.4188538,-9.253891
2018-10-03 22:01:38,16081,-1.0962372,-1.5637054,-10.733505
2018-10-03 22:01:38,16101,-1.4015045,-1.1028137,-10.606613
2018-10-03 22:01:38,16121,-0.56951904,-1.0058594,-10.878357
2018-10-03 22:01:38,16142,-0.5419769,-1.1938019,-9.447815
2018-10-03 22:01:38,16161,-0.842453,-1.0321808,-9.246704
2018-10-03 22:01:38,16181,-0.6748657,-1.4320221,-10.87117
2018-10-03 22:01:38,16202,-0.7730255,-1.7169342,-10.697601
2018-10-03 22:01:38,16221,-0.36361694,-1.0884552,-9.818924
2018-10-03 22:01:38,16241,-1.1477203,-1.2955475,-10.477325
2018-10-03 22:01:38,16262,-0.82928467,-1.1064148,-9.926666
2018-10-03 22:01:38,16281,-0.7945709,-1.4966583,-10.611404
2018-10-03 22:01:38,16301,-1.1800385,-0.87057495,-9.420288
2018-10-03 22:01:38,16322,-1.1537018,-1.1279602,-11.375153
2018-10-03 22:01:38,16341,-0.8999176,-1.2524567,-10.880753
2018-10-03 22:01:38,16362,-1.0088501,-1.3135071,-9.851242
2018-10-03 22:01:38,16382,-0.7263336,-1.123169,-10.971725
2018-10-03 22:01:38,16401,-0.89393616,-1.1100006,-10.919052
2018-10-03 22:01:38,16421,-1.0926514,-0.87657166,-9.753082
2018-10-03 22:01:38,16442,-0.85443115,-1.5732727,-10.630554
2018-10-03 22:01:38,16461,-0.881958,-0.3558197,-10.587463
2018-10-03 22:01:38,16482,-1.2470703,-1.6451111,-10.385147
2018-10-03 22:01:38,16501,-0.69999695,-0.8215027,-9.030029
2018-10-03 22:01:38,16522,-1.3835449,-1.1291504,-10.342056
2018-10-03 22:01:38,16541,-0.6664734,-1.3637848,-10.782593
2018-10-03 22:01:38,16562,-1.3631897,-0.9412079,-8.830124
2018-10-03 22:01:38,16581,-1.4421997,-1.4822998,-11.005249
2018-10-03 22:01:38,16601,-0.79815674,-0.49349976,-9.662109
2018-10-03 22:01:38,16622,-0.41149902,-1.4822998,-10.227127
2018-10-03 22:01:38,16641,-0.21755981,-0.83825684,-9.72435
2018-10-03 22:01:38,16661,-0.55514526,-0.9914856,-10.758652
2018-10-03 22:01:38,16681,-1.0411682,-0.5904541,-10.569504
2018-10-03 22:01:38,16701,-1.2913666,-0.9543762,-10.57309
2018-10-03 22:01:38,16721,-1.0279999,-0.77241516,-9.956589
2018-10-03 22:01:38,16742,-1.0136414,-1.5397644,-9.732727
2018-10-03 22:01:38,16761,-1.5128326,-1.2991486,-11.347626
2018-10-03 22:01:38,16781,-0.6365509,-1.0274048,-10.43782
2018-10-03 22:01:39,16801,-1.0986328,-1.092041,-10.021225
2018-10-03 22:01:39,16821,-0.9106903,-0.8861389,-11.211151
2018-10-03 22:01:39,16841,-0.43902588,-1.0561371,-9.8177185
2018-10-03 22:01:39,16862,-0.72154236,0.22476196,-9.472961
2018-10-03 22:01:39,16881,-0.8508301,-2.1143646,-11.182419
2018-10-03 22:01:39,16901,-0.8137207,-0.850235,-10.249878
2018-10-03 22:01:39,16922,-1.5834656,-1.0309906,-10.314514
2018-10-03 22:01:39,16942,-1.510437,-1.0465546,-10.417465
2018-10-03 22:01:39,16961,-1.1932068,-0.008666992,-10.365997
2018-10-03 22:01:39,16981,-1.1776428,-1.0429688,-8.937851
2018-10-03 22:01:39,17001,-1.4601593,-1.2943573,-10.721542
2018-10-03 22:01:39,17022,-1.1524963,-1.5194092,-10.312134
2018-10-03 22:01:39,17041,-1.1752472,-1.1578827,-9.264664
2018-10-03 22:01:39,17062,-1.9533691,-0.5258179,-11.26741
2018-10-03 22:01:39,17081,-1.6277466,-0.1738739,-9.241913
2018-10-03 22:01:39,17101,-1.3727722,0.1182251,-10.285797
2018-10-03 22:01:39,17121,-1.0866547,0.26068115,-10.326492
2018-10-03 22:01:39,17142,-0.58387756,1.2674408,-8.906738
2018-10-03 22:01:39,17162,-0.93104553,0.43666077,-9.835678
2018-10-03 22:01:39,17181,-0.090667725,-0.048171997,-8.533234
2018-10-03 22:01:39,17202,-0.52641296,0.6246033,-9.261078
2018-10-03 22:01:39,17221,-0.0056762695,0.6246033,-10.877167
2018-10-03 22:01:39,17241,-0.466568,0.6880493,-9.055176
2018-10-03 22:01:39,17262,-1.0303955,0.22836304,-10.521622
2018-10-03 22:01:39,17281,-1.1129913,0.8185272,-11.593033
2018-10-03 22:01:39,17301,-1.3979034,1.0220337,-10.2798
2018-10-03 22:01:39,17322,-0.5467682,0.23075867,-9.820114
2018-10-03 22:01:39,17342,-1.2530518,1.7546692,-9.729141
2018-10-03 22:01:39,17361,-0.9873047,0.25230408,-12.040741
2018-10-03 22:01:39,17381,-0.4234619,1.2267456,-9.075516
2018-10-03 22:01:39,17402,-1.1560974,-0.021835327,-10.373184
2018-10-03 22:01:39,17421,-0.5958557,0.49531555,-10.567108
2018-10-03 22:01:39,17441,-0.82928467,0.35765076,-9.938629
2018-10-03 22:01:39,17461,-0.61021423,0.7766266,-9.399933
2018-10-03 22:01:39,17482,-1.3751678,0.35046387,-10.017639
2018-10-03 22:01:39,17501,-1.2446747,-0.054153442,-10.941803
2018-10-03 22:01:39,17522,-1.1321564,1.22435,-9.674072
2018-10-03 22:01:39,17541,-1.3991089,1.1644897,-11.162064
2018-10-03 22:01:39,17561,-0.976532,-0.2073822,-9.709991
2018-10-03 22:01:39,17582,-0.89393616,0.30976868,-8.740341
2018-10-03 22:01:39,17601,-0.8568115,0.4653778,-9.324524
2018-10-03 22:01:39,17621,-1.8611908,0.698822,-7.636612
2018-10-03 22:01:39,17642,-1.3117218,-0.15470886,-10.532394
2018-10-03 22:01:39,17661,-0.77900696,0.78141785,-9.15094
2018-10-03 22:01:39,17681,-1.4050903,0.14216614,-9.283813
2018-10-03 22:01:39,17702,-1.2865753,0.034423828,-9.4023285
2018-10-03 22:01:39,17721,-1.649292,0.5419922,-9.806946
2018-10-03 22:01:39,17741,-1.1321564,0.80895996,-9.353256
2018-10-03 22:01:39,17761,-0.9801178,0.55278015,-9.690826
2018-10-03 22:01:39,17781,-0.3336792,1.2913818,-7.50972
2018-10-03 22:01:40,17801,-0.78019714,-0.4827118,-10.071503
2018-10-03 22:01:40,17821,-0.49169922,0.68444824,-9.508865
2018-10-03 22:01:40,17841,-0.26185608,0.5084839,-8.180084
2018-10-03 22:01:40,17862,-0.67126465,-0.97592163,-9.993698
2018-10-03 22:01:40,17881,-0.5467682,1.1393585,-8.697235
2018-10-03 22:01:40,17901,-1.4517822,0.12541199,-10.94899
2018-10-03 22:01:40,17922,-0.91308594,-0.12837219,-9.586685
2018-10-03 22:01:40,17941,-1.1716614,0.1984253,-9.330505
2018-10-03 22:01:40,17961,-1.6744385,0.753891,-11.017227
2018-10-03 22:01:40,17981,-1.0567322,-0.14035034,-9.523239
2018-10-03 22:01:40,18002,-1.4852905,-0.12837219,-11.771393
2018-10-03 22:01:40,18022,-0.9501953,0.0056915283,-11.687592
2018-10-03 22:01:40,18041,-1.158493,0.7359314,-10.23671
2018-10-03 22:01:40,18062,-1.2398834,-0.15351868,-11.949768
2018-10-03 22:01:40,18081,-0.07749939,0.25349426,-10.172073
2018-10-03 22:01:40,18102,-0.5599365,0.49890137,-10.087067
2018-10-03 22:01:40,18121,-1.163269,1.3213196,-11.087845
2018-10-03 22:01:40,18142,-1.1273651,0.16850281,-10.556335
2018-10-03 22:01:40,18161,-1.1453247,0.41630554,-10.155304
2018-10-03 22:01:40,18181,-0.6616974,2.0168304,-11.614578
2018-10-03 22:01:40,18202,-0.5575409,2.2490692,-9.013275
2018-10-03 22:01:40,18221,-0.31692505,-0.34625244,-8.131012
2018-10-03 22:01:40,18242,-0.37678528,1.8995056,-9.344864
2018-10-03 22:01:40,18261,-0.8963165,2.6536865,-8.551193
2018-10-03 22:01:40,18281,-0.19721985,0.95858765,-10.241501
2018-10-03 22:01:40,18302,-0.9501953,0.7251587,-10.689209
2018-10-03 22:01:40,18321,-1.0543365,2.7482605,-11.334457
2018-10-03 22:01:40,18342,-0.83647156,0.659317,-9.97934
2018-10-03 22:01:40,18361,-0.26306152,0.30377197,-10.993271
2018-10-03 22:01:40,18381,-1.6409149,0.8735962,-11.555908
2018-10-03 22:01:40,18401,-0.114608765,0.27983093,-10.971725
2018-10-03 22:01:40,18422,-1.0028687,0.61383057,-7.549225
2018-10-03 22:01:40,18441,-1.7139435,0.38398743,-10.740692
2018-10-03 22:01:40,18461,-1.4146729,2.5507355,-10.5012665
2018-10-03 22:01:40,18482,-1.2602386,1.5308075,-9.739914
2018-10-03 22:01:40,18501,-0.73231506,1.3955383,-9.088684
2018-10-03 22:01:40,18521,-0.9884949,0.9274597,-9.438248
2018-10-03 22:01:40,18542,-0.960968,0.70121765,-10.649704
2018-10-03 22:01:40,18561,-0.92744446,1.3608093,-8.712799
2018-10-03 22:01:40,18581,-1.0220184,1.6038208,-9.759064
2018-10-03 22:01:40,18601,-0.68084717,1.8600006,-10.25946
2018-10-03 22:01:40,18622,-0.36480713,1.8204956,-9.464584
2018-10-03 22:01:40,18641,-0.7131653,1.3344727,-9.423874
2018-10-03 22:01:40,18661,-0.5886688,1.0316162,-10.365997
2018-10-03 22:01:40,18682,-0.6916199,1.4003143,-9.762665
2018-10-03 22:01:40,18701,-1.118988,1.4326477,-10.8328705
2018-10-03 22:01:40,18721,-0.9262543,2.0287933,-10.504868
2018-10-03 22:01:40,18741,-0.88674927,1.3332825,-9.651321
2018-10-03 22:01:40,18762,-0.66049194,0.94662476,-11.397903
2018-10-03 22:01:40,18781,-0.91308594,0.9741516,-9.800964
2018-10-03 22:01:41,18801,-0.8891449,1.1429443,-10.349243
2018-10-03 22:01:41,18822,-0.8963165,1.5834808,-11.543945
2018-10-03 22:01:41,18841,-0.8496399,1.8743744,-9.239532
2018-10-03 22:01:41,18861,-0.7131653,1.2303314,-10.015244
2018-10-03 22:01:41,18882,-0.7311249,0.9202881,-10.122986
2018-10-03 22:01:41,18901,-1.0016632,1.6134033,-9.689636
2018-10-03 22:01:41,18921,-0.5431824,0.916687,-9.933838
2018-10-03 22:01:41,18942,-0.98132324,1.3153229,-9.682449
2018-10-03 22:01:41,18961,-0.91667175,1.3320923,-10.252274
2018-10-03 22:01:41,18982,-0.73950195,1.0603485,-9.931442
2018-10-03 22:01:41,19001,-0.16369629,1.2434998,-10.130173
2018-10-03 22:01:41,19021,-0.6940155,0.83529663,-10.20079
2018-10-03 22:01:41,19041,-0.40312195,0.22836304,-10.113403
2018-10-03 22:01:41,19062,0.009887695,0.2259674,-9.699219
2018-10-03 22:01:41,19081,-0.41029358,1.0220337,-10.114609
2018-10-03 22:01:41,19102,-0.7909851,0.8161316,-10.520416
2018-10-03 22:01:41,19121,-0.39474487,0.7766266,-9.676468
2018-10-03 22:01:41,19142,-0.37078857,0.7826233,-9.549576
2018-10-03 22:01:41,19161,-0.4593811,0.2654724,-9.699219
2018-10-03 22:01:41,19182,-0.5766907,-0.56651306,-9.744705
2018-10-03 22:01:41,19201,-0.7658386,1.0806885,-10.004471
2018-10-03 22:01:41,19221,-0.59465027,-0.1786499,-10.507248
2018-10-03 22:01:41,19242,-0.1457367,0.4725647,-9.749496
2018-10-03 22:01:41,19261,-0.23672485,0.10266113,-9.926666
2018-10-03 22:01:41,19281,0.024246216,-0.49588013,-10.137344
2018-10-03 22:01:41,19302,0.1978302,0.008087158,-8.995316
2018-10-03 22:01:41,19321,-0.39234924,0.08590698,-9.867996
2018-10-03 22:01:41,19341,-0.27262878,0.78860474,-9.3233185
2018-10-03 22:01:41,19361,-0.49050903,0.32652283,-10.1888275
2018-10-03 22:01:41,19382,-0.11820984,0.18048096,-10.5252075
2018-10-03 22:01:41,19401,-0.70358276,0.36961365,-9.478943
2018-10-03 22:01:41,19421,-0.20201111,0.4797516,-9.623795
2018-10-03 22:01:41,19442,-0.14334106,-0.4060974,-12.126938
2018-10-03 22:01:41,19461,0.06375122,0.47496033,-8.279449
2018-10-03 22:01:41,19481,-0.10383606,0.38996887,-10.878357
2018-10-03 22:01:41,19502,0.18226624,-1.3159027,-12.444168
2018-10-03 22:01:41,19521,-0.23551941,0.24990845,-10.150513
2018-10-03 22:01:41,19541,-0.4701538,-1.7636108,-12.65126
2018-10-03 22:01:41,19562,-0.10623169,-0.4025116,-9.996094
2018-10-03 22:01:41,19581,-0.9477997,-0.65989685,-10.284592
2018-10-03 22:01:41,19601,-0.763443,-0.63235474,-10.860397
2018-10-03 22:01:41,19622,-0.93582153,-0.2181549,-9.246704
2018-10-03 22:01:41,19641,-1.3895264,-0.54496765,-11.767807
2018-10-03 22:01:41,19662,-0.7562561,-0.09844971,-11.2087555
2018-10-03 22:01:41,19681,-0.22235107,-1.3494263,-9.142563
2018-10-03 22:01:41,19701,-0.87716675,-0.8035431,-9.016861
2018-10-03 22:01:41,19721,-0.8963165,0.09309387,-9.31015
2018-10-03 22:01:41,19742,-0.9430084,-0.7460785,-9.121017
2018-10-03 22:01:41,19761,-1.0172272,-0.21936035,-8.888779
2018-10-03 22:01:41,19781,-0.24510193,-0.5940552,-10.194809
2018-10-03 22:01:42,19802,-0.095458984,-0.5401764,-9.375992
2018-10-03 22:01:42,19821,-0.14813232,-0.6946106,-10.778992
2018-10-03 22:01:42,19842,0.13438416,-0.53538513,-9.1892395
2018-10-03 22:01:42,19861,-0.22235107,-0.1846466,-9.523239
2018-10-03 22:01:42,19882,-0.31692505,-0.95796204,-10.6138
2018-10-03 22:01:42,19901,-0.7514801,-0.5653229,-9.0659485
2018-10-03 22:01:42,19921,-0.90231323,0.6497345,-9.525635
2018-10-03 22:01:42,19942,-0.47254944,-0.5605316,-10.746674
2018-10-03 22:01:42,19961,0.24450684,1.1956177,-9.455002
2018-10-03 22:01:42,19982,-0.17088318,-0.38215637,-9.931442
2018-10-03 22:01:42,20001,0.06854248,-0.10203552,-9.610626
2018-10-03 22:01:42,20021,0.13796997,0.9095154,-10.643723
2018-10-03 22:01:42,20042,0.19303894,0.4725647,-11.351212
2018-10-03 22:01:42,20061,0.9388275,0.049987793,-9.96257
2018-10-03 22:01:42,20081,1.2632446,0.061965942,-10.520416
2018-10-03 22:01:42,20102,0.26846313,1.1034393,-11.2482605
2018-10-03 22:01:42,20121,0.098464966,-0.41448975,-10.593445
2018-10-03 22:01:42,20141,-0.022445679,-0.4887085,-10.532394
2018-10-03 22:01:42,20162,0.37379456,1.8300781,-10.448593
2018-10-03 22:01:42,20181,-0.40072632,0.028442383,-11.7426605
2018-10-03 22:01:42,20201,-0.10623169,0.16850281,-11.134537
2018-10-03 22:01:42,20222,-0.28579712,-0.07330322,-10.374374
2018-10-03 22:01:42,20241,-1.5080414,0.7957916,-10.561127
2018-10-03 22:01:42,20261,-1.5236053,0.37680054,-9.768646
2018-10-03 22:01:42,20282,-2.1448975,0.31454468,-9.908707
2018-10-03 22:01:42,20301,-1.6876068,-0.08169556,-12.002441
2018-10-03 22:01:42,20321,-1.9605408,0.89993286,-10.065521
2018-10-03 22:01:42,20342,-0.89512634,-0.6383362,-9.911102
2018-10-03 22:01:42,20361,0.05656433,-0.7377014,-9.112625
2018-10-03 22:01:42,20381,0.31874084,1.8995056,-7.916733
2018-10-03 22:01:42,20401,-0.3612213,0.40911865,-9.154526
2018-10-03 22:01:42,20421,0.18585205,0.2989807,-9.953003
2018-10-03 22:01:42,20441,-0.07272339,-0.1738739,-8.672104
2018-10-03 22:01:42,20461,-0.5132446,-0.67544556,-9.702805
2018-10-03 22:01:42,20481,0.46238708,-1.0250092,-7.910736
2018-10-03 22:01:42,20501,0.11642456,-0.9124756,-8.186081
2018-10-03 22:01:42,20522,1.4631653,0.74909973,-9.974548
2018-10-03 22:01:42,20542,-0.44023132,0.27624512,-5.9163666
2018-10-03 22:01:42,20561,-0.83647156,-0.73651123,-9.086304
2018-10-03 22:01:42,20582,-0.55874634,-1.1111908,-10.571899
2018-10-03 22:01:42,20601,-0.91308594,1.7666321,-8.275864
2018-10-03 22:01:42,20621,-1.115387,0.36961365,-11.059113
2018-10-03 22:01:42,20642,-0.5934601,0.16731262,-11.311707
2018-10-03 22:01:42,20661,-0.42945862,0.8652191,-9.7854
2018-10-03 22:01:42,20681,0.20381165,0.3923645,-8.369232
2018-10-03 22:01:42,20702,-0.29058838,0.33370972,-9.469376
2018-10-03 22:01:42,20721,0.24092102,2.1197815,-10.379166
2018-10-03 22:01:42,20741,0.03262329,1.8444519,-11.250656
2018-10-03 22:01:42,20762,-0.002090454,0.5156708,-11.454163
2018-10-03 22:01:42,20781,-0.016448975,1.3488464,-9.80455
2018-10-03 22:01:43,20801,-1.2865753,0.7455139,-12.31488
2018-10-03 22:01:43,20822,-1.3536224,2.173645,-10.43782
2018-10-03 22:01:43,20841,-0.6006317,1.7355042,-9.9517975
2018-10-03 22:01:43,20862,-0.69641113,-0.0146484375,-12.708725
2018-10-03 22:01:43,20881,0.031433105,2.9709167,-8.032852
2018-10-03 22:01:43,20902,-1.277008,1.813324,-13.098984
2018-10-03 22:01:43,20921,0.5054779,-0.15710449,-11.958145
2018-10-03 22:01:43,20941,-0.4773407,1.4362335,-7.522888
2018-10-03 22:01:43,20961,-0.6473236,1.3332825,-12.973282
2018-10-03 22:01:43,20982,-0.9142761,0.21279907,-10.978912
2018-10-03 22:01:43,21001,0.14634705,0.72036743,-10.75386
2018-10-03 22:01:43,21021,-1.3979034,0.38638306,-9.5998535
2018-10-03 22:01:43,21042,-1.8767548,1.5391846,-9.674072
2018-10-03 22:01:43,21061,-1.1441193,1.4098969,-11.105804
2018-10-03 22:01:43,21081,-1.4326172,1.0699158,-9.870392
2018-10-03 22:01:43,21101,-1.3703766,0.60543823,-10.160095
2018-10-03 22:01:43,21122,-1.4936829,1.1106262,-10.1577
2018-10-03 22:01:43,21141,-1.016037,0.17687988,-10.409088
2018-10-03 22:01:43,21161,-0.15292358,2.1568909,-10.100235
2018-10-03 22:01:43,21182,-1.7929535,0.16610718,-11.195587
2018-10-03 22:01:43,21201,0.61561584,0.8484497,-8.448242
2018-10-03 22:01:43,21221,0.09727478,0.8951416,-11.085449
2018-10-03 22:01:43,21242,0.6108246,2.6129913,-10.079895
2018-10-03 22:01:43,21261,0.8634186,0.6389618,-7.804199
2018-10-03 22:01:43,21282,0.5641327,-0.17027283,-9.800964
2018-10-03 22:01:43,21301,0.88256836,2.259842,-8.210022
2018-10-03 22:01:43,21322,1.3075409,1.4865112,-7.6150665
2018-10-03 22:01:43,21341,1.8055267,0.45820618,-8.459015
2018-10-03 22:01:43,21362,0.37379456,0.22117615,-8.977356
2018-10-03 22:01:43,21381,-0.1517334,2.5196075,-10.43663
2018-10-03 22:01:43,21402,-0.33488464,1.4314423,-11.725906
2018-10-03 22:01:43,21421,-1.233902,1.5068665,-9.056366
2018-10-03 22:01:43,21442,-0.937027,0.8843689,-10.533585
2018-10-03 22:01:43,21461,-0.38755798,1.7486725,-11.633728
2018-10-03 22:01:43,21481,-0.6461334,1.5080566,-10.284592
2018-10-03 22:01:43,21502,-0.6724701,1.0938568,-11.594223
2018-10-03 22:01:43,21521,-0.21995544,2.2335052,-10.389938
2018-10-03 22:01:43,21542,-0.27023315,1.40271,-11.20636
2018-10-03 22:01:43,21561,0.29838562,2.5483398,-10.986099
2018-10-03 22:01:43,21581,0.2768402,0.89993286,-12.249039
2018-10-03 22:01:43,21602,2.0030518,2.244278,-10.053558
2018-10-03 22:01:43,21621,0.42767334,2.299347,-10.502472
2018-10-03 22:01:43,21641,1.1387482,0.60783386,-13.511978
2018-10-03 22:01:43,21662,0.79997253,3.0618896,-11.516418
2018-10-03 22:01:43,21681,0.32232666,-0.4719391,-9.587875
2018-10-03 22:01:43,21701,-0.061950684,0.24153137,-12.179611
2018-10-03 22:01:43,21722,0.8095398,2.2299042,-10.428253
2018-10-03 22:01:43,21741,-0.27383423,2.015625,-10.680832
2018-10-03 22:01:43,21762,0.18466187,-0.35343933,-11.50325
2018-10-03 22:01:43,21781,-0.19003296,3.4318085,-9.460983
2018-10-03 22:01:44,21801,-0.5395813,3.3779297,-12.205948
2018-10-03 22:01:44,21822,-0.34924316,-2.4423676,-8.792999
2018-10-03 22:01:44,21841,0.13198853,2.7722015,-7.5396423
2018-10-03 22:01:44,21861,-0.7490845,3.3946838,-9.72316
2018-10-03 22:01:44,21881,0.10444641,-1.8917084,-11.722305
2018-10-03 22:01:44,21902,-0.30734253,2.8799438,-10.440216
2018-10-03 22:01:44,21921,-0.9717407,2.553131,-12.087433
2018-10-03 22:01:44,21941,0.46238708,0.3648224,-9.919479
2018-10-03 22:01:44,21962,0.63357544,0.41870117,-8.700836
2018-10-03 22:01:44,21981,-0.08947754,2.8476105,-10.285797
2018-10-03 22:01:44,22001,0.11882019,0.9992981,-10.484512
2018-10-03 22:01:44,22022,-0.6580963,2.4932709,-9.958984
2018-10-03 22:01:44,22041,-0.13017273,0.6700897,-11.749847
2018-10-03 22:01:44,22061,-0.21038818,2.7494507,-10.716751
2018-10-03 22:01:44,22082,-0.86997986,2.481308,-10.543167
2018-10-03 22:01:44,22101,0.20501709,1.2650452,-11.229111
2018-10-03 22:01:44,22122,0.09727478,0.6700897,-11.684006
2018-10-03 22:01:44,22142,0.77482605,2.4477844,-10.562317
2018-10-03 22:01:44,22161,0.9065094,-0.10803223,-9.279022
2018-10-03 22:01:44,22182,0.36302185,-0.463562,-12.0155945
2018-10-03 22:01:44,22201,0.5665283,2.2239227,-8.951019
2018-10-03 22:01:44,22221,0.27323914,1.074707,-10.5012665
2018-10-03 22:01:44,22242,1.2500763,2.316101,-10.709564
2018-10-03 22:01:44,22261,0.49710083,1.0172424,-9.756668
2018-10-03 22:01:44,22282,0.79159546,1.287796,-7.527664
2018-10-03 22:01:44,22302,-0.13017273,1.2650452,-10.257065
2018-10-03 22:01:44,22321,0.0038909912,2.118576,-11.063904
2018-10-03 22:01:44,22341,0.54618835,0.2259674,-10.052353
2018-10-03 22:01:44,22362,0.01586914,2.3436432,-8.022079
2018-10-03 22:01:44,22381,-0.48332214,1.9198608,-9.530426
2018-10-03 22:01:44,22401,-0.012863159,0.70480347,-11.388321
2018-10-03 22:01:44,22421,0.7305298,2.3879242,-9.775833
2018-10-03 22:01:44,22442,0.37858582,1.5128479,-9.511261
2018-10-03 22:01:44,22461,0.2552948,1.3344727,-8.508102
2018-10-03 22:01:44,22481,0.41929626,0.4833374,-11.148895
2018-10-03 22:01:44,22501,1.2069855,1.0399933,-10.151718
2018-10-03 22:01:44,22522,0.66947937,0.9095154,-8.729553
2018-10-03 22:01:44,22541,2.2664185,0.38757324,-10.465363
2018-10-03 22:01:44,22562,0.44084167,2.4597626,-7.9275055
2018-10-03 22:01:44,22581,-0.5778961,0.13258362,-12.574646
2018-10-03 22:01:44,22601,-0.47613525,3.0499268,-11.509232
2018-10-03 22:01:44,22622,-0.59465027,1.6876221,-13.0151825
2018-10-03 22:01:44,22641,0.75567627,1.9426117,-11.977295
2018-10-03 22:01:44,22661,0.098464966,0.25949097,-11.645691
2018-10-03 22:01:44,22682,0.14874268,2.1138,-9.286209
2018-10-03 22:01:44,22701,0.074523926,0.6389618,-9.543594
2018-10-03 22:01:44,22721,0.17507935,2.189209,-11.144119
2018-10-03 22:01:44,22741,-0.06074524,2.2789917,-9.15094
2018-10-03 22:01:44,22762,0.12840271,0.2331543,-11.0746765
2018-10-03 22:01:44,22781,0.8921509,2.0359802,-10.649704
2018-10-03 22:01:45,22801,0.13796997,2.1042175,-10.166077
2018-10-03 22:01:45,22822,0.35585022,1.6289673,-9.276642
2018-10-03 22:01:45,22841,0.43844604,2.03479,-9.687241
2018-10-03 22:01:45,22861,0.92926025,1.8061371,-11.097427
2018-10-03 22:01:45,22882,0.6180115,1.6193848,-9.331696
2018-10-03 22:01:45,22901,0.6024475,1.358429,-9.453812
2018-10-03 22:01:45,22921,0.627594,1.6768494,-10.168472
2018-10-03 22:01:45,22942,0.46238708,1.0447845,-9.477753
2018-10-03 22:01:45,22961,-0.27383423,1.2434998,-9.806946
2018-10-03 22:01:45,22982,-0.22953796,0.79937744,-9.808151
2018-10-03 22:01:45,23001,0.038619995,1.900711,-9.757874
2018-10-03 22:01:45,23021,-0.56233215,0.96936035,-10.352829
2018-10-03 22:01:45,23041,0.2708435,1.2207489,-9.292191
2018-10-03 22:01:45,23062,-0.10862732,1.5008698,-9.744705
2018-10-03 22:01:45,23081,0.14994812,1.3021545,-11.038773
2018-10-03 22:01:45,23102,0.41329956,1.9090881,-8.147766
2018-10-03 22:01:45,23121,0.79997253,1.2135773,-9.9517975
2018-10-03 22:01:45,23142,0.61920166,2.316101,-9.2108
2018-10-03 22:01:45,23161,0.41809082,1.9533844,-9.24791
2018-10-03 22:01:45,23182,0.26367188,1.6050262,-9.62619
2018-10-03 22:01:45,23201,-0.13616943,1.6134033,-11.378738
2018-10-03 22:01:45,23222,-0.25587463,1.95578,-9.731537
2018-10-03 22:01:45,23241,-0.4701538,2.0922394,-9.974548
2018-10-03 22:01:45,23261,0.28761292,1.6289673,-10.422256
2018-10-03 22:01:45,23282,-0.5778961,1.8169098,-10.024826
2018-10-03 22:01:45,23301,-1.0208282,1.5068665,-9.881165
2018-10-03 22:01:45,23321,-0.7371063,1.5391846,-9.3029785
2018-10-03 22:01:45,23341,-0.2427063,1.7259369,-10.442612
2018-10-03 22:01:45,23362,-0.69641113,0.8233185,-11.256638
2018-10-03 22:01:45,23381,-0.4079132,1.366806,-9.061157
2018-10-03 22:01:45,23401,-0.3791809,0.76345825,-9.603439
2018-10-03 22:01:45,23422,-0.4186859,2.0886536,-10.53598
2018-10-03 22:01:45,23441,-0.20799255,1.9904938,-9.605835
2018-10-03 22:01:45,23461,0.69581604,1.9306335,-9.366425
2018-10-03 22:01:45,23481,0.6754761,2.2191315,-8.864838
2018-10-03 22:01:45,23502,-0.069122314,1.7774048,-7.044037
2018-10-03 22:01:45,23521,-0.25706482,0.90711975,-9.3233185
2018-10-03 22:01:45,23541,-0.5288086,2.3580017,-9.417892
2018-10-03 22:01:45,23562,-0.6257782,1.4685516,-10.925049
2018-10-03 22:01:45,23581,-0.292984,0.46418762,-10.917862
2018-10-03 22:01:45,23602,-0.17807007,1.2339172,-9.044403
2018-10-03 22:01:45,23621,-1.2159424,0.8125458,-10.350433
2018-10-03 22:01:45,23641,-1.4182587,2.182022,-9.964966
2018-10-03 22:01:45,23661,-1.0914459,1.679245,-10.699982
2018-10-03 22:01:45,23682,-0.34207153,2.0443573,-10.776596
2018-10-03 22:01:45,23701,-0.32051086,1.6600952,-9.2491
2018-10-03 22:01:45,23721,-0.664093,1.4829254,-9.931442
2018-10-03 22:01:45,23742,-0.17207336,1.6924133,-10.784988
2018-10-03 22:01:45,23761,-0.2786255,1.1357574,-9.532822
2018-10-03 22:01:45,23782,-0.24629211,1.248291,-10.121796
2018-10-03 22:01:46,23801,-0.93582153,1.342865,-10.847229
2018-10-03 22:01:46,23822,-0.45339966,0.7754364,-9.7339325
2018-10-03 22:01:46,23841,0.6012573,1.2949829,-10.008057
2018-10-03 22:01:46,23861,-0.23072815,2.4477844,-8.211212
2018-10-03 22:01:46,23882,0.103256226,1.2710266,-11.770203
2018-10-03 22:01:46,23901,0.4767456,2.283783,-8.939056
2018-10-03 22:01:46,23922,-0.100250244,2.1269684,-8.597885
2018-10-03 22:01:46,23942,-0.6545105,1.9102783,-11.341629
2018-10-03 22:01:46,23961,-0.17567444,1.1776581,-9.956589
2018-10-03 22:01:46,23981,-0.24151611,1.1082306,-10.373184
2018-10-03 22:01:46,24002,-0.56114197,2.5148163,-8.766678
2018-10-03 22:01:46,24021,-0.49409485,0.62579346,-9.9913025
2018-10-03 22:01:46,24041,0.17028809,1.4482117,-10.079895
2018-10-03 22:01:46,24062,-1.3583984,1.2782135,-10.483307
2018-10-03 22:01:46,24081,-0.76823425,2.118576,-9.006088
2018-10-03 22:01:46,24101,-1.1046143,1.4565887,-10.816101
2018-10-03 22:01:46,24122,1.1591034,2.5579224,-9.336487
2018-10-03 22:01:46,24141,-0.9394226,2.1963959,-7.612671
2018-10-03 22:01:46,24161,-0.8711853,2.0048523,-11.5224
2018-10-03 22:01:46,24182,-0.29537964,1.5667114,-10.744278
2018-10-03 22:01:46,24201,-0.6461334,1.8576202,-9.630981
2018-10-03 22:01:46,24221,-0.59225464,1.7211456,-10.859207
2018-10-03 22:01:46,24242,-1.4505768,1.4541931,-9.0659485
2018-10-03 22:01:46,24261,-0.96336365,0.5491791,-9.957779
2018-10-03 22:01:46,24281,-1.8875275,1.8300781,-7.883209
2018-10-03 22:01:46,24302,-0.97055054,1.0962524,-10.470139
2018-10-03 22:01:46,24321,-0.9801178,2.2023773,-10.550354
2018-10-03 22:01:46,24341,-0.18884277,2.3699799,-10.382751
2018-10-03 22:01:46,24362,-1.1572876,1.4338379,-9.209595
2018-10-03 22:01:46,24382,-0.1517334,0.66529846,-9.530426
2018-10-03 22:01:46,24401,-1.2722168,1.8899384,-11.102219
2018-10-03 22:01:46,24421,-1.0770874,1.529602,-8.898346
2018-10-03 22:01:46,24441,-0.81492615,0.6533356,-10.435425
2018-10-03 22:01:46,24461,-0.5934601,1.8360596,-9.285019
2018-10-03 22:01:46,24482,-1.0507507,2.103012,-10.7382965
2018-10-03 22:01:46,24501,-0.6904144,2.079071,-10.07869
2018-10-03 22:01:46,24521,-0.85443115,0.59706116,-10.010452
2018-10-03 22:01:46,24542,0.2492981,1.9749298,-7.701248
2018-10-03 22:01:46,24561,-2.027588,1.564331,-10.786179
2018-10-03 22:01:46,24582,-1.8348541,1.8636017,-11.239883
2018-10-03 22:01:46,24601,-1.1836243,1.8755646,-7.11467
2018-10-03 22:01:46,24622,-1.7582397,1.2674408,-10.477325
2018-10-03 22:01:46,24641,-1.3356628,2.039566,-14.141647
2018-10-03 22:01:46,24661,0.12719727,1.8073425,-8.018478
2018-10-03 22:01:46,24682,-0.6078186,-0.28399658,-10.726318
2018-10-03 22:01:46,24702,-1.6983795,1.7929688,-11.8767395
2018-10-03 22:01:46,24721,0.3929596,0.22357178,-11.172836
2018-10-03 22:01:46,24742,-0.6114197,1.6337585,-10.468948
2018-10-03 22:01:46,24761,-1.1094055,2.7279053,-10.5252075
2018-10-03 22:01:46,24782,-1.139328,1.5116577,-11.530777
2018-10-03 22:01:47,24801,0.13917542,1.5020752,-10.131363
2018-10-03 22:01:47,24821,-0.80773926,1.9701385,-8.844482
2018-10-03 22:01:47,24841,-1.8025208,0.7838135,-10.334869
2018-10-03 22:01:47,24862,-0.31333923,2.158081,-9.701599
2018-10-03 22:01:47,24882,-0.57310486,1.7450867,-10.398315
2018-10-03 22:01:47,24901,0.23852539,2.0539398,-9.2239685
2018-10-03 22:01:47,24921,-0.5359955,0.53482056,-8.903137
2018-10-03 22:01:47,24941,0.42048645,2.3268738,-10.778992
2018-10-03 22:01:47,24962,0.3570404,1.4601746,-8.5954895
2018-10-03 22:01:47,24981,-2.1221619,1.1237946,-11.34642
2018-10-03 22:01:47,25002,-1.8300629,2.7530518,-12.938568
2018-10-03 22:01:47,25021,-1.0375824,1.6588898,-8.532043
2018-10-03 22:01:47,25041,-0.46775818,1.5152435,-9.032425
2018-10-03 22:01:47,25062,-1.1022186,0.72994995,-12.040741
2018-10-03 22:01:47,25081,0.084106445,1.7486725,-10.859207
2018-10-03 22:01:47,25101,-0.99687195,0.52523804,-11.4457855
2018-10-03 22:01:47,25121,-0.624588,1.7331085,-7.3947906
2018-10-03 22:01:47,25142,-1.0100403,0.71917725,-10.126572
2018-10-03 22:01:47,25161,-0.7933655,3.1313324,-11.175232
2018-10-03 22:01:47,25181,-1.1716614,0.7455139,-8.715195
2018-10-03 22:01:47,25202,-0.016448975,1.7331085,-8.3428955
2018-10-03 22:01:47,25221,-0.28100586,1.2997589,-10.354019
2018-10-03 22:01:47,25241,-1.2614441,2.0611267,-10.288193
2018-10-03 22:01:47,25261,-1.0639191,2.398697,-8.233963
2018-10-03 22:01:47,25282,-0.89512634,1.1345673,-10.642532
2018-10-03 22:01:47,25301,-0.45458984,2.6177673,-8.830124
2018-10-03 22:01:47,25321,-1.6193695,1.358429,-10.235519
2018-10-03 22:01:47,25341,-0.7909851,1.0962524,-9.8572235
2018-10-03 22:01:47,25362,-1.3045349,1.0256348,-10.212769
2018-10-03 22:01:47,25381,-0.5970459,1.5403748,-10.028412
2018-10-03 22:01:47,25401,-0.9142761,-0.09365845,-9.592667
2018-10-03 22:01:47,25422,-1.3572083,0.7323456,-9.368805
2018-10-03 22:01:47,25441,-0.95259094,0.42588806,-11.257843
2018-10-03 22:01:47,25461,0.4875183,1.0160522,-10.2438965
2018-10-03 22:01:47,25482,-1.8408356,0.95140076,-10.938217
2018-10-03 22:01:47,25501,-1.174057,-0.1391449,-11.717529
2018-10-03 22:01:47,25521,0.37020874,-0.08169556,-9.428665
2018-10-03 22:01:47,25542,-1.0687103,-0.42526245,-10.95018
2018-10-03 22:01:47,25561,-0.5539551,0.32891846,-9.46698
2018-10-03 22:01:47,25582,-0.7442932,1.0543518,-8.18248
2018-10-03 22:01:47,25601,-1.3320618,0.6641083,-10.389938
2018-10-03 22:01:47,25622,-1.2722168,0.6712799,-10.422256
2018-10-03 22:01:47,25641,-1.6325378,1.1680908,-9.907501
2018-10-03 22:01:47,25661,-0.7119751,0.012878418,-9.252701
2018-10-03 22:01:47,25682,-1.1321564,0.6066437,-7.9765778
2018-10-03 22:01:47,25701,-0.8999176,0.81733704,-9.480148
2018-10-03 22:01:47,25721,-1.0507507,0.832901,-10.61499
2018-10-03 22:01:47,25742,-1.6983795,0.90112305,-7.9682007
2018-10-03 22:01:47,25761,-0.4079132,0.13139343,-11.564301
2018-10-03 22:01:47,25781,-2.1425018,1.1190033,-8.851669
2018-10-03 22:01:48,25802,-1.3069305,-0.6383362,-8.063965
2018-10-03 22:01:48,25821,-1.5223999,2.7183228,-10.988495
2018-10-03 22:01:48,25841,-1.901886,1.8157196,-12.581833
2018-10-03 22:01:48,25862,0.05178833,1.1968079,-12.07785
2018-10-03 22:01:48,25881,-0.644928,0.6018524,-8.117844
2018-10-03 22:01:48,25901,-0.16369629,-0.8035431,-11.476913
2018-10-03 22:01:48,25922,-0.85562134,1.153717,-9.82132
2018-10-03 22:01:48,25941,-1.7354889,0.7873993,-8.838501
2018-10-03 22:01:48,25961,-1.4984589,-0.5389862,-11.273407
2018-10-03 22:01:48,25982,-1.470932,0.06794739,-10.895111
2018-10-03 22:01:48,26001,-1.6409149,0.6066437,-10.904694
2018-10-03 22:01:48,26021,-1.5870514,1.4122925,-10.521622
2018-10-03 22:01:48,26042,-1.1417236,0.6281891,-10.579086
2018-10-03 22:01:48,26061,0.6395569,1.1345673,-9.80455
2018-10-03 22:01:48,26081,-0.27383423,-0.79875183,-10.565918
2018-10-03 22:01:48,26102,-1.3224945,-0.3905487,-8.940247
2018-10-03 22:01:48,26121,-0.5563507,0.2726593,-9.087494
2018-10-03 22:01:48,26141,-1.5116272,0.5946655,-10.039185
2018-10-03 22:01:48,26162,-1.2171478,0.753891,-8.086716
2018-10-03 22:01:48,26181,-1.4302368,1.1489258,-9.128189
2018-10-03 22:01:48,26201,-0.668869,-0.009857178,-9.793777
2018-10-03 22:01:48,26222,-1.1165924,1.1525269,-8.172913
2018-10-03 22:01:48,26241,-1.5463562,0.61383057,-11.770203
2018-10-03 22:01:48,26261,-1.0567322,0.40792847,-9.507675
2018-10-03 22:01:48,26282,-1.118988,1.5104523,-8.929474
2018-10-03 22:01:48,26302,-1.407486,-0.29716492,-10.898712
2018-10-03 22:01:48,26321,-1.0734863,0.42349243,-8.092697
2018-10-03 22:01:48,26342,-1.4398041,2.3915253,-10.783783
2018-10-03 22:01:48,26361,-1.4769135,1.4685516,-11.912659
2018-10-03 22:01:48,26381,-0.4486084,1.8552246,-9.273041
2018-10-03 22:01:48,26402,-0.6221924,0.33250427,-10.812515
2018-10-03 22:01:48,26421,-1.194397,-0.087677,-8.724777
2018-10-03 22:01:48,26442,-1.8336487,0.58509827,-9.994888
2018-10-03 22:01:48,26461,-1.783371,1.466156,-11.757034
2018-10-03 22:01:48,26482,-0.4701538,-2.7943268,-13.592178
2018-10-03 22:01:48,26501,-1.807312,1.9988708,-7.281067
2018-10-03 22:01:48,26522,-2.5818481,-1.7408752,-10.902298
2018-10-03 22:01:48,26541,-1.7163391,2.738678,-11.695969
2018-10-03 22:01:48,26561,-2.3950958,1.2758179,-9.280228
2018-10-03 22:01:48,26582,0.23014832,-1.3913116,-13.716675
2018-10-03 22:01:48,26601,-0.77542114,1.8647919,-6.0289
2018-10-03 22:01:48,26621,-2.6189575,2.098236,-11.633728
2018-10-03 22:01:48,26642,-0.5132446,0.7730408,-11.585846
2018-10-03 22:01:48,26661,-0.93821716,2.259842,-6.684906
2018-10-03 22:01:48,26681,-1.6911926,-1.1399231,-9.267059
2018-10-03 22:01:48,26701,-2.0814514,1.2686462,-9.656113
2018-10-03 22:01:48,26722,-1.3979034,0.053588867,-10.160095
2018-10-03 22:01:48,26741,-1.2961578,1.6205902,-8.099884
2018-10-03 22:01:48,26762,-1.1118011,0.75268555,-10.717941
2018-10-03 22:01:48,26781,-1.66008,0.38757324,-9.079117
2018-10-03 22:01:49,26801,-1.7019653,1.2626495,-8.375214
2018-10-03 22:01:49,26822,-2.2346802,1.3105316,-9.46817
2018-10-03 22:01:49,26841,-1.202774,-0.56411743,-12.592606
2018-10-03 22:01:49,26861,-0.44262695,2.936203,-10.626968
2018-10-03 22:01:49,26882,-2.6357117,1.5343933,-9.250305
2018-10-03 22:01:49,26901,-2.0227966,-0.51623535,-12.320862
2018-10-03 22:01:49,26921,-1.0651093,1.1237946,-6.8213806
2018-10-03 22:01:49,26942,-2.9361877,1.576294,-10.944199
2018-10-03 22:01:49,26961,-1.0830688,2.079071,-10.8328705
2018-10-03 22:01:49,26981,-2.656067,0.63417053,-8.280655
2018-10-03 22:01:49,27002,0.11882019,0.83169556,-11.353607
2018-10-03 22:01:49,27021,-1.5056458,1.0388031,-10.841248
2018-10-03 22:01:49,27041,-2.7015533,0.7658539,-9.444229
2018-10-03 22:01:49,27062,-0.9178772,0.7478943,-12.105377
2018-10-03 22:01:49,27081,-1.5056458,-0.23731995,-11.372757
2018-10-03 22:01:49,27102,-1.4924774,2.0419617,-7.7898407
2018-10-03 22:01:49,27121,-2.2358856,-2.4172363,-12.006027
2018-10-03 22:01:49,27141,-0.37199402,0.88557434,-9.78421
2018-10-03 22:01:49,27162,-2.7314758,1.7750092,-13.800476
2018-10-03 22:01:49,27181,-1.1860199,0.6461487,-8.188477
2018-10-03 22:01:49,27202,-1.8575897,0.36721802,-7.6198425
2018-10-03 22:01:49,27221,-0.38635254,-0.16908264,-7.325363
2018-10-03 22:01:49,27242,-0.9897003,0.2738495,-8.220795
2018-10-03 22:01:49,27261,-0.54078674,0.3313141,-6.316208
2018-10-03 22:01:49,27281,-1.352417,0.42588806,-8.406342
2018-10-03 22:01:49,27302,-1.8911133,0.8269043,-8.06517
2018-10-03 22:01:49,27321,-1.2303162,1.813324,-10.209183
2018-10-03 22:01:49,27341,-0.8687897,0.8556366,-10.77182
2018-10-03 22:01:49,27362,-1.7211304,1.8600006,-10.655701
2018-10-03 22:01:49,27381,-1.5247955,0.22836304,-9.616608
2018-10-03 22:01:49,27402,-1.66008,1.7211456,-11.561905
2018-10-03 22:01:49,27421,-0.38755798,0.07034302,-10.108627
2018-10-03 22:01:49,27441,-2.1018066,1.2854004,-7.8484955
2018-10-03 22:01:49,27461,-1.6959839,0.48454285,-8.681671
2018-10-03 22:01:49,27482,-1.391922,-0.27682495,-10.486908
2018-10-03 22:01:49,27501,-1.9832916,2.6776276,-9.526825
2018-10-03 22:01:49,27522,-1.6313477,0.36242676,-11.776184
2018-10-03 22:01:49,27541,-1.2446747,1.3763733,-10.47493
2018-10-03 22:01:49,27561,-1.0423737,2.204773,-11.862366
2018-10-03 22:01:49,27581,-1.3596039,1.4733429,-11.974899
2018-10-03 22:01:49,27602,-0.81851196,1.4733429,-10.298965
2018-10-03 22:01:49,27621,-1.3727722,1.5355988,-9.905121
2018-10-03 22:01:49,27641,0.14874268,0.7790222,-9.762665
2018-10-03 22:01:49,27661,-1.8109131,1.8504333,-11.297348
2018-10-03 22:01:49,27681,-1.2793884,0.932251,-8.941452
2018-10-03 22:01:49,27702,-1.5583191,-0.11280823,-9.937439
2018-10-03 22:01:49,27721,-1.7247162,0.3025818,-10.37558
2018-10-03 22:01:49,27741,-1.0699005,0.714386,-8.619431
2018-10-03 22:01:49,27762,-1.684021,0.5671387,-8.300995
2018-10-03 22:01:49,27781,-0.976532,0.2558899,-7.057205
2018-10-03 22:01:50,27801,-1.7881622,2.8512115,-11.269806
2018-10-03 22:01:50,27822,-1.9402008,1.7367096,-10.173264
2018-10-03 22:01:50,27841,-0.89871216,2.3280792,-12.220306
2018-10-03 22:01:50,27861,-1.6085968,2.221527,-9.7854
2018-10-03 22:01:50,27882,-1.2111664,0.46777344,-10.2438965
2018-10-03 22:01:50,27901,-1.9198456,1.4039154,-10.04158
2018-10-03 22:01:50,27922,-0.6006317,0.67367554,-10.29776
2018-10-03 22:01:50,27941,-0.88435364,1.184845,-7.6078796
2018-10-03 22:01:50,27961,-1.5475464,0.022460938,-10.082291
2018-10-03 22:01:50,27982,-1.1237793,1.7881775,-11.411072
2018-10-03 22:01:50,28001,-0.98609924,0.1756897,-7.890396
2018-10-03 22:01:50,28022,-1.1237793,1.1249847,-6.660965
2018-10-03 22:01:50,28041,-1.4697418,-0.14633179,-9.404724
2018-10-03 22:01:50,28061,-2.0108185,2.2586365,-8.38121
2018-10-03 22:01:50,28082,-0.9789276,1.4098969,-8.605057
2018-10-03 22:01:50,28101,-1.5822601,0.5551605,-10.800537
2018-10-03 22:01:50,28122,-1.0519409,1.5008698,-9.683655
2018-10-03 22:01:50,28141,-2.8069,2.5303802,-13.81485
2018-10-03 22:01:50,28162,-0.30256653,0.911911,-13.234253
2018-10-03 22:01:50,28181,-0.49769592,1.7283325,-10.003281
2018-10-03 22:01:50,28201,-1.6923981,1.2267456,-10.9908905
2018-10-03 22:01:50,28222,-0.8209076,0.046401978,-12.184387
2018-10-03 22:01:50,28241,-1.6959839,1.3213196,-9.824905
2018-10-03 22:01:50,28261,-0.51205444,0.30737305,-10.6592865
2018-10-03 22:01:50,28281,-1.5427551,1.861206,-9.923065
2018-10-03 22:01:50,28302,-1.2063751,0.8041687,-12.256226
2018-10-03 22:01:50,28321,-1.9509735,1.995285,-9.285019
2018-10-03 22:01:50,28341,-0.802948,1.248291,-11.232697
2018-10-03 22:01:50,28362,-0.5766907,2.1940002,-7.921524
2018-10-03 22:01:50,28382,-0.08708191,2.560318,-9.579498
2018-10-03 22:01:50,28402,-0.61021423,0.9621887,-12.489655
2018-10-03 22:01:50,28421,0.26127625,1.624176,-8.390778
2018-10-03 22:01:50,28441,-2.2071533,1.9438019,-10.345642
2018-10-03 22:01:50,28461,-1.494873,2.3639832,-11.9557495
2018-10-03 22:01:50,28481,-0.90231323,1.9042969,-10.567108
2018-10-03 22:01:50,28501,-2.4070587,1.105835,-8.787018
2018-10-03 22:01:50,28521,-1.6157837,2.3304749,-9.824905
2018-10-03 22:01:50,28542,-2.4657288,1.7307281,-10.825684
2018-10-03 22:01:50,28561,-1.000473,1.3201141,-8.505707
2018-10-03 22:01:50,28581,-1.6720428,2.0671082,-9.765045
2018-10-03 22:01:50,28601,-1.2913666,2.1940002,-11.980881
2018-10-03 22:01:50,28621,-0.13017273,2.410675,-9.903915
2018-10-03 22:01:50,28642,-0.16011047,-0.21456909,-12.624924
2018-10-03 22:01:50,28661,-1.549942,1.9569702,-7.835327
2018-10-03 22:01:50,28682,-1.8180847,1.5966492,-9.462189
2018-10-03 22:01:50,28701,-1.5044556,-0.021835327,-11.924622
2018-10-03 22:01:50,28722,-0.6161957,2.319687,-8.078339
2018-10-03 22:01:50,28741,-2.305313,2.1305542,-12.385513
2018-10-03 22:01:50,28761,-0.9262543,1.6996002,-7.886795
2018-10-03 22:01:50,28782,-1.273407,-0.52342224,-11.567886
2018-10-03 22:01:51,28801,-1.6133881,3.1013947,-12.354385
2018-10-03 22:01:51,28822,-0.2893982,2.1628723,-8.48056
2018-10-03 22:01:51,28841,-1.3583984,1.2626495,-11.675629
2018-10-03 22:01:51,28862,-0.7263336,2.422638,-9.99968
2018-10-03 22:01:51,28881,-0.44381714,2.0659027,-11.3272705
2018-10-03 22:01:51,28902,-0.16130066,2.1006317,-5.992981
2018-10-03 22:01:51,28921,-1.0208282,1.8396606,-11.442184
2018-10-03 22:01:51,28941,-0.8628082,3.027176,-13.765762
2018-10-03 22:01:51,28962,-0.43185425,2.2311096,-7.653366
2018-10-03 22:01:51,28981,-1.6971893,0.995697,-8.247131
2018-10-03 22:01:51,29001,-1.3164978,0.78022766,-12.249039
2018-10-03 22:01:51,29022,-1.1249695,2.7219238,-8.482956
2018-10-03 22:01:51,29042,-1.6732483,0.002105713,-10.8723755
2018-10-03 22:01:51,29061,0.17628479,2.7566376,-11.570282
2018-10-03 22:01:51,29082,-1.4577637,0.77783203,-8.838501
2018-10-03 22:01:51,29101,-0.97413635,0.3600464,-9.501694
2018-10-03 22:01:51,29121,-0.7442932,1.4194794,-6.301834
2018-10-03 22:01:51,29142,-0.88674927,-0.21336365,-9.428665
2018-10-03 22:01:51,29161,0.39056396,1.7522736,-6.7579346
2018-10-03 22:01:51,29181,-2.600998,1.3919373,-9.968567
2018-10-03 22:01:51,29202,-0.7814026,0.916687,-9.762665
2018-10-03 22:01:51,29221,-2.111374,1.1273804,-11.178833
2018-10-03 22:01:51,29241,-1.273407,2.4848938,-8.408737
2018-10-03 22:01:51,29262,-2.0168152,1.3991241,-9.093475
2018-10-03 22:01:51,29281,-0.22595215,0.09428406,-9.028839
2018-10-03 22:01:51,29301,-1.0172272,2.857193,-10.221146
2018-10-03 22:01:51,29321,-1.620575,2.2730103,-8.298599
2018-10-03 22:01:51,29342,-0.3839569,0.95500183,-11.436203
2018-10-03 22:01:51,29361,-1.1285553,1.6780548,-15.527893
2018-10-03 22:01:51,29381,0.03741455,1.239914,-10.386353
2018-10-03 22:01:51,29402,-0.23432922,0.4606018,-8.581116
2018-10-03 22:01:51,29421,-1.2614441,-0.30674744,-12.741043
2018-10-03 22:01:51,29441,0.42407227,1.5308075,-8.032852
2018-10-03 22:01:51,29462,-2.6285248,0.7754364,-8.332123
2018-10-03 22:01:51,29481,-2.1425018,1.5727081,-11.18721
2018-10-03 22:01:51,29501,-0.20918274,0.38876343,-13.713089
2018-10-03 22:01:51,29522,-1.1477203,2.0407715,-6.051651
2018-10-03 22:01:51,29541,0.04220581,-0.8334656,-10.064331
2018-10-03 22:01:51,29561,-0.083496094,0.6712799,-11.687592
2018-10-03 22:01:51,29582,-0.8831482,2.1987915,-4.4211884
2018-10-03 22:01:51,29602,-1.4805145,-0.9986725,-14.269745
2018-10-03 22:01:51,29621,0.2888031,2.0359802,-6.2359924
2018-10-03 22:01:51,29641,-1.7534485,-1.3242798,-10.482117
2018-10-03 22:01:51,29662,-1.2602386,3.3563843,-11.816879
2018-10-03 22:01:51,29681,-1.2710114,0.911911,-10.88913
2018-10-03 22:01:51,29702,-0.69281006,2.5579224,-10.496475
2018-10-03 22:01:51,29721,-0.6736603,1.3787689,-10.647308
2018-10-03 22:01:51,29741,-1.6947937,0.12660217,-10.196014
2018-10-03 22:01:51,29762,-0.2822113,2.4932709,-9.475357
2018-10-03 22:01:51,29781,-1.9078674,1.1776581,-8.929474
2018-10-03 22:01:52,29801,-0.668869,0.42707825,-9.353256
2018-10-03 22:01:52,29822,-2.396286,1.6217804,-9.401138
2018-10-03 22:01:52,29841,-1.3308716,0.59228516,-10.816101
2018-10-03 22:01:52,29862,-0.2032013,2.7219238,-8.806168
2018-10-03 22:01:52,29881,-2.1437073,0.4210968,-7.3026123
2018-10-03 22:01:52,29901,0.6012573,1.9964752,-9.457397
2018-10-03 22:01:52,29922,-2.0491333,2.0443573,-13.157639
2018-10-03 22:01:52,29941,-0.7706299,0.34327698,-8.459015
2018-10-03 22:01:52,29961,0.5018921,1.9880981,-6.3581085
2018-10-03 22:01:52,29981,0.45280457,0.81373596,-11.135727
2018-10-03 22:01:52,30002,-1.5535278,2.094635,-8.509293
2018-10-03 22:01:52,30021,-0.7825928,1.4003143,-9.261078
2018-10-03 22:01:52,30041,-0.81970215,0.6772766,-13.529938
2018-10-03 22:01:52,30061,-0.80773926,1.9246521,-9.884766
2018-10-03 22:01:52,30082,0.81074524,-0.060134888,-10.513245
2018-10-03 22:01:52,30101,-1.2638397,0.38996887,-9.875183
2018-10-03 22:01:52,30122,-1.0052643,1.9605713,-10.562317
2018-10-03 22:01:52,30141,-2.0479279,1.8671875,-10.429443
2018-10-03 22:01:52,30161,0.18466187,-0.16308594,-10.048767
2018-10-03 22:01:52,30181,-1.2327118,2.3328552,-10.20079
2018-10-03 22:01:52,30202,0.6000519,0.8987427,-10.20079
2018-10-03 22:01:52,30221,-0.90231323,0.7969818,-12.913422
2018-10-03 22:01:52,30241,-0.9035034,-0.23851013,-10.306137
2018-10-03 22:01:52,30262,-1.1034241,0.3744049,-10.701187
2018-10-03 22:01:52,30281,-1.7558441,0.5204468,-10.175659
2018-10-03 22:01:52,30302,-0.92025757,0.79219055,-9.938629
2018-10-03 22:01:52,30321,-1.3212891,-0.25048828,-7.8760223
2018-10-03 22:01:52,30341,-2.0096283,1.1860352,-10.117004
2018-10-03 22:01:52,30362,-2.012024,-0.06373596,-10.360016
2018-10-03 22:01:52,30381,-1.4984589,0.18765259,-9.1844635
2018-10-03 22:01:52,30402,0.18824768,0.21398926,-9.954193
2018-10-03 22:01:52,30421,-0.68084717,0.85684204,-9.1844635
2018-10-03 22:01:52,30441,0.026641846,0.4653778,-8.855255
2018-10-03 22:01:52,30462,0.8993225,-0.48033142,-8.320145
2018-10-03 22:01:52,30481,0.82870483,-0.4204712,-9.862015
2018-10-03 22:01:52,30502,-0.21278381,-0.53419495,-6.901581
2018-10-03 22:01:52,30521,-0.6078186,-0.53419495,-8.414719
2018-10-03 22:01:52,30541,-1.747467,-2.89917E-4,-9.919479
2018-10-03 22:01:52,30562,-0.35403442,0.32652283,-9.890747
2018-10-03 22:01:52,30581,-0.75027466,-0.54855347,-8.982147
2018-10-03 22:01:52,30602,-1.5295868,-0.6156006,-10.300156
2018-10-03 22:01:52,30621,-1.9904785,0.07992554,-11.831253
2018-10-03 22:01:52,30642,-1.5870514,1.1632996,-11.069885
2018-10-03 22:01:52,30661,-0.59465027,-0.25526428,-12.753021
2018-10-03 22:01:52,30682,-1.3260803,1.1190033,-10.520416
2018-10-03 22:01:52,30701,-0.8316803,-1.0166321,-9.288605
2018-10-03 22:01:52,30722,-0.8568115,-0.06971741,-10.206787
2018-10-03 22:01:52,30741,-1.9761047,-0.027816772,-10.400711
2018-10-03 22:01:52,30761,-2.8248596,-1.6738281,-12.727875
2018-10-03 22:01:52,30782,0.030227661,0.07752991,-11.395508
2018-10-03 22:01:53,30801,-2.9170227,-0.22653198,-10.8173065
2018-10-03 22:01:53,30821,-0.550354,-0.2181549,-8.535629
2018-10-03 22:01:53,30841,-1.3823395,-0.008666992,-10.12059
2018-10-03 22:01:53,30862,-0.8927307,0.46777344,-11.375153
2018-10-03 22:01:53,30881,-0.70718384,0.11463928,-9.58429
2018-10-03 22:01:53,30901,-0.60902405,0.49171448,-10.235519
2018-10-03 22:01:53,30922,-0.08589172,-1.0824738,-11.103409
2018-10-03 22:01:53,30941,-0.8220978,-0.43603516,-8.450638
2018-10-03 22:01:53,30961,-0.33607483,-0.2253418,-10.460571
2018-10-03 22:01:53,30982,-1.1441193,0.47016907,-11.745056
2018-10-03 22:01:53,31001,-0.37199402,-0.08169556,-9.751877
2018-10-03 22:01:53,31021,-1.7821808,-0.7377014,-11.038773
2018-10-03 22:01:53,31041,-1.3643951,0.30856323,-11.943771
2018-10-03 22:01:53,31062,-1.1644745,0.79937744,-10.318115
2018-10-03 22:01:53,31081,-1.549942,-0.0038757324,-7.8281403
2018-10-03 22:01:53,31101,-0.51924133,0.6018524,-7.6593475
2018-10-03 22:01:53,31122,-1.2805939,-0.38575745,-8.909119
2018-10-03 22:01:53,31141,0.043395996,-0.62039185,-9.428665
2018-10-03 22:01:53,31161,-1.9246368,0.0320282,-8.747513
2018-10-03 22:01:53,31182,-0.89393616,-0.9076843,-9.745895
2018-10-03 22:01:53,31201,-1.3811493,-0.9519806,-9.428665
2018-10-03 22:01:53,31221,-1.7666168,0.22357178,-9.919479
2018-10-03 22:01:53,31242,-0.39593506,-0.48391724,-9.905121
2018-10-03 22:01:53,31261,-1.0806732,-1.0214081,-8.152557
2018-10-03 22:01:53,31282,-1.4541779,-0.5006714,-10.510849
2018-10-03 22:01:53,31302,-0.9477997,-0.8801575,-9.956589
2018-10-03 22:01:53,31321,-0.37438965,0.14337158,-11.041168
2018-10-03 22:01:53,31341,0.14515686,-1.281189,-9.941025
2018-10-03 22:01:53,31361,-0.56591797,-1.7001648,-10.02243
2018-10-03 22:01:53,31382,-0.39952087,-0.029022217,-9.222763
2018-10-03 22:01:53,31401,-1.6792297,-0.6862335,-7.33374
2018-10-03 22:01:53,31422,-0.19242859,-1.7241058,-10.551544
2018-10-03 22:01:53,31441,-0.0056762695,-0.19062805,-12.555496
2018-10-03 22:01:53,31461,-1.0734863,-1.4703217,-11.667252
2018-10-03 22:01:53,31482,-0.8244934,-0.85621643,-10.417465
2018-10-03 22:01:53,31501,-0.69281006,-1.036972,-11.565491
2018-10-03 22:01:53,31521,-0.14813232,-0.026626587,-10.59584
2018-10-03 22:01:53,31542,-0.8639984,0.8759918,-11.638519
2018-10-03 22:01:53,31561,-0.2606659,-0.17745972,-9.6393585
2018-10-03 22:01:53,31582,0.21218872,0.11463928,-10.983704
2018-10-03 22:01:53,31601,-0.68084717,0.21998596,-9.261078
2018-10-03 22:01:53,31621,-0.8173218,-1.0501404,-10.816101
2018-10-03 22:01:53,31642,-0.9190674,0.4653778,-11.502045
2018-10-03 22:01:53,31661,-0.7335205,-0.48510742,-10.640137
2018-10-03 22:01:53,31681,-0.30734253,9.1552734E-4,-10.04158
2018-10-03 22:01:53,31702,-1.039978,-0.6395416,-10.868774
2018-10-03 22:01:53,31721,-1.297348,0.24751282,-8.976166
2018-10-03 22:01:53,31741,-2.0347595,-0.1451416,-11.403885
2018-10-03 22:01:53,31761,-1.2626343,0.039215088,-10.53598
2018-10-03 22:01:53,31782,-1.2003937,0.6066437,-8.842087
2018-10-03 22:01:54,31801,-0.8675995,-0.5102539,-10.521622
2018-10-03 22:01:54,31821,-0.9178772,0.5767212,-10.634155
2018-10-03 22:01:54,31842,-1.4350128,0.90112305,-8.791809
2018-10-03 22:01:54,31861,-0.6042328,-1.2428741,-8.792999
2018-10-03 22:01:54,31881,-1.510437,0.17687988,-10.255859
2018-10-03 22:01:54,31902,-1.0124359,-0.15351868,-11.510422
2018-10-03 22:01:54,31921,-1.1680603,0.7215576,-9.474152
2018-10-03 22:01:54,31941,-1.6121826,-0.4420166,-10.344452
2018-10-03 22:01:54,31962,0.084106445,0.6880493,-11.893494
2018-10-03 22:01:54,31981,-2.2227173,0.55755615,-7.3947906
2018-10-03 22:01:54,32002,-0.2606659,-1.1925964,-8.491333
2018-10-03 22:01:54,32021,-1.6756287,1.1213989,-9.1689
2018-10-03 22:01:54,32041,-1.7402802,-0.14035034,-10.528809
2018-10-03 22:01:54,32062,-0.99687195,-1.0261993,-7.8640594
2018-10-03 22:01:54,32082,-1.0052643,0.23434448,-11.043549
2018-10-03 22:01:54,32101,-0.45819092,-0.98669434,-10.399521
2018-10-03 22:01:54,32122,-0.9394226,0.7945862,-7.3732452
2018-10-03 22:01:54,32141,-1.7534485,-0.48989868,-11.692383
2018-10-03 22:01:54,32162,-0.4091034,1.0866852,-10.86998
2018-10-03 22:01:54,32182,-0.8053436,0.7179718,-8.910324
2018-10-03 22:01:54,32201,-1.3727722,-0.29716492,-9.761459
2018-10-03 22:01:54,32222,-1.1417236,0.54678345,-11.261429
2018-10-03 22:01:54,32241,-1.4194489,0.18765259,-11.630142
2018-10-03 22:01:54,32261,-0.8436432,0.87957764,-9.623795
2018-10-03 22:01:54,32282,-0.30256653,-0.7640381,-10.35762
2018-10-03 22:01:54,32301,-1.455368,-0.13674927,-9.134186
2018-10-03 22:01:54,32322,-0.8999176,0.016479492,-9.623795
2018-10-03 22:01:54,32341,-1.0746918,-0.6946106,-12.019196
2018-10-03 22:01:54,32362,-0.92025757,0.43426514,-11.978485
2018-10-03 22:01:54,32381,-0.47254944,-0.6167908,-9.70639
2018-10-03 22:01:54,32401,-0.44621277,-0.31871033,-9.135376
2018-10-03 22:01:54,32421,-1.4386139,-0.12597656,-9.923065
2018-10-03 22:01:54,32441,-1.079483,-0.3043518,-10.626968
2018-10-03 22:01:54,32462,-1.6971893,0.1002655,-10.112213
2018-10-03 22:01:54,32481,-0.7598572,0.21279907,-10.527603
2018-10-03 22:01:54,32501,-0.8400574,0.4833374,-11.214737
2018-10-03 22:01:54,32521,-1.2913666,-0.5988312,-10.160095
2018-10-03 22:01:54,32541,-0.7526703,0.30856323,-9.689636
2018-10-03 22:01:54,32562,-1.7773895,-1.4918823,-10.897507
2018-10-03 22:01:54,32581,0.18226624,0.9154968,-9.129395
2018-10-03 22:01:54,32601,-0.55155945,-1.1435242,-11.095032
2018-10-03 22:01:54,32621,-0.1960144,0.2666626,-9.252701
2018-10-03 22:01:54,32642,-0.13256836,-0.23132324,-11.512817
2018-10-03 22:01:54,32661,-0.61979675,-0.4719391,-10.0308075
2018-10-03 22:01:54,32681,-0.4306488,-0.17625427,-9.619003
2018-10-03 22:01:54,32701,-0.8244934,-1.6439056,-12.061096
2018-10-03 22:01:54,32721,-0.9621582,0.6581116,-10.636536
2018-10-03 22:01:54,32742,-0.8017578,-0.75205994,-10.334869
2018-10-03 22:01:54,32761,-1.0818787,-0.046966553,-11.486481
2018-10-03 22:01:54,32782,-0.9992676,0.21040344,-10.7382965
2018-10-03 22:01:55,32801,-0.64852905,-0.24449158,-11.172836
2018-10-03 22:01:55,32821,-0.76464844,-0.6838379,-10.909485
2018-10-03 22:01:55,32842,-0.4988861,0.059570312,-10.684433
2018-10-03 22:01:55,32861,-0.33847046,-1.0333862,-10.581482
2018-10-03 22:01:55,32882,-0.8400574,-0.08288574,-8.4769745
2018-10-03 22:01:55,32902,-1.0830688,-0.32829285,-10.314514
2018-10-03 22:01:55,32921,-1.1704559,-0.16070557,-8.997711
2018-10-03 22:01:55,32942,-1.4972687,-0.29956055,-11.6792145
2018-10-03 22:01:55,32961,-0.6509247,-0.90649414,-10.273819
2018-10-03 22:01:55,32982,0.18824768,-0.89572144,-9.695618
2018-10-03 22:01:55,33001,-0.64971924,-0.54615784,-10.637741
2018-10-03 22:01:55,33021,-1.0854645,-0.16908264,-9.451416
2018-10-03 22:01:55,33042,-1.099823,-0.9220581,-11.843216
2018-10-03 22:01:55,33061,-0.6652832,0.054779053,-11.407471
2018-10-03 22:01:55,33081,-0.5958557,-0.5689087,-8.576324
2018-10-03 22:01:55,33102,-0.90948486,-0.38575745,-9.617813
2018-10-03 22:01:55,33121,-0.96455383,0.8987427,-9.772232
2018-10-03 22:01:55,33142,-1.0986328,-0.47433472,-9.14975
2018-10-03 22:01:55,33161,-0.5252228,-0.24090576,-8.462601
2018-10-03 22:01:55,33181,-1.1213837,0.48573303,-8.778641
2018-10-03 22:01:55,33202,-1.1692657,-0.6467285,-9.556763
2018-10-03 22:01:55,33221,-0.5683136,0.60543823,-10.716751
2018-10-03 22:01:55,33241,-0.9884949,0.698822,-11.217133
2018-10-03 22:01:55,33262,-0.066726685,0.10386658,-8.249527
2018-10-03 22:01:55,33281,-0.37438965,-1.3338623,-13.06665
2018-10-03 22:01:55,33301,-0.9681549,0.13977051,-10.975327
2018-10-03 22:01:55,33322,-0.7454834,-0.815506,-11.344025
2018-10-03 22:01:55,33341,-0.23912048,-0.34146118,-10.650909
2018-10-03 22:01:55,33361,-0.3037567,-1.0298004,-9.88356
2018-10-03 22:01:55,33382,-0.20439148,-1.0788727,-9.96138
2018-10-03 22:01:55,33401,-0.25706482,-1.0453491,-10.646118
2018-10-03 22:01:55,33421,-0.77900696,-0.15950012,-11.698364
2018-10-03 22:01:55,33442,-0.33488464,-1.0058594,-10.761047
2018-10-03 22:01:55,33461,-1.3967133,0.5886841,-9.628586
2018-10-03 22:01:55,33481,-0.9334259,-1.8629761,-10.203186
2018-10-03 22:01:55,33502,0.19543457,-0.20379639,-9.54599
2018-10-03 22:01:55,33521,-1.1046143,0.057174683,-8.540421
2018-10-03 22:01:55,33541,0.108047485,-1.0549316,-8.983353
2018-10-03 22:01:55,33562,-0.29179382,-0.12597656,-8.061584
2018-10-03 22:01:55,33581,-0.45698547,-1.5541229,-10.705978
2018-10-03 22:01:55,33601,-0.21636963,0.13378906,-8.345291
2018-10-03 22:01:55,33621,-0.16848755,-0.5904541,-10.670059
2018-10-03 22:01:55,33642,-0.2786255,-0.52700806,-9.793777
2018-10-03 22:01:55,33661,-0.92744446,0.5228424,-9.262268
2018-10-03 22:01:55,33681,-0.7837982,-1.4451904,-9.938629
2018-10-03 22:01:55,33702,-1.3380585,1.114212,-10.261856
2018-10-03 22:01:55,33721,-0.9334259,-0.86938477,-12.806885
2018-10-03 22:01:55,33741,-1.4266357,-0.061340332,-9.593872
2018-10-03 22:01:55,33761,-1.3344574,-0.878952,-11.658859
2018-10-03 22:01:55,33782,-0.7155609,0.619812,-12.7183075
2018-10-03 22:01:56,33801,-1.3596039,-0.5078583,-12.368744
2018-10-03 22:01:56,33822,-1.2315063,-0.345047,-12.154465
2018-10-03 22:01:56,33841,-1.0112457,0.1756897,-12.682388
2018-10-03 22:01:56,33862,-0.21157837,-0.20259094,-13.996811
2018-10-03 22:01:56,33881,0.29240417,-0.011062622,-10.841248
2018-10-03 22:01:56,33901,0.120010376,0.015274048,-10.264236
2018-10-03 22:01:56,33922,0.40971375,-0.87657166,-10.966934
2018-10-03 22:01:56,33942,-0.2032013,-1.1722565,-9.958984
2018-10-03 22:01:56,33961,-0.8113251,-1.1147919,-8.011307
2018-10-03 22:01:56,33982,-0.19482422,-1.5601044,-9.902725
2018-10-03 22:01:56,34001,-0.21876526,-0.18104553,-8.585907
2018-10-03 22:01:56,34021,-0.8711853,-1.2704163,-11.925827
2018-10-03 22:01:56,34041,-0.56114197,0.16131592,-10.065521
2018-10-03 22:01:56,34062,-1.9892731,-0.597641,-10.404297
2018-10-03 22:01:56,34081,-0.55874634,-2.1526794,-9.2634735
2018-10-03 22:01:56,34102,-0.5144501,0.08590698,-9.472961
2018-10-03 22:01:56,34121,-0.6066284,-0.9304352,-9.66449
2018-10-03 22:01:56,34141,0.26486206,-0.92803955,-8.640976
2018-10-03 22:01:56,34161,-0.05355835,-1.5900421,-9.90033
2018-10-03 22:01:56,34182,-1.1058197,-1.9048767,-10.775406
2018-10-03 22:01:56,34202,-1.0722961,-0.49468994,-10.241501
2018-10-03 22:01:56,34221,-0.19961548,-1.7648163,-10.067917
2018-10-03 22:01:56,34241,-1.5116272,-0.7029877,-8.330933
2018-10-03 22:01:56,34261,-1.0567322,-1.2692108,-11.413467
2018-10-03 22:01:56,34282,-2.0814514,-0.27442932,-10.155304
2018-10-03 22:01:56,34301,-1.1752472,-0.53538513,-9.313751
2018-10-03 22:01:56,34321,-1.2997437,-1.0453491,-11.397903
2018-10-03 22:01:56,34342,-0.37438965,-1.6846008,-10.3624115
2018-10-03 22:01:56,34361,-1.2746124,-1.0788727,-10.981308
2018-10-03 22:01:56,34381,-1.5475464,-0.9519806,-9.613022
2018-10-03 22:01:56,34402,-1.2207336,-1.2799835,-10.289383
2018-10-03 22:01:56,34421,-1.4828949,0.10147095,-10.939407
2018-10-03 22:01:56,34441,-0.9334259,-0.56651306,-12.860748
2018-10-03 22:01:56,34462,-1.3356628,-0.6467285,-11.842026
2018-10-03 22:01:56,34481,-0.76942444,-1.5002594,-10.972931
2018-10-03 22:01:56,34502,-0.7371063,0.26068115,-10.836456
2018-10-03 22:01:56,34521,-1.3416443,-1.3494263,-11.650482
2018-10-03 22:01:56,34542,0.7389221,0.046401978,-12.073059
2018-10-03 22:01:56,34561,-0.27023315,-1.4942627,-10.73111
2018-10-03 22:01:56,34582,-0.33607483,-1.2548523,-10.509644
2018-10-03 22:01:56,34601,-0.8220978,-0.6946106,-11.394302
2018-10-03 22:01:56,34622,-1.728302,-1.6115875,-10.944199
2018-10-03 22:01:56,34641,-1.6816254,-0.70059204,-8.904343
2018-10-03 22:01:56,34662,-2.052719,-0.30314636,-9.437042
2018-10-03 22:01:56,34682,-1.7773895,-1.1255646,-11.316498
2018-10-03 22:01:56,34701,-1.000473,-0.86698914,-11.290161
2018-10-03 22:01:56,34721,-1.5463562,-0.75205994,-13.201935
2018-10-03 22:01:56,34742,-1.1369476,-0.33187866,-13.067856
2018-10-03 22:01:56,34761,-1.4733276,0.65452576,-12.250229
2018-10-03 22:01:56,34782,-2.3903046,1.0244293,-11.490082
2018-10-03 22:01:57,34801,-1.2913666,0.70240784,-12.355576
2018-10-03 22:01:57,34821,0.9843292,0.54559326,-10.954971
2018-10-03 22:01:57,34842,0.045791626,1.327301,-10.185242
2018-10-03 22:01:57,34861,0.57611084,1.153717,-10.947784
2018-10-03 22:01:57,34881,3.453949,0.3025818,-11.006439
2018-10-03 22:01:57,34901,4.6773834,-0.40011597,-11.652878
2018-10-03 22:01:57,34922,5.984619,-0.95796204,-11.752243
2018-10-03 22:01:57,34941,7.17453,-1.9204407,-11.95694
2018-10-03 22:01:57,34961,9.159317,-3.6310883,-10.733505
2018-10-03 22:01:57,34981,9.641754,-3.942337,-9.081512
2018-10-03 22:01:57,35002,10.049973,-3.4898376,-6.6909027
2018-10-03 22:01:57,35021,9.634567,-3.0971832,-4.597168
2018-10-03 22:01:57,35041,8.530853,-2.5764465,-4.0345306
2018-10-03 22:01:57,35062,7.9035645,-1.8881226,-3.5604858
2018-10-03 22:01:57,35081,6.8692627,-1.5205994,-4.0728455
2018-10-03 22:01:57,35101,5.490204,-1.4296265,-3.5209808
2018-10-03 22:01:57,35122,4.889267,-2.0988007,-1.1495209
2018-10-03 22:01:57,35141,3.7328644,-1.9515686,1.3093262
2018-10-03 22:01:57,35161,3.2121277,-1.744461,2.8260498
2018-10-03 22:01:57,35182,2.3562012,-1.6079865,4.0782166
2018-10-03 22:01:57,35201,2.4244385,-1.9240265,5.377075
2018-10-03 22:01:57,35221,2.8601837,-2.2819672,7.051819
2018-10-03 22:01:57,35241,3.4707031,-2.7344666,8.270462
2018-10-03 22:01:57,35261,1.8019409,-1.2093658,3.668808
2018-10-03 22:01:57,35282,1.0094604,-1.6977692,4.807251
2018-10-03 22:01:57,35301,2.153885,-1.949173,18.084305
2018-10-03 22:01:57,35321,0.3761902,-2.4699097,5.119705
2018-10-03 22:01:57,35342,2.9379883,-1.7803802,7.96521
2018-10-03 22:01:57,35361,1.9731293,-0.94958496,9.460388
2018-10-03 22:01:57,35381,-0.2714386,-0.0769043,8.627213
2018-10-03 22:01:57,35402,1.0393829,-0.73172,8.792404
2018-10-03 22:01:57,35421,1.3961182,-0.46954346,11.40448
2018-10-03 22:01:57,35442,1.7660217,-0.3043518,13.44194
2018-10-03 22:01:57,35461,1.2979584,-0.5198364,13.255203
2018-10-03 22:01:57,35482,-8.8500977E-4,-0.36779785,11.927612
2018-10-03 22:01:57,35501,-1.0100403,0.288208,10.63475
2018-10-03 22:01:57,35522,-1.3117218,0.1972351,9.204208
2018-10-03 22:01:57,35541,-0.8388672,0.5479889,8.523056
2018-10-03 22:01:57,35561,0.20739746,1.0675201,9.552567
2018-10-03 22:01:57,35582,0.0038909912,1.0052795,10.248077
2018-10-03 22:01:57,35601,-0.60902405,0.9597931,9.996689
2018-10-03 22:01:57,35621,-0.6952057,1.1884308,9.327515
2018-10-03 22:01:57,35642,-0.6569061,1.1596985,8.955215
2018-10-03 22:01:57,35661,-0.64852905,1.1417542,8.824722
2018-10-03 22:01:57,35682,-0.78619385,0.95500183,9.611221
2018-10-03 22:01:57,35701,-0.91667175,0.6102295,9.906906
2018-10-03 22:01:57,35721,-1.407486,1.0148468,11.833038
2018-10-03 22:01:57,35742,-1.3991089,1.1022491,10.349838
2018-10-03 22:01:57,35761,-1.2015839,1.406311,8.378204
2018-10-03 22:01:57,35781,-1.4852905,1.5547485,7.559387
2018-10-03 22:01:58,35801,-0.9501953,1.7007904,8.072952
2018-10-03 22:01:58,35822,-0.16848755,1.48172,10.285187
2018-10-03 22:01:58,35841,0.082901,1.655304,11.493057
2018-10-03 22:01:58,35861,0.21818542,1.7235413,11.127945
